source,target
1,5
1,14
1,67
4,70
5,37
6,74
6,96
8,93
11,4
12,73
13,98
15,0
16,95
19,22
19,68
19,88
21,87
22,17
22,71
25,24
25,29
25,48
25,62
28,2
30,94
31,43
31,59
32,26
32,38
32,42
32,85
34,20
34,27
34,66
36,45
36,48
38,31
38,46
41,89
43,53
44,35
44,39
45,60
45,77
46,89
47,90
51,54
52,74
54,8
54,16
56,75
57,47
59,10
61,33
62,65
62,92
63,18
64,97
65,23
65,33
65,58
65,79
65,82
67,50
67,64
67,84
70,2
70,6
73,15
73,63
76,80
77,49
80,1
81,9
81,30
81,36
82,43
83,3
83,75
83,78
86,13
86,39
86,83
87,72
88,25
88,55
89,69
90,34
91,7
91,8
95,81
96,58
97,28
97,40
97,87
98,0
98,27
98,46
99,56
