source,target
0,3
0,8
0,56
0,77
2,1
4,22
4,76
5,45
5,52
5,96
7,2
8,65
9,39
10,59
11,18
11,44
11,70
12,78
13,32
17,5
19,4
22,66
23,34
25,20
25,48
25,66
26,92
27,90
28,23
29,67
30,49
31,95
32,57
32,98
33,50
33,62
35,0
36,29
37,17
37,33
38,3
39,34
40,70
41,20
44,41
45,94
47,85
47,99
51,88
52,97
53,83
55,26
56,86
58,37
60,14
60,30
61,64
63,73
65,2
65,11
65,23
65,74
65,80
67,61
67,84
68,43
68,53
69,10
71,30
71,81
73,9
73,15
73,16
75,24
75,56
78,47
78,53
78,58
79,19
79,72
80,54
80,61
82,31
87,82
89,13
90,80
91,6
91,55
92,28
93,42
94,21
95,59
95,96
96,51
97,25
97,60
98,35
98,42
98,46
