source,target
0,31
0,56
1,54
3,32
4,60
5,2
5,70
7,49
8,0
9,3
10,95
13,42
13,86
16,41
18,20
19,46
19,62
19,98
22,28
25,24
25,40
25,48
26,38
27,12
28,92
29,7
34,14
35,44
36,45
37,33
37,64
37,78
39,34
40,68
41,18
42,83
44,63
46,38
46,69
47,85
48,3
51,55
53,43
53,78
55,70
56,75
56,99
58,20
58,37
60,6
61,92
63,77
64,21
64,84
65,23
65,97
66,65
67,45
67,91
68,13
71,47
71,80
72,87
73,15
73,16
73,57
73,81
74,58
74,65
74,91
77,54
77,61
79,72
81,11
82,30
82,79
83,53
83,59
84,1
84,14
84,29
84,52
85,87
85,88
88,19
88,51
89,10
90,94
93,50
93,55
94,36
94,60
95,27
95,96
97,17
98,12
98,35
98,76
99,73
