source,target
0,77
2,88
5,70
8,3
10,89
11,9
11,48
12,73
13,24
14,83
15,95
19,69
21,23
21,76
21,84
22,47
22,92
24,19
24,75
24,78
25,7
26,3
27,38
29,25
29,64
30,21
30,94
31,12
31,81
32,31
33,61
34,18
34,63
36,29
37,74
37,90
38,32
38,86
39,34
39,85
41,15
44,16
44,41
50,8
50,20
51,91
52,62
53,8
53,43
54,10
56,0
56,17
56,44
57,70
60,6
63,49
63,56
63,59
63,66
64,19
64,28
64,71
64,80
64,92
65,11
65,39
65,84
67,4
67,13
68,42
68,82
68,93
69,46
72,11
73,72
74,1
74,55
74,58
74,91
77,45
78,83
79,37
79,60
83,35
84,50
84,97
88,1
89,75
91,61
92,55
93,62
93,67
94,87
95,36
95,99
96,5
96,65
97,40
98,53
