source,target
0,3
0,15
0,83
1,74
5,17
6,70
9,81
13,68
15,38
17,79
19,22
19,25
20,6
20,41
21,85
22,64
25,4
25,13
25,24
27,72
27,94
28,80
30,18
33,55
35,69
37,58
38,86
38,98
39,9
42,93
43,31
43,56
43,59
44,86
46,26
46,32
46,53
47,30
48,7
48,40
48,96
49,63
50,2
50,20
51,61
53,78
55,37
55,91
56,16
56,34
56,75
57,10
57,73
62,8
62,67
63,31
64,1
64,66
64,90
65,25
65,36
65,82
67,13
67,61
68,42
68,81
70,14
70,92
71,19
74,21
74,23
74,84
75,69
77,0
77,34
78,11
78,60
78,62
79,45
79,65
80,90
82,29
84,52
85,47
87,97
88,7
89,60
90,99
91,51
92,28
94,30
95,99
96,2
97,40
98,10
98,12
98,46
98,54
98,76
