source,target
2,1
2,5
4,11
4,65
5,17
5,70
5,71
6,14
8,33
9,56
10,46
10,91
11,48
11,94
12,41
13,38
13,47
13,68
15,83
16,15
18,20
18,28
19,22
19,79
19,98
23,62
24,4
25,47
26,35
27,34
28,45
28,51
30,22
32,53
32,78
33,50
33,89
34,63
36,95
38,69
38,73
38,81
44,0
44,56
45,37
45,97
48,40
49,81
52,25
52,29
52,67
54,77
54,80
57,12
57,85
59,24
61,37
62,70
62,74
63,31
63,44
63,66
64,92
64,93
66,13
68,19
69,3
69,89
71,6
71,64
73,39
73,57
73,83
74,21
76,98
78,88
79,72
80,43
80,76
82,51
83,35
83,42
83,86
84,1
87,96
88,2
88,55
89,75
90,14
90,99
91,7
91,36
94,58
94,87
95,27
96,6
96,18
97,10
97,60
