source,target
0,31
0,38
1,54
1,58
3,9
4,70
5,17
5,63
6,37
7,2
7,6
9,16
10,46
11,81
12,20
12,41
12,57
14,34
14,83
19,8
19,69
20,18
21,74
21,76
24,59
26,3
26,96
27,72
29,7
29,11
30,22
32,3
32,15
32,47
34,90
37,97
38,95
41,15
43,42
43,56
43,82
44,56
44,95
45,28
45,29
45,80
47,5
47,97
48,25
49,30
50,84
51,62
53,27
55,78
55,88
55,93
56,27
56,39
57,59
58,64
58,65
61,33
62,23
62,25
62,52
63,49
63,66
63,73
64,62
64,67
64,79
65,61
66,43
68,19
68,40
69,13
69,75
70,85
72,86
74,45
74,91
75,71
77,0
82,51
82,68
83,78
83,98
84,65
85,87
87,94
88,89
91,92
94,11
94,36
94,60
98,35
98,46
98,53
99,16
