source,target
0,15
0,47
1,37
1,49
3,56
4,52
8,42
9,13
9,52
9,78
11,28
12,20
12,80
15,83
17,2
17,41
19,23
19,45
21,98
22,99
23,57
24,95
25,36
26,9
26,82
27,55
29,82
30,37
30,86
33,16
34,89
39,31
40,12
41,10
41,27
41,84
46,44
47,8
48,67
50,43
50,79
51,28
51,67
51,69
51,85
51,90
51,94
53,32
53,74
53,84
54,51
54,95
55,3
55,30
55,31
55,65
56,35
57,73
57,74
59,71
60,46
62,18
62,19
63,66
64,92
66,58
66,81
66,88
69,68
70,6
70,21
71,32
72,4
75,38
76,0
78,7
78,96
79,40
79,92
80,26
81,14
83,93
84,22
84,61
86,16
86,77
86,97
87,14
88,34
93,87
94,5
94,22
95,91
96,25
96,53
96,75
97,81
98,17
98,44
