source,target
0,62
2,90
3,61
6,21
7,93
8,52
9,66
10,22
10,89
10,99
12,16
12,38
12,73
12,95
13,17
15,56
17,41
17,44
18,27
20,2
21,26
21,42
21,84
22,79
25,1
25,59
25,82
30,37
30,78
33,19
38,23
40,12
41,18
41,84
42,8
43,44
45,19
46,35
46,36
47,15
48,33
48,71
48,81
49,20
49,39
50,43
51,5
51,28
51,30
51,85
53,32
54,69
56,3
56,35
56,87
57,47
57,53
57,74
58,10
58,80
60,31
63,34
63,55
64,91
65,27
66,24
66,74
67,23
67,72
70,72
71,29
75,49
75,71
75,83
76,77
77,86
78,7
78,34
78,68
82,26
82,62
84,60
86,53
86,54
87,14
87,97
88,58
88,61
89,11
90,51
90,67
91,4
91,32
92,64
93,88
94,11
96,31
98,55
99,6
