source,target
0,51
1,30
2,20
3,56
3,60
4,52
5,24
5,76
5,88
6,66
9,78
10,22
10,34
12,16
12,38
17,2
17,82
18,59
18,65
19,7
19,11
19,31
19,33
19,45
20,81
21,22
22,62
23,19
23,38
24,61
25,96
26,9
26,21
27,18
28,75
29,37
29,64
30,55
30,66
32,46
32,91
32,97
34,36
34,89
37,94
40,12
42,8
42,29
43,44
43,50
44,46
45,87
47,15
48,53
48,58
48,71
48,81
49,39
51,5
51,10
51,85
52,26
54,86
55,27
55,98
56,13
56,83
57,74
57,79
57,92
58,5
58,77
60,14
66,63
67,25
68,23
68,93
69,68
72,36
74,86
79,49
80,72
80,73
83,15
83,35
83,93
84,61
87,95
89,41
89,67
89,70
90,40
91,64
94,28
95,0
96,42
98,69
99,6
99,49
