source,target
0,76
1,99
2,40
3,34
3,57
4,80
7,93
9,23
10,60
12,31
13,8
14,9
15,83
17,89
18,94
19,7
19,33
19,45
20,44
21,30
21,70
21,74
21,80
21,84
22,92
24,57
24,65
26,52
26,58
31,39
31,63
32,66
41,18
43,46
44,43
45,81
45,86
46,88
47,8
47,12
48,28
49,20
50,13
51,0
51,55
52,42
55,23
55,27
55,34
55,64
57,53
57,96
58,5
58,51
58,85
59,25
60,79
60,84
62,11
62,59
62,82
63,36
65,47
65,71
66,3
66,74
66,86
67,48
67,90
68,78
70,6
72,22
72,46
75,35
77,76
78,73
80,73
82,29
82,90
83,56
83,61
86,16
86,54
87,0
87,38
87,56
87,75
89,67
90,40
91,25
92,24
92,99
94,30
94,37
95,48
95,87
97,81
98,32
98,69
