source,target
0,90
2,40
4,22
5,24
5,76
7,84
9,63
12,16
12,31
17,82
20,49
21,44
22,11
22,67
23,57
24,73
24,95
27,99
28,94
30,37
31,19
31,39
31,55
31,72
31,92
33,75
35,46
36,46
36,70
38,12
38,75
40,22
42,29
42,52
43,44
44,94
45,90
48,53
50,79
51,5
51,18
51,69
51,85
52,8
52,26
52,80
53,62
53,74
53,77
53,84
55,79
58,85
58,88
59,71
60,20
60,51
63,66
66,6
66,58
67,47
68,23
68,50
69,54
71,48
74,30
76,96
77,20
78,34
78,60
80,4
80,38
81,14
82,26
82,64
83,15
83,35
83,93
84,41
86,28
87,13
87,89
88,3
88,10
88,61
89,10
89,32
90,25
91,4
92,21
93,68
95,98
97,0
97,56
97,81
97,87
98,1
98,17
98,65
99,49
