source,target
2,20
3,11
5,40
5,66
7,84
8,13
8,75
9,26
12,31
12,48
12,73
15,83
17,2
18,59
18,94
19,33
19,52
20,14
21,6
21,26
21,58
22,92
24,76
25,34
25,91
27,18
29,82
30,74
30,78
30,89
31,39
33,16
33,62
35,56
35,83
36,63
37,29
38,68
38,80
40,22
41,44
41,79
42,21
46,32
46,60
46,72
48,28
48,81
49,1
50,13
50,43
53,62
53,97
55,31
56,3
56,47
57,3
58,85
59,7
59,49
59,96
60,34
60,51
61,99
63,66
64,82
65,24
65,71
67,0
67,23
67,47
68,87
69,98
70,6
72,4
72,81
74,57
75,38
76,5
81,54
82,90
84,41
84,53
84,60
86,69
87,45
87,93
88,46
88,58
92,41
92,64
93,88
95,12
95,14
97,86
98,30
99,10
99,27
99,77
