source,target
0,15
2,40
4,91
5,10
5,24
5,76
6,63
6,99
11,19
11,67
12,16
12,80
13,8
13,9
13,50
14,20
18,74
19,23
19,47
19,78
20,2
20,49
22,4
23,72
25,67
26,21
27,64
28,34
28,48
29,37
30,78
31,92
32,46
32,91
40,12
40,79
41,18
42,52
45,44
46,23
46,36
46,43
46,60
48,71
49,39
51,27
51,54
51,85
52,26
55,21
55,58
56,97
58,5
58,36
59,55
59,96
60,14
61,3
61,88
62,33
62,82
63,66
64,59
65,24
66,30
68,38
69,54
70,89
73,7
73,47
74,98
75,35
76,77
78,34
79,89
82,17
83,56
84,53
84,61
86,16
87,5
87,13
87,68
87,75
87,95
88,83
89,90
90,82
92,41
92,57
93,68
94,51
97,0
97,81
97,87
98,1
98,29
98,32
98,44
