source,target
0,47
1,25
1,37
2,40
3,88
4,22
5,51
5,87
6,74
7,93
8,42
9,26
9,66
9,85
11,48
12,38
12,67
12,73
12,81
12,95
13,56
14,81
16,33
17,98
18,59
19,62
20,28
20,67
21,44
21,74
22,41
23,38
24,76
25,90
27,54
29,45
30,1
30,21
31,39
31,94
32,53
34,36
34,78
35,46
35,75
41,58
42,29
42,96
43,46
44,16
46,72
47,19
48,12
48,53
48,71
49,40
49,99
51,18
51,54
52,92
53,62
53,97
54,69
55,32
56,35
58,10
58,55
58,63
60,78
61,88
61,89
62,64
73,7
73,24
73,80
74,66
74,99
75,8
77,29
79,50
79,60
83,15
84,61
86,77
87,14
87,68
88,83
89,11
89,70
89,79
90,82
91,95
92,21
92,57
93,13
94,30
96,31
98,51
99,65
