source,target
0,11
0,15
0,74
0,76
0,77
1,25
1,37
2,20
2,90
4,22
4,91
5,31
5,49
7,73
8,13
8,42
10,19
10,32
11,62
12,38
16,28
18,10
20,60
23,9
24,14
24,61
27,41
29,77
29,99
30,78
31,39
32,91
36,76
37,4
38,80
40,12
41,17
41,44
44,46
45,29
45,82
45,87
46,43
46,88
49,85
50,13
51,30
52,92
53,86
55,7
55,34
55,59
55,64
56,3
57,73
60,79
60,84
63,55
65,6
66,2
66,18
68,23
68,69
68,87
68,93
69,98
70,21
71,65
72,23
72,24
73,78
74,57
75,28
75,33
75,47
75,83
80,26
81,54
81,95
82,26
83,35
86,74
87,56
87,75
87,95
88,66
89,67
89,90
92,79
94,5
95,48
96,21
96,42
96,58
96,75
97,0
99,6
99,27
99,49
