source,target
1,49
2,20
3,96
4,52
5,49
5,58
5,87
6,70
8,42
9,14
10,41
11,19
12,75
12,80
13,50
13,93
14,20
14,60
15,56
15,83
17,82
18,10
18,27
19,33
19,45
19,62
19,74
19,78
21,26
21,42
21,44
21,84
22,11
22,55
22,72
23,38
23,72
25,90
28,23
29,7
29,99
30,21
31,80
32,94
35,46
35,56
36,46
36,66
40,2
41,22
42,96
44,43
45,81
46,21
47,65
47,73
48,71
49,39
49,79
51,28
51,67
51,69
54,69
57,74
59,64
60,17
61,88
61,99
63,34
64,82
65,6
71,29
73,24
74,53
75,32
76,36
79,50
79,92
80,4
81,66
81,95
81,97
85,58
86,16
86,54
86,77
87,9
87,68
89,30
89,34
90,40
91,25
92,37
94,5
95,12
97,0
98,18
98,29
99,65
