source,target
0,47
0,87
0,95
1,30
2,40
3,11
4,37
4,73
4,91
5,31
6,63
6,70
6,74
9,13
9,14
10,89
11,94
15,47
16,12
16,28
16,33
16,44
17,60
18,62
19,62
21,92
22,84
23,38
23,68
24,58
26,82
27,99
29,98
30,10
30,37
30,78
31,39
36,34
36,48
39,49
41,79
42,96
43,50
44,21
44,22
45,90
46,35
48,71
48,95
49,40
49,85
51,41
51,54
51,67
52,4
56,35
57,23
57,53
58,80
59,25
59,34
59,96
60,46
60,53
61,88
63,66
65,71
66,18
66,81
68,50
68,87
68,93
75,8
75,49
76,36
77,20
78,9
80,67
80,72
81,45
83,75
84,64
86,16
88,3
89,11
89,17
89,79
90,0
90,82
92,57
93,7
93,83
97,32
97,86
98,51
98,55
98,69
99,1
99,77
