source,target
0,97
1,37
1,130
1,134
2,141
3,90
3,137
4,78
5,38
5,43
5,59
5,180
8,74
8,92
9,120
9,197
10,59
12,104
13,14
13,56
17,4
17,13
17,93
19,150
20,86
21,137
25,122
26,98
26,132
27,31
27,107
27,113
32,107
33,168
34,47
36,138
37,62
37,69
39,142
39,192
41,19
43,39
43,88
44,35
45,60
46,129
46,169
46,194
47,119
49,24
49,190
50,13
51,81
51,148
53,40
53,99
53,182
54,106
55,1
55,98
56,117
57,25
57,116
57,183
58,100
59,145
59,185
65,24
68,115
68,116
68,140
69,136
70,22
70,38
71,159
73,9
73,67
75,152
75,189
77,18
77,49
78,26
79,186
80,160
84,171
85,122
85,179
86,76
86,79
86,114
87,44
87,71
89,50
91,56
94,170
95,52
96,130
96,175
98,63
98,154
101,143
101,149
102,72
102,111
103,102
104,7
104,35
104,55
105,54
107,30
108,11
108,29
108,46
109,135
111,64
111,167
111,184
112,94
112,186
115,191
116,23
119,155
120,95
121,151
121,189
122,110
123,133
125,70
125,195
126,128
127,103
128,10
130,42
130,61
131,132
133,27
133,198
134,124
134,147
135,156
135,190
136,68
136,150
138,15
138,146
140,6
140,27
140,174
141,96
141,106
142,58
144,167
146,12
146,139
146,157
146,170
146,171
149,75
149,81
151,33
152,91
153,71
153,97
154,118
155,140
156,162
158,173
160,53
161,83
161,158
161,182
165,109
166,142
167,95
169,17
172,187
173,21
173,144
173,176
176,163
178,87
181,101
182,8
183,66
183,164
186,82
187,92
188,16
188,60
188,194
191,165
192,108
193,57
193,144
196,18
197,177
198,48
199,0
199,28
