source,target
0,19
0,140
0,190
0,197
2,103
4,36
8,123
9,133
9,149
10,125
11,22
11,128
11,183
14,86
15,34
17,106
17,109
19,52
19,76
20,124
21,172
24,185
26,50
26,72
27,113
27,162
28,189
32,48
32,57
32,196
35,37
35,45
37,31
37,114
40,108
41,188
42,192
43,166
44,28
45,105
45,137
47,69
47,82
51,120
56,1
58,83
58,124
58,150
59,155
60,57
60,99
61,1
61,34
61,90
61,107
62,7
62,49
62,165
64,41
64,65
66,97
67,73
68,95
68,186
71,59
72,9
72,111
73,139
74,56
75,85
75,156
75,176
75,191
76,91
76,153
77,190
78,26
78,79
81,8
83,30
83,184
84,16
87,119
87,131
89,5
90,187
91,46
91,92
92,61
92,158
92,168
93,142
94,5
94,62
94,87
101,10
101,63
101,151
102,71
102,117
103,47
103,135
104,55
107,6
108,13
108,78
109,24
110,148
112,33
114,11
115,77
116,12
116,86
117,25
117,84
117,167
118,105
120,62
120,147
121,151
123,98
123,163
125,181
126,38
126,104
127,145
128,39
128,90
128,170
129,22
129,112
130,152
132,80
132,131
133,27
135,122
135,176
136,29
136,175
137,21
138,59
138,70
139,113
141,187
143,106
144,69
145,95
145,166
146,88
146,171
147,4
147,167
148,67
150,43
152,75
154,158
156,0
156,54
157,93
160,164
161,174
164,53
164,159
167,142
168,96
169,136
169,163
171,61
171,133
173,127
174,99
174,141
174,181
175,23
175,104
175,116
175,146
177,100
177,169
178,55
178,199
180,89
182,117
182,134
185,157
189,64
190,145
192,40
193,121
194,41
194,60
194,71
195,165
195,179
196,3
196,159
197,18
198,66
198,173
