source,target
1,56
1,75
3,5
5,126
5,175
8,156
12,55
12,76
13,63
14,43
17,13
17,93
18,61
18,122
19,136
20,19
21,97
21,100
21,141
22,11
22,53
22,73
23,85
24,108
26,69
27,190
28,41
29,24
29,98
29,192
30,23
30,65
32,99
32,115
32,132
33,99
33,151
34,79
34,149
36,4
37,31
37,58
37,195
38,157
41,16
41,25
41,154
42,192
43,153
46,14
51,103
53,59
53,103
54,131
55,96
57,72
57,194
59,119
59,189
60,170
61,113
62,60
62,114
63,26
67,146
68,86
68,142
69,180
75,140
75,156
75,160
75,197
76,22
77,74
78,1
78,95
79,52
81,27
83,9
83,15
84,108
84,117
85,105
87,35
87,120
87,135
89,127
89,150
91,0
91,188
92,80
92,133
93,44
94,145
95,20
101,183
102,78
104,7
104,138
104,176
105,121
107,74
108,40
109,138
109,179
111,4
111,64
111,187
112,116
112,164
114,17
114,186
117,2
117,49
117,196
118,39
118,158
119,39
119,174
120,62
121,54
121,152
123,163
123,185
123,198
124,68
125,3
125,88
125,171
126,38
127,173
128,57
130,42
132,81
133,169
134,50
136,155
137,65
139,6
139,21
139,47
139,177
139,184
140,148
141,92
142,90
142,166
145,166
146,29
146,71
146,106
146,168
147,37
149,1
152,91
153,87
154,182
155,40
156,159
157,28
157,66
161,67
161,174
161,195
162,36
165,147
167,9
167,68
167,89
168,10
168,144
169,124
172,143
173,93
176,122
177,36
178,55
178,199
180,45
180,104
181,45
181,110
182,116
182,161
183,179
185,48
185,129
188,82
188,184
190,164
191,60
193,84
194,46
195,70
196,107
196,134
196,167
198,58
199,143
