source,target
0,91
4,14
5,163
6,171
6,178
8,27
8,110
8,152
9,161
9,182
12,171
13,41
16,19
16,52
17,63
21,4
21,16
21,87
22,11
22,129
23,162
26,32
26,59
27,107
27,128
29,137
29,174
30,65
30,70
30,83
31,89
33,84
34,58
34,123
34,168
35,44
35,55
35,135
36,121
37,70
38,66
38,185
42,48
43,18
44,157
45,173
51,135
53,24
53,39
53,40
53,148
57,72
57,125
57,195
59,99
59,142
60,15
60,116
61,1
61,113
62,67
62,195
63,25
66,28
66,34
66,133
68,71
68,141
68,150
68,180
69,37
73,57
73,89
75,130
76,78
77,51
78,3
80,88
82,47
82,92
82,106
82,186
85,30
86,128
90,72
91,155
94,8
95,53
95,83
100,53
100,97
101,42
101,143
101,149
101,151
101,193
104,35
104,162
105,192
105,197
106,187
107,120
107,140
108,29
108,194
111,4
114,7
116,50
116,160
117,2
117,69
118,33
118,45
118,98
119,132
119,175
120,109
121,18
121,56
121,151
124,20
125,3
125,10
125,139
126,5
127,117
127,141
128,134
129,46
130,56
133,54
136,68
136,102
138,75
138,115
138,122
138,191
139,6
139,186
140,49
140,61
140,105
141,52
141,172
142,11
142,20
142,183
144,196
145,136
146,185
147,13
147,165
147,167
149,73
152,79
154,41
154,118
154,158
156,152
157,93
157,94
157,170
159,110
160,38
161,131
161,165
163,81
163,164
164,96
164,190
166,127
167,74
168,95
169,124
170,103
173,65
174,99
175,12
175,153
176,80
176,104
176,184
177,36
178,26
178,63
179,122
181,169
182,64
182,189
183,164
183,166
188,60
192,101
193,112
194,7
194,198
196,77
199,0
199,123
