source,target
0,152
0,190
1,44
1,84
1,176
1,188
2,30
5,31
9,50
9,149
10,69
11,128
13,3
13,63
16,124
17,40
18,197
19,71
20,95
20,179
22,73
25,187
26,1
26,82
26,111
26,178
27,81
29,62
29,100
30,83
31,199
32,48
32,107
34,61
34,141
34,151
35,96
36,113
37,132
38,189
41,13
43,53
43,153
43,189
44,99
44,122
45,144
46,79
46,108
46,129
47,119
47,136
51,54
52,117
52,188
53,29
53,67
54,106
55,104
57,165
58,150
60,128
61,6
61,149
62,101
63,26
64,41
65,172
66,97
66,133
68,167
69,33
69,181
70,157
71,59
72,4
72,60
72,102
72,186
74,56
76,120
77,40
77,198
80,33
81,48
81,85
82,94
83,184
85,140
85,156
87,12
87,153
88,68
88,175
89,127
91,19
95,83
95,159
96,146
100,116
101,147
102,21
102,136
103,138
103,143
103,145
104,176
105,199
106,144
107,113
108,131
109,22
109,121
109,180
110,196
112,186
114,66
114,137
115,23
115,60
116,47
118,45
119,59
119,64
120,191
121,8
121,93
122,31
122,77
122,197
123,51
125,134
126,74
129,24
131,87
131,95
132,32
133,27
134,62
136,182
138,49
138,90
138,158
139,73
139,177
141,39
142,69
142,183
146,170
146,185
148,22
148,46
151,155
153,7
153,45
153,86
154,98
154,148
155,140
156,74
156,163
157,94
158,72
158,78
160,15
160,16
161,70
162,36
163,42
163,171
164,93
165,109
166,80
168,154
169,124
171,88
171,152
173,92
173,111
174,34
175,75
175,103
175,191
176,172
183,99
185,25
185,89
187,76
188,14
189,28
190,135
191,130
192,194
193,38
194,125
195,15
195,57
196,179
198,58
