source,target
0,162
1,184
6,171
7,153
8,110
9,17
10,168
10,198
11,165
11,179
11,183
11,189
13,183
18,75
18,96
19,20
19,46
19,136
22,134
23,116
24,195
27,85
27,155
29,18
30,2
32,51
33,84
35,182
39,118
39,192
40,9
42,48
46,43
48,36
49,61
49,91
49,158
50,113
50,188
52,24
52,171
55,12
55,16
55,151
56,1
57,33
58,82
58,141
59,13
62,7
62,67
62,90
62,95
62,105
65,23
65,102
66,77
66,194
68,40
69,99
69,150
71,166
72,161
73,68
75,27
75,127
75,156
77,198
78,50
80,79
81,5
81,127
81,138
82,35
84,193
86,14
86,87
87,117
88,12
89,196
92,74
92,137
92,152
92,175
93,34
93,70
93,149
97,7
97,100
98,25
98,63
98,76
102,25
104,94
105,31
105,48
105,140
105,197
105,199
108,70
109,167
110,159
110,196
111,45
111,72
112,169
115,95
116,10
116,47
116,112
116,114
116,160
117,0
117,135
119,4
120,74
121,49
122,65
122,149
123,8
123,103
124,58
125,38
125,138
126,60
127,44
127,168
128,165
129,22
131,52
131,60
132,98
133,169
134,120
135,17
135,19
135,35
135,51
135,144
136,29
136,84
138,104
139,26
139,177
142,30
142,37
143,69
143,180
145,148
145,180
146,86
147,146
148,80
148,190
150,175
151,101
152,91
152,156
154,148
157,30
157,185
159,71
159,147
160,15
161,108
164,128
166,106
167,107
167,191
170,182
172,41
172,174
173,28
173,83
173,172
174,39
176,26
176,130
176,163
176,173
178,4
178,21
181,141
181,187
182,3
182,64
182,186
184,41
185,125
189,142
190,54
191,6
192,119
192,155
193,101
194,50
195,53
195,121
199,143
