source,target
0,113
6,0
6,140
8,74
9,4
11,78
12,111
13,3
13,4
13,17
13,69
15,83
19,20
19,80
20,100
20,145
20,179
21,158
23,65
23,159
23,168
24,49
25,79
29,19
30,90
30,163
31,10
31,85
33,185
34,1
35,183
37,132
38,58
39,68
40,106
41,16
43,81
44,29
45,47
46,13
46,14
46,169
48,42
49,92
52,64
52,117
52,183
53,99
54,18
54,34
55,86
55,96
55,104
58,126
59,5
59,112
61,171
62,7
62,30
62,120
62,135
63,41
66,108
66,166
68,95
68,116
69,1
69,33
69,87
69,128
69,143
71,175
75,3
76,153
76,187
78,182
81,48
81,156
82,26
84,193
85,122
86,12
87,138
89,43
90,38
92,2
92,61
92,77
92,176
93,124
94,136
95,167
97,103
98,25
100,47
100,125
101,62
102,44
102,50
102,180
102,188
105,23
107,59
108,83
108,93
109,134
110,123
111,45
112,53
112,67
112,136
113,184
115,27
116,188
117,26
117,149
118,119
118,177
119,155
120,51
121,55
122,110
124,194
125,31
126,5
126,129
126,160
127,89
129,46
130,42
131,115
132,105
133,56
134,128
134,192
135,189
138,36
139,184
139,186
140,191
141,198
142,160
144,52
147,146
147,174
148,192
151,96
152,2
153,11
153,117
154,98
154,113
154,137
155,40
155,91
155,133
155,141
156,190
157,28
157,70
157,107
158,161
158,173
159,57
161,70
162,6
162,27
162,199
163,150
165,195
166,88
167,74
168,32
168,39
168,73
168,103
170,109
172,72
172,143
174,110
175,138
178,97
181,76
182,22
182,170
185,79
185,102
189,114
190,148
193,181
194,9
195,121
196,60
196,131
196,164
197,122
198,16
198,157
198,176
