source,target
1,8
1,149
1,172
8,125
11,35
12,18
12,123
13,10
13,182
16,160
18,61
19,102
19,132
20,109
20,145
21,141
21,158
21,180
22,161
23,168
24,52
24,108
24,192
25,194
26,59
27,0
27,113
27,156
27,181
29,80
30,23
31,41
31,65
31,115
32,114
32,126
32,183
32,196
35,120
37,124
41,63
44,28
44,146
45,43
45,121
45,131
45,138
46,79
46,127
46,128
48,36
48,42
50,134
51,94
52,189
53,24
54,18
55,63
55,104
57,12
58,129
59,155
60,57
60,138
61,91
61,187
62,110
62,154
64,65
64,173
67,0
67,40
67,53
67,146
68,67
68,100
68,136
68,142
70,22
70,75
71,92
71,180
75,8
75,175
78,50
80,132
82,111
83,184
84,33
84,140
84,152
85,77
85,162
86,139
87,3
89,44
90,7
92,174
93,70
93,71
94,5
95,126
97,21
97,66
97,153
98,16
101,149
101,163
102,55
102,167
104,72
104,85
105,192
107,32
107,74
108,93
109,11
109,129
109,134
111,40
112,99
114,186
116,128
117,2
117,11
117,25
117,56
117,69
117,95
117,179
119,39
122,121
122,176
123,34
123,117
123,199
124,9
124,17
124,58
125,38
125,166
128,170
129,185
134,182
135,87
135,133
135,179
136,86
136,169
137,4
138,15
138,49
140,162
142,137
143,97
144,66
145,103
146,106
147,167
148,110
149,73
149,81
149,168
151,79
151,96
156,6
157,136
159,71
160,43
160,150
161,90
165,62
167,5
171,88
171,99
171,191
175,171
177,139
178,112
181,76
181,193
182,116
184,176
186,68
186,118
188,1
190,19
190,164
191,130
191,140
192,48
192,119
195,14
195,22
195,62
197,105
198,47
198,60
198,155
