source,target
0,97
1,176
2,141
3,5
3,122
4,116
4,144
7,153
8,57
8,74
8,107
8,123
9,149
9,167
10,183
11,33
11,35
11,87
12,98
13,41
13,69
18,43
19,80
20,106
23,115
23,168
24,129
25,19
25,79
25,188
27,0
27,81
32,99
34,31
34,151
34,188
35,37
36,140
38,17
38,127
38,180
40,26
40,119
41,55
43,88
43,140
43,189
45,134
45,137
47,84
47,148
48,32
49,51
51,39
51,54
51,58
53,40
60,104
62,29
62,77
63,178
64,4
66,101
66,147
67,116
68,58
68,124
68,150
68,186
68,198
69,10
69,50
69,143
69,181
70,75
71,194
72,50
72,76
73,163
75,23
75,176
75,191
78,4
80,24
80,68
80,166
81,33
81,175
82,14
83,173
86,147
89,13
89,44
93,148
99,47
100,47
100,89
101,108
102,86
105,122
108,161
110,159
110,182
111,187
113,85
115,30
117,28
117,66
117,149
120,91
121,56
121,91
121,109
122,94
123,152
123,157
127,145
127,185
128,72
129,22
130,49
131,30
131,126
133,121
135,195
136,71
137,65
137,92
137,114
137,192
138,62
139,40
139,73
142,65
146,6
148,103
153,29
154,98
154,118
155,64
156,85
157,38
159,95
160,16
160,52
160,70
160,132
161,18
161,46
161,158
162,21
163,8
163,42
163,164
164,170
169,112
169,177
171,52
171,96
172,21
173,28
174,76
175,184
177,36
178,6
178,139
179,131
181,3
182,11
182,62
182,104
182,126
183,109
183,117
184,12
184,111
184,113
185,24
185,82
187,25
187,90
187,92
187,106
187,172
189,64
190,61
192,59
192,125
193,12
195,15
195,165
195,179
196,3
197,9
197,190
198,2
198,100
198,194
199,105
