source,target
0,199
5,167
7,194
8,196
9,2
9,175
19,86
20,142
20,179
21,16
21,176
22,129
22,195
23,116
26,104
26,178
27,6
27,155
27,160
28,189
30,107
32,60
33,10
33,118
34,123
34,149
34,168
34,184
34,187
35,1
35,182
36,48
36,138
37,58
38,126
40,68
42,101
44,18
45,111
46,14
46,89
48,177
49,158
50,116
51,8
51,52
51,148
56,133
57,193
58,83
59,112
60,131
60,170
60,188
61,122
62,13
62,15
62,53
62,90
64,4
64,14
66,108
66,114
69,3
69,33
70,125
72,76
76,55
77,18
77,32
78,13
78,41
79,150
85,0
85,113
88,43
89,43
89,169
89,185
90,109
90,192
91,56
91,74
92,156
92,158
92,176
93,144
94,191
95,83
95,145
96,130
97,7
99,51
99,174
100,29
100,198
102,12
103,53
103,135
104,180
106,80
108,17
108,117
109,99
109,120
110,159
111,82
112,193
113,26
115,27
116,73
116,87
116,183
117,62
118,119
119,39
119,40
121,61
121,138
121,189
122,77
125,146
127,46
127,143
130,92
131,93
132,98
132,126
132,160
133,140
134,147
136,157
137,23
137,29
139,63
139,73
139,186
140,49
141,2
141,65
141,67
141,68
141,196
142,141
145,178
146,96
148,94
148,183
150,128
152,81
152,84
153,12
153,76
154,4
155,87
155,151
156,121
156,190
157,173
159,71
160,164
161,22
161,95
162,36
163,8
163,171
165,11
166,80
167,31
167,54
167,91
167,102
168,71
169,163
170,50
171,152
171,166
172,1
173,19
173,127
180,101
180,124
180,136
181,164
182,78
182,134
183,57
184,35
185,47
188,82
191,150
191,165
194,66
196,24
196,107
197,75
197,105
197,190
198,25
