source,target
0,127
0,191
1,190
3,8
4,187
5,9
5,157
7,81
8,106
12,97
13,85
16,84
18,1
20,87
22,75
23,73
24,95
33,49
37,92
38,136
39,10
39,30
39,91
39,164
40,50
40,123
40,197
41,38
41,196
42,49
42,96
42,188
43,13
43,28
43,47
44,176
45,24
46,61
47,59
55,133
56,64
56,120
57,32
57,41
58,94
59,82
59,174
60,152
62,162
63,16
63,34
63,185
65,36
65,54
65,143
65,193
67,123
67,156
71,116
72,52
72,131
72,161
73,3
74,4
74,66
74,147
76,89
77,15
78,23
78,103
79,158
80,128
80,183
81,20
83,48
84,113
84,141
87,122
88,90
88,98
88,172
89,26
89,94
89,140
89,163
91,101
93,165
95,167
97,153
98,76
99,29
99,115
99,125
100,40
100,44
100,177
102,11
102,179
104,63
106,45
107,155
107,178
109,158
110,117
111,70
111,180
112,1
112,104
114,83
116,100
118,38
118,108
118,165
119,192
122,79
125,53
125,80
126,12
127,133
127,171
128,159
129,21
131,19
131,135
132,67
132,160
134,57
134,77
134,181
135,70
136,17
142,88
143,27
143,134
144,151
145,25
145,144
146,178
147,148
148,14
148,35
148,51
148,68
148,118
148,138
149,51
150,136
151,75
151,112
155,130
155,154
155,166
155,168
157,42
157,87
157,120
159,102
159,186
161,119
162,12
163,71
163,141
164,2
164,60
164,65
166,5
166,69
166,117
166,162
167,21
167,173
169,72
169,121
171,145
172,86
173,74
173,198
174,62
175,7
175,31
175,180
176,139
180,83
180,105
180,137
180,170
182,34
184,66
188,6
188,39
189,137
191,124
194,30
194,102
195,146
196,46
196,142
196,199
197,37
