source,target
0,41
1,0
1,18
3,28
3,64
4,58
4,148
5,113
6,168
7,66
8,78
8,106
8,157
9,198
11,90
12,77
14,26
14,27
14,51
15,71
17,6
20,94
20,189
21,48
21,111
26,165
27,53
27,74
30,110
31,131
33,7
34,120
35,91
35,130
36,22
36,186
37,179
38,96
38,144
38,179
38,197
39,139
39,158
45,144
46,104
46,174
47,56
52,165
53,195
54,40
57,4
57,59
59,108
59,118
60,50
60,92
63,24
63,126
63,169
64,80
66,93
67,11
68,20
68,72
69,103
70,111
70,156
70,190
71,65
71,170
73,114
75,105
75,151
76,101
76,176
76,187
77,46
80,125
81,10
81,149
82,25
83,181
84,47
85,44
85,199
86,1
88,29
88,30
90,85
90,143
94,152
95,68
98,45
99,2
100,142
100,182
103,82
103,109
103,161
104,31
104,133
105,102
105,121
106,113
106,147
109,4
110,3
110,42
111,23
113,16
115,183
116,112
117,127
117,185
118,135
119,23
120,17
121,12
121,92
122,78
124,155
124,159
125,95
126,43
127,40
128,123
129,21
134,74
134,145
135,70
136,32
136,150
137,79
137,81
137,94
137,167
138,61
138,63
138,175
140,153
141,8
141,97
141,132
142,83
142,87
146,36
147,39
147,192
150,107
153,173
154,15
155,19
155,128
155,167
156,35
156,76
159,55
160,26
163,141
164,150
166,62
166,140
167,127
168,154
169,67
170,136
170,177
170,193
171,38
171,86
172,126
173,75
178,61
179,89
180,191
181,137
182,47
184,66
184,86
186,136
186,191
187,13
187,166
188,116
188,190
189,2
189,73
189,184
192,49
192,100
192,162
193,124
194,159
196,19
197,57
197,115
198,97
199,27
199,34
