source,target
0,132
1,0
3,6
3,74
4,138
5,72
5,193
8,40
8,78
8,85
9,5
9,124
11,67
12,16
12,23
12,112
14,35
14,121
15,41
15,138
16,90
17,86
17,104
17,116
19,161
20,113
22,167
23,54
25,87
26,49
26,56
27,189
28,43
30,39
30,135
30,144
31,68
31,105
33,66
33,74
33,182
37,39
37,150
37,154
39,51
40,3
40,32
42,87
42,164
42,184
44,73
44,173
46,166
46,194
46,197
47,118
48,21
48,46
55,124
56,52
57,47
58,84
58,143
59,13
59,14
60,50
60,88
69,123
69,130
71,75
72,99
72,185
72,187
74,2
77,12
77,89
79,111
79,115
80,128
80,176
81,76
81,149
82,97
83,145
84,98
86,110
91,192
93,33
94,137
97,92
97,191
98,77
99,29
99,62
102,27
102,50
103,43
103,161
104,167
105,99
105,107
106,45
106,100
108,42
108,65
108,139
111,7
111,83
111,151
114,28
114,96
114,104
117,143
118,70
118,190
119,23
120,53
121,79
121,97
121,113
121,154
121,199
122,140
123,10
124,67
125,144
126,25
127,34
127,120
129,149
129,178
130,119
131,129
131,177
132,134
132,147
133,110
133,132
133,158
136,17
137,36
137,125
137,153
138,160
140,153
141,30
141,163
141,172
142,15
144,63
144,64
145,131
148,116
151,16
152,94
153,196
155,169
156,89
157,95
157,174
159,58
159,133
162,42
162,48
162,127
166,158
167,173
167,186
168,85
168,106
169,73
170,8
170,109
171,38
171,95
171,102
171,187
172,71
175,59
175,198
178,18
178,26
178,61
178,146
179,27
180,115
181,4
181,101
182,188
186,24
187,4
188,80
188,175
190,1
190,183
192,38
192,49
192,165
195,80
