source,target
0,151
1,75
3,146
5,2
5,83
5,111
5,196
7,92
8,13
8,15
8,48
8,123
12,34
15,99
16,40
16,173
17,1
17,81
18,188
19,148
20,7
20,160
21,167
22,121
23,161
24,132
25,60
25,102
26,93
26,118
26,178
26,188
27,14
28,43
29,27
29,143
31,77
31,174
31,199
32,26
33,80
36,56
38,145
38,197
39,74
41,95
42,8
42,36
42,110
43,103
45,90
45,172
47,11
47,27
47,51
50,3
51,64
51,176
53,195
55,39
58,124
59,101
60,164
61,168
63,109
63,115
66,94
66,149
66,183
67,70
67,143
68,17
69,33
71,12
71,85
72,9
72,52
73,159
74,134
76,10
76,191
77,16
78,84
78,137
78,156
79,116
80,83
81,149
82,87
83,23
84,57
85,67
87,30
87,59
88,4
88,105
88,117
88,158
91,130
92,46
97,170
99,54
99,104
99,106
99,126
99,127
100,49
102,5
102,6
103,161
105,166
108,65
108,96
111,32
111,157
113,31
114,71
115,100
116,47
117,50
117,89
117,184
118,139
119,40
121,185
122,109
124,86
124,133
125,0
125,53
127,154
127,169
128,163
129,114
130,107
131,128
133,142
135,29
137,62
137,108
140,121
140,132
141,163
144,38
144,170
146,59
146,79
146,128
147,119
148,35
148,165
150,73
152,182
153,194
155,64
155,179
157,120
158,138
159,187
159,192
162,122
162,133
162,159
163,0
164,98
167,81
167,90
167,95
167,112
169,153
169,171
171,92
172,72
172,189
173,162
176,113
176,139
176,175
177,97
181,61
181,78
181,122
182,130
182,155
186,108
186,136
189,190
190,55
191,37
191,140
191,144
191,148
193,125
194,74
194,180
194,181
197,186
198,44
198,140
