source,target
0,11
2,159
4,32
5,53
5,65
5,145
6,66
7,111
8,54
10,28
12,69
12,88
12,117
13,85
15,46
16,151
16,169
18,108
18,178
22,128
25,172
27,29
28,0
29,188
31,23
32,57
34,47
34,120
34,127
35,84
35,97
39,74
39,139
39,193
40,50
40,63
40,192
42,20
42,37
42,184
42,186
43,48
44,120
45,90
45,142
45,180
46,3
46,85
46,133
47,17
47,26
47,59
47,66
47,80
47,101
47,185
48,23
48,89
49,81
50,24
52,165
55,96
56,8
56,31
57,59
58,107
60,25
61,119
62,75
62,170
63,136
65,71
66,93
68,83
69,148
69,162
70,35
71,106
71,125
71,164
74,6
75,48
75,158
75,167
76,45
76,163
80,83
80,103
80,109
81,112
82,30
82,131
83,194
85,128
87,198
88,9
88,197
89,96
90,77
91,39
95,41
95,166
95,186
98,70
98,79
98,132
98,140
100,199
102,86
106,110
106,113
107,40
109,126
110,123
111,28
111,95
114,12
114,102
115,175
116,104
116,197
118,141
121,64
123,109
123,173
123,181
124,21
125,99
126,157
130,72
130,91
130,147
131,135
132,58
132,124
132,143
132,153
133,33
133,187
134,92
135,4
136,87
136,105
137,5
137,78
137,111
137,154
138,191
141,196
142,67
144,114
145,134
145,168
146,195
148,3
149,81
149,139
152,50
155,121
155,146
156,76
161,104
162,19
162,25
162,36
164,1
165,192
167,38
167,125
169,73
170,122
171,172
173,16
174,26
175,14
175,130
175,160
176,51
176,156
178,61
178,129
178,149
179,38
180,150
181,144
181,180
182,155
182,177
183,70
186,94
188,116
188,146
189,7
190,184
191,1
196,171
197,2
198,170
199,56
