source,target
0,9
0,84
1,36
1,55
2,25
3,8
4,118
5,4
5,108
5,113
6,43
7,170
8,104
10,81
11,17
11,74
14,13
15,100
15,134
17,1
17,31
17,86
17,101
19,155
21,22
23,16
23,48
23,197
24,106
26,96
26,108
26,160
26,177
26,178
30,199
32,29
33,49
33,87
33,129
34,132
35,138
36,146
37,21
37,81
41,116
42,186
45,174
46,99
46,110
46,166
47,133
48,57
51,47
53,51
56,11
57,41
57,157
60,42
62,75
64,16
65,164
67,102
68,35
69,194
70,156
71,65
71,85
73,40
73,50
73,149
74,58
74,115
74,188
75,180
75,181
76,26
76,156
77,31
77,112
78,39
78,186
79,72
79,151
79,174
80,183
81,176
85,59
85,198
87,67
87,84
88,12
88,89
88,98
89,46
89,199
91,101
92,176
94,171
97,143
99,140
100,187
102,142
103,78
103,83
104,133
104,137
106,37
106,69
107,145
108,124
109,122
110,141
111,95
113,22
114,181
115,175
117,13
118,33
118,190
119,135
120,43
120,83
121,27
124,126
125,99
125,150
125,154
128,85
128,88
128,105
128,163
131,82
135,76
137,5
137,66
137,73
138,61
139,93
139,184
140,25
140,117
142,56
142,143
144,82
145,63
145,100
146,128
147,3
148,160
151,127
151,168
152,165
153,122
155,28
155,77
155,179
157,172
158,65
158,131
159,30
160,20
161,194
162,127
163,38
163,132
164,193
166,15
166,95
166,153
166,191
167,79
168,32
168,119
168,165
169,71
170,27
170,198
171,0
171,54
171,136
172,158
172,173
176,44
178,18
180,167
182,34
183,70
184,96
185,129
189,39
189,147
192,80
192,130
195,53
196,74
196,123
198,52
199,90
199,138
