source,target
0,1
0,167
1,36
1,51
1,58
2,115
2,145
6,43
7,169
10,123
11,17
11,99
12,75
13,38
13,185
15,84
15,138
16,23
16,25
16,41
16,64
19,32
19,69
21,63
21,171
22,65
23,119
25,24
25,67
26,41
27,47
27,125
27,140
27,176
30,39
31,112
31,174
32,66
33,139
34,176
37,20
37,78
38,76
40,16
40,57
42,37
45,11
45,113
48,49
50,59
55,81
56,36
59,108
61,178
63,100
63,156
66,6
66,93
66,101
66,183
66,190
67,70
71,12
71,83
71,94
71,114
72,166
74,115
74,120
74,148
75,79
75,158
75,173
76,10
77,141
80,1
80,9
81,5
81,105
82,19
84,116
85,146
86,29
86,35
87,82
88,60
88,71
88,172
89,144
89,170
90,126
91,130
95,21
97,75
97,78
98,132
99,62
99,65
99,71
99,143
102,85
103,141
104,31
105,15
106,193
107,153
110,177
112,159
116,48
116,67
118,30
121,14
121,64
122,127
123,44
123,140
123,151
124,114
124,137
125,53
126,28
126,180
127,56
127,164
128,198
129,184
130,72
130,147
132,181
133,12
133,109
134,59
134,189
135,61
135,131
135,194
136,77
136,171
137,142
138,199
139,149
139,179
140,92
141,8
142,117
143,29
143,157
144,191
145,0
146,2
146,49
146,192
147,73
150,3
150,107
150,111
151,104
152,160
153,68
154,102
155,130
156,89
157,126
157,154
160,26
161,72
162,124
165,150
167,46
167,155
169,125
170,193
171,54
174,45
174,181
175,70
177,98
179,134
181,168
182,47
184,40
187,133
188,6
188,39
189,27
189,96
190,13
190,18
191,68
191,80
191,186
191,197
194,7
195,51
196,138
197,4
197,163
198,46
198,52
