source,target
0,63
0,75
1,4
1,36
1,112
1,193
2,151
3,74
3,175
4,105
4,153
5,157
5,196
6,3
8,182
9,158
10,81
11,110
12,9
12,25
15,131
15,180
17,1
17,147
18,178
19,70
20,14
20,37
23,73
23,87
24,68
25,32
25,54
26,188
27,89
27,125
27,176
27,189
30,143
31,20
31,76
33,13
33,93
33,101
34,140
37,81
37,106
37,191
39,159
39,167
42,12
42,96
42,110
42,165
46,21
47,48
47,83
50,127
51,53
51,192
53,39
55,35
57,58
57,157
58,141
61,95
62,193
63,40
65,52
65,99
66,35
66,161
67,8
67,71
67,156
69,197
72,169
73,44
74,7
77,168
78,65
79,172
80,119
82,107
85,57
85,71
86,185
92,23
92,97
94,89
94,152
95,62
97,181
98,45
98,64
98,163
99,155
102,50
102,88
104,22
105,59
106,174
109,123
109,187
110,24
110,82
111,142
113,133
114,116
115,31
117,28
117,86
118,38
118,43
118,108
118,190
120,43
122,27
122,170
124,8
124,133
125,128
125,166
126,47
126,162
126,177
127,17
129,149
130,182
131,29
131,84
131,129
132,113
134,126
136,42
136,111
136,151
136,172
137,33
137,116
138,92
138,164
139,55
140,30
141,78
141,135
141,154
143,73
144,186
146,47
148,41
148,138
148,160
149,51
150,105
152,60
153,46
153,194
154,56
155,136
156,70
156,123
163,76
163,77
165,148
167,145
167,156
168,90
169,192
170,100
171,94
173,16
173,124
174,49
174,85
174,103
175,102
176,26
176,195
177,98
178,36
180,104
184,158
185,198
186,67
188,69
189,55
190,6
190,13
190,183
192,80
192,91
192,179
194,121
194,122
197,15
197,63
198,46
199,168
