source,target
0,85
0,135
2,56
2,102
3,121
3,142
4,111
5,14
5,59
5,79
6,21
7,99
8,31
8,97
9,181
10,150
11,60
11,175
11,179
13,38
14,77
15,64
15,152
17,165
22,180
24,20
24,128
26,107
30,149
31,53
31,129
32,28
32,97
32,114
32,181
33,193
35,115
35,164
36,168
38,89
39,20
40,16
40,38
41,137
42,6
42,183
43,35
44,155
45,100
45,187
48,116
51,102
52,74
53,13
53,30
54,168
54,197
55,11
55,199
56,124
60,173
60,184
61,27
61,59
61,98
62,81
64,19
64,47
65,4
66,41
67,49
67,136
68,72
71,83
73,75
73,95
75,7
75,140
76,34
76,167
76,190
77,57
77,177
79,161
80,138
81,69
81,85
82,105
84,101
86,18
90,74
91,63
92,160
93,131
97,29
97,111
98,112
99,78
99,152
101,175
103,91
104,58
104,87
104,163
105,178
107,176
109,12
110,46
113,104
115,80
115,96
115,132
117,90
117,159
118,61
120,124
125,8
125,127
125,134
131,182
131,186
132,6
132,65
132,83
132,154
133,142
134,23
135,194
136,72
136,139
137,67
137,130
139,192
140,174
141,108
141,166
143,26
143,126
144,39
144,154
145,25
145,66
146,122
147,120
148,127
149,73
151,84
153,108
155,70
156,126
157,123
159,40
160,70
160,98
160,106
162,130
164,1
165,86
165,118
165,123
165,139
165,185
166,34
166,50
166,144
166,158
169,33
170,95
171,103
172,13
173,94
173,122
176,185
177,12
177,119
177,199
178,22
178,121
179,10
179,88
180,179
182,191
184,125
184,193
186,37
186,140
187,117
188,76
189,3
190,48
191,104
192,56
194,17
195,151
196,39
197,2
197,110
198,91
198,192
