source,target
2,51
3,6
3,111
4,26
4,115
5,104
6,54
6,74
8,97
10,97
12,196
13,38
14,2
15,71
15,109
15,157
16,57
18,50
19,83
19,96
20,69
21,180
23,141
27,184
28,91
29,150
30,17
30,41
30,168
30,178
31,142
31,198
32,102
33,170
34,67
35,101
35,149
36,100
43,22
43,63
45,12
45,13
46,169
47,93
47,129
49,0
51,185
52,10
53,8
53,124
57,39
57,123
58,105
58,132
58,165
59,162
60,172
60,192
61,88
61,89
61,139
62,137
63,34
63,75
63,92
63,98
63,117
63,135
63,191
66,8
68,103
72,131
73,29
73,86
73,101
73,176
74,43
78,62
79,84
80,0
82,16
82,140
83,86
85,17
89,68
89,167
89,180
91,53
91,56
92,44
92,95
94,18
94,114
97,33
98,11
98,106
99,81
99,146
99,152
100,166
104,58
104,90
104,130
104,133
105,27
105,55
105,156
105,159
106,145
106,151
107,156
108,22
109,4
109,48
110,182
111,171
113,81
113,188
114,127
115,145
116,40
116,70
119,79
120,147
121,36
123,84
123,186
125,1
125,147
125,177
126,68
127,87
127,121
129,161
130,77
131,61
131,189
133,64
134,45
134,175
136,139
139,118
139,169
141,24
141,32
141,163
143,37
144,113
144,192
145,25
146,122
148,153
148,173
148,181
151,80
151,94
154,9
154,116
154,195
155,193
158,138
161,7
161,59
161,69
161,110
163,183
166,23
167,5
167,124
167,128
167,190
169,174
172,138
176,107
176,143
177,137
177,144
177,155
178,31
178,42
180,76
180,179
181,117
182,72
182,112
183,125
184,65
184,70
184,196
185,59
186,47
186,164
187,135
188,136
189,160
194,174
197,73
198,66
199,18
