source,target
0,46
0,135
2,32
2,56
3,111
5,54
6,21
6,149
7,8
7,191
8,125
8,185
9,154
10,52
13,184
14,2
15,180
16,47
16,160
17,76
18,124
19,172
20,132
23,183
24,4
25,153
28,101
29,157
30,196
31,8
31,142
32,41
33,104
34,50
34,85
35,81
35,90
36,195
38,194
39,73
40,75
41,72
43,74
43,197
44,97
48,12
48,144
48,180
52,156
54,145
57,107
58,94
58,127
58,186
58,190
59,95
60,18
60,53
60,129
62,59
62,131
63,115
63,187
64,166
65,97
65,118
66,35
69,98
70,130
72,0
72,6
72,27
72,67
73,1
73,189
74,102
75,63
77,11
83,165
84,15
85,38
86,42
86,78
86,87
87,60
89,91
90,27
91,61
91,63
91,147
91,186
92,22
92,137
92,160
93,71
95,78
95,112
98,117
99,152
99,170
100,42
101,174
102,25
103,171
106,169
107,120
107,176
108,99
113,134
114,48
114,51
114,92
114,138
115,26
116,181
116,199
117,114
118,80
119,193
120,3
120,22
121,108
122,30
123,83
126,68
127,55
127,155
128,113
129,68
129,80
129,84
132,49
133,64
134,23
136,4
136,58
139,148
139,182
139,194
141,149
143,37
144,183
145,158
146,96
146,136
147,45
147,65
147,88
147,168
150,123
152,7
154,119
156,5
158,166
159,40
159,110
159,130
160,151
161,66
161,79
161,167
162,86
162,103
163,170
164,105
164,111
165,17
168,195
169,146
173,64
173,150
175,62
175,71
175,135
177,33
177,175
178,31
179,109
180,76
180,140
181,49
182,19
182,77
182,179
184,44
186,37
188,127
189,100
189,101
191,29
191,131
192,177
193,1
196,82
197,69
198,12
198,30
199,162
199,179
