source,target
0,92
0,198
1,95
2,32
2,51
2,102
4,93
6,3
7,15
7,152
8,33
8,38
9,70
9,181
10,25
12,43
16,86
16,127
17,22
17,187
19,166
20,24
20,57
21,180
23,149
28,90
29,23
29,156
30,53
30,186
33,97
33,139
34,63
37,198
38,137
38,194
39,153
40,4
41,66
42,151
45,171
46,115
47,93
47,101
48,199
49,36
51,118
51,166
52,74
54,147
57,136
58,190
59,14
59,98
60,25
61,13
61,56
61,160
61,177
62,75
64,47
64,133
66,35
66,196
67,72
67,137
68,49
68,71
69,70
72,109
77,142
78,187
80,88
82,72
83,3
83,117
84,75
86,164
86,196
87,9
88,61
91,162
92,197
94,114
95,60
96,19
96,168
99,16
99,148
100,78
103,17
103,29
103,49
103,98
105,83
106,82
107,26
108,21
109,5
110,58
110,115
111,54
112,65
114,2
114,31
116,199
119,20
119,146
120,124
121,108
122,91
123,60
125,189
126,128
126,143
129,17
129,112
130,174
130,175
131,67
131,76
131,169
134,144
135,36
136,71
136,85
137,45
137,55
138,64
140,40
140,43
141,154
143,120
144,113
145,158
147,132
147,184
149,94
149,178
150,140
151,157
151,165
152,99
153,195
154,96
155,7
155,79
157,170
158,168
159,130
160,18
161,157
165,9
165,95
165,107
165,125
167,104
168,163
169,68
169,164
172,182
174,117
175,50
176,193
177,11
177,27
177,30
177,101
177,104
177,125
179,74
179,141
179,182
180,63
180,103
180,174
182,44
182,77
184,27
184,116
185,8
186,0
186,62
186,124
186,173
188,129
189,183
190,81
190,89
190,167
191,131
192,176
193,155
194,73
195,22
196,162
197,67
197,90
197,144
