source,target
0,179
3,48
4,26
5,120
8,88
10,52
10,145
10,173
11,40
12,43
13,66
13,123
13,164
15,157
16,65
16,125
17,103
17,149
18,13
18,199
19,121
19,154
20,191
20,198
22,122
23,134
24,25
25,10
25,80
27,132
28,153
28,179
30,126
31,33
32,102
33,94
34,58
36,100
38,72
38,76
38,81
39,105
40,71
40,92
40,117
42,166
43,46
43,61
43,87
43,171
44,184
47,131
47,197
49,181
50,171
54,111
54,162
55,177
56,110
57,56
57,146
58,67
61,63
61,158
63,163
66,31
66,35
67,176
70,100
70,164
71,93
73,1
74,21
74,150
74,166
77,196
81,96
81,147
83,7
84,75
85,0
86,114
86,119
87,148
88,127
88,185
89,39
90,132
90,199
91,117
91,124
94,106
94,151
95,41
96,64
96,168
97,176
97,182
98,28
98,75
101,68
103,180
104,4
104,113
104,115
107,57
110,12
110,59
112,91
112,114
113,118
114,68
115,78
116,53
118,51
118,152
120,14
120,175
121,99
122,9
122,36
124,70
125,1
128,80
129,30
129,49
129,104
129,112
130,16
130,20
130,187
131,177
133,104
134,194
135,109
136,137
136,139
137,89
137,129
141,24
141,32
142,133
143,4
144,48
145,19
147,60
147,169
147,196
149,6
149,23
150,77
154,167
155,159
156,79
156,107
158,74
159,191
160,97
160,108
160,116
161,160
162,186
162,188
165,157
165,185
166,0
167,38
168,45
169,11
169,140
169,189
170,163
171,7
172,83
173,29
174,41
174,101
175,87
175,159
177,138
178,148
183,144
183,156
184,69
184,188
186,30
186,37
188,194
190,82
190,131
192,92
193,84
194,135
195,128
196,62
197,2
197,63
197,88
199,67
