source,target
1,194
4,139
5,14
6,42
6,136
8,59
8,121
10,25
10,151
11,115
12,72
12,181
13,131
15,17
15,130
16,82
16,86
16,148
17,149
18,12
19,108
20,13
20,41
20,197
22,157
24,141
26,107
27,30
27,46
29,45
30,149
31,97
31,145
31,198
32,181
33,35
33,80
34,50
34,85
37,28
37,143
38,11
38,191
39,28
39,162
40,117
43,117
45,17
48,109
49,58
50,171
52,10
52,158
55,118
58,55
58,93
58,109
58,175
60,8
60,35
60,114
61,176
62,40
63,34
64,86
64,116
64,182
65,33
66,161
68,53
68,103
68,126
70,9
70,100
73,159
74,102
76,81
77,3
77,165
77,178
80,32
81,48
83,132
83,186
84,79
85,57
87,191
89,49
90,167
91,71
92,7
93,29
95,2
95,101
95,170
96,21
96,138
98,73
99,36
99,83
99,195
100,39
101,44
103,12
103,31
103,187
103,189
104,16
104,176
105,144
106,84
106,140
107,135
110,20
111,27
112,94
115,74
115,96
116,47
116,92
117,137
118,0
119,193
120,51
120,88
120,143
122,96
123,166
125,110
127,185
128,14
128,15
128,148
130,68
130,69
130,78
130,194
131,147
134,23
135,101
136,43
136,67
139,38
139,184
140,104
141,23
141,178
144,183
146,113
147,54
147,106
147,162
147,193
148,144
150,169
151,4
152,7
153,179
154,124
155,184
156,19
156,52
157,180
158,133
158,142
160,188
160,192
161,77
163,63
164,18
165,123
166,74
166,129
168,154
169,177
170,132
170,146
173,97
173,124
174,175
179,127
180,196
184,172
185,99
186,71
186,85
186,145
187,43
187,159
188,75
189,56
190,76
192,164
196,119
198,66
198,112
198,150
199,55
199,90
