source,target
0,98
1,45
1,129
5,14
6,144
8,165
9,53
10,44
12,48
12,83
12,89
14,32
17,30
17,45
19,156
20,119
21,180
22,66
22,145
22,150
23,100
26,122
27,111
28,16
28,76
28,179
29,40
31,132
34,166
35,149
37,4
38,196
39,20
40,86
40,191
41,137
46,110
51,172
54,168
56,48
56,98
57,56
57,136
58,68
58,197
59,162
59,182
60,94
61,3
61,44
61,118
63,41
63,70
63,78
64,179
65,114
66,115
67,24
67,183
69,125
71,54
72,75
73,101
73,176
74,102
76,6
77,59
78,112
79,29
80,0
82,55
82,79
82,156
85,104
87,43
87,60
90,92
90,113
91,135
94,13
94,75
94,84
94,119
94,123
94,173
96,146
98,90
98,184
100,77
101,47
101,99
102,2
102,51
103,131
103,190
103,191
106,70
108,52
108,160
111,137
111,147
111,161
111,186
114,31
114,51
114,127
115,35
115,109
117,15
117,72
117,81
117,138
118,33
118,105
118,167
120,8
120,130
121,36
122,99
124,175
125,90
125,116
126,128
128,187
129,49
129,53
129,158
129,188
130,35
130,57
131,101
132,103
132,104
133,142
133,161
135,12
135,121
135,177
135,194
139,46
140,189
141,24
141,154
141,178
143,62
143,68
143,126
144,148
146,25
146,192
148,173
151,116
152,155
154,54
154,199
155,165
156,107
157,64
159,117
160,97
163,42
163,141
166,42
169,87
169,93
169,95
171,120
172,164
174,58
174,182
175,50
175,84
176,18
177,11
177,63
177,105
179,153
180,67
181,194
185,97
185,181
186,17
186,37
187,27
187,38
187,88
187,94
187,131
189,193
191,7
191,170
192,129
192,139
193,91
194,134
195,168
198,14
198,171
199,28
