source,target
1,52
1,53
3,63
4,21
4,53
4,66
6,33
6,49
7,56
11,68
14,64
14,78
15,22
16,61
20,27
20,29
20,39
23,13
25,88
28,32
29,4
29,65
30,11
31,47
32,0
34,35
34,88
35,26
35,48
36,40
36,50
38,31
39,8
39,84
40,13
40,28
43,73
44,14
44,31
44,72
44,98
45,19
45,54
46,23
46,37
46,69
48,4
48,7
49,38
49,41
49,85
51,5
51,18
51,62
51,99
54,2
54,44
55,97
56,12
57,9
59,95
61,39
62,17
64,57
64,77
65,30
65,60
67,42
67,80
67,93
68,90
68,92
70,24
71,98
74,2
75,10
75,51
76,87
78,16
78,24
79,21
82,47
83,22
83,67
86,41
88,58
88,89
89,76
90,67
90,81
91,85
92,32
92,43
92,55
92,59
94,69
95,75
96,3
96,94
