source,target
0,41
1,60
2,46
2,74
3,96
4,23
4,99
6,33
7,96
8,14
8,66
9,50
9,57
10,9
11,43
11,82
12,41
13,70
15,80
16,99
17,20
18,80
18,84
20,39
23,13
30,65
31,38
32,15
34,44
37,19
37,90
38,50
39,51
39,61
40,48
42,22
42,25
43,55
43,90
44,98
45,19
47,31
48,37
49,85
51,2
51,62
52,34
53,93
54,7
54,18
54,44
54,78
55,5
55,75
56,7
57,4
57,26
58,94
59,11
60,30
63,14
63,22
63,67
65,21
65,29
65,42
68,28
69,92
70,0
70,54
71,27
71,28
71,72
72,91
73,25
75,77
77,1
79,2
79,6
79,24
81,86
83,40
84,36
84,83
86,56
87,76
89,32
89,88
90,49
91,16
91,35
91,76
93,17
94,69
95,3
96,64
97,87
99,6
99,92
