source,target
1,31
2,47
4,65
5,89
6,49
7,12
7,27
7,47
7,84
9,57
9,69
10,59
10,76
10,79
11,25
11,56
11,82
11,86
11,95
13,40
15,6
15,32
17,93
18,42
18,85
19,51
20,67
21,79
23,46
23,54
24,68
25,74
30,60
32,28
33,78
34,37
36,39
36,98
37,48
40,91
41,76
42,22
42,98
44,72
47,45
48,35
48,61
49,81
51,0
51,62
51,92
52,1
54,7
54,26
54,44
54,53
55,30
55,80
56,73
58,88
59,55
59,67
61,16
61,33
61,50
62,34
64,43
64,70
64,77
65,21
65,29
66,29
67,63
69,10
69,24
70,36
71,27
75,5
78,14
78,23
81,38
81,86
83,41
84,18
85,97
87,25
88,11
89,3
90,73
91,35
92,99
93,8
93,77
94,9
95,3
95,19
95,55
96,64
97,31
