source,target
0,44
1,52
2,48
2,74
3,85
4,21
5,55
6,10
6,79
7,54
9,33
9,56
9,94
11,30
11,82
13,23
13,24
13,42
15,80
17,8
17,93
18,51
19,45
20,29
22,14
23,4
23,70
23,78
24,69
25,11
25,87
27,7
28,71
28,86
31,35
34,28
35,26
35,60
35,72
35,91
36,50
36,98
37,46
37,48
38,81
39,17
40,36
41,76
41,90
41,94
43,22
43,63
44,64
45,37
45,47
47,58
48,53
49,6
50,34
50,38
51,16
51,61
51,62
54,19
56,12
58,88
59,56
59,95
60,37
61,65
63,67
63,80
65,83
66,8
67,13
70,27
70,64
75,55
77,1
77,18
77,57
79,38
83,5
83,39
83,97
84,20
84,40
85,46
86,0
88,11
88,89
89,77
90,73
90,75
92,32
92,43
92,68
96,3
99,92
