source,target
1,60
1,77
2,48
3,63
4,65
4,66
5,51
6,92
7,12
7,47
9,10
9,50
10,88
13,23
13,70
14,63
15,41
16,78
17,8
17,20
20,27
20,72
21,79
23,4
24,6
25,87
26,99
28,40
29,53
30,55
33,32
33,61
34,28
34,52
34,62
37,2
38,49
39,84
40,13
40,36
41,57
41,76
41,83
41,95
42,9
42,25
45,98
46,58
46,79
46,85
47,46
51,18
51,19
54,45
54,53
55,43
55,59
55,87
56,7
56,11
59,75
60,69
60,74
61,65
63,73
65,60
67,80
70,0
70,64
72,35
72,44
72,71
72,91
75,5
76,97
78,14
78,54
78,68
79,38
80,12
81,2
81,86
82,26
82,47
83,17
83,22
83,81
89,77
90,37
91,16
92,43
93,8
94,15
96,3
96,31
98,36
99,14
99,51
99,84
