source,target
2,35
2,54
2,74
3,77
3,96
5,83
6,10
6,15
6,79
7,12
7,48
7,61
8,39
11,25
11,86
14,72
15,22
16,78
16,91
16,99
17,8
18,73
19,45
19,95
20,27
20,62
22,42
23,70
24,78
26,35
26,57
26,82
28,32
28,68
28,71
31,7
32,0
33,9
34,50
37,23
40,36
40,84
41,76
41,79
43,80
44,1
44,19
44,64
45,31
45,47
45,97
45,98
48,4
48,53
49,41
50,38
50,40
51,16
52,34
56,37
57,12
58,94
61,65
63,43
64,67
65,11
66,29
67,13
69,24
69,46
70,64
71,27
72,44
72,71
74,87
75,18
76,85
79,21
80,9
80,69
84,20
85,29
85,97
86,17
86,83
88,58
89,77
89,88
90,30
90,49
90,60
90,75
90,81
93,98
94,15
95,59
97,55
99,26
99,92
