source,target
1,44
2,74
3,89
4,65
5,22
5,51
6,56
7,12
7,96
8,66
9,73
10,79
14,8
14,63
14,72
15,69
18,80
19,45
20,44
20,84
23,19
25,87
26,35
26,54
26,99
28,71
30,60
30,92
31,74
32,51
32,89
33,78
34,52
34,61
34,62
36,39
38,15
39,17
39,57
40,83
43,64
44,0
45,37
45,54
46,58
47,7
47,58
48,2
48,40
50,9
52,1
54,53
55,28
55,90
55,91
55,95
56,31
59,67
64,14
64,70
65,11
65,61
67,42
68,34
69,10
69,94
71,27
72,20
73,90
76,49
76,97
77,75
78,68
79,21
80,10
81,30
82,26
84,13
84,18
85,29
85,41
85,49
86,28
89,88
91,16
91,85
92,6
92,24
92,32
92,75
93,17
93,67
93,77
94,76
94,96
97,81
98,25
98,36
99,4
