source,target
1,52
1,60
4,21
4,93
5,0
5,43
6,68
6,92
7,27
7,96
8,17
8,66
9,33
9,57
11,25
12,56
13,67
15,3
15,6
15,73
17,39
18,51
18,61
18,85
19,44
20,29
20,62
20,72
21,53
22,15
25,97
27,71
28,32
33,7
33,91
35,91
36,8
36,40
37,46
38,9
39,20
40,28
41,49
41,75
41,94
44,26
45,98
46,58
46,69
47,45
48,47
49,81
50,38
51,80
54,2
54,18
54,23
54,26
56,24
56,37
59,95
60,11
60,30
60,31
61,34
62,51
63,14
63,78
64,14
65,21
65,42
67,43
67,55
67,63
68,10
69,50
70,16
70,54
74,2
76,12
77,57
78,23
79,1
83,81
83,86
85,49
85,76
85,89
87,30
89,88
90,75
92,55
92,59
93,82
93,99
97,83
98,36
99,61
99,84
