source,target
1,52
1,53
2,61
4,29
5,55
6,33
6,56
7,33
8,14
9,69
9,94
11,90
12,10
12,80
13,42
14,72
14,82
15,22
16,70
17,20
18,51
18,61
20,35
22,83
23,13
24,78
25,98
26,99
28,86
30,96
31,47
31,54
31,84
31,97
32,28
33,91
34,37
34,62
37,2
38,49
39,36
40,17
41,79
41,86
42,25
42,63
43,90
44,20
44,45
44,66
45,54
46,23
47,46
48,53
49,6
50,38
51,9
51,19
51,32
53,4
55,30
55,92
56,24
56,59
56,73
57,64
59,75
59,95
60,11
60,74
63,5
64,39
64,67
64,77
65,11
68,92
70,8
71,27
72,1
72,44
74,12
77,0
77,3
77,18
77,93
78,16
79,21
80,57
80,87
83,50
86,81
88,10
89,25
91,76
93,99
94,15
94,58
97,85
98,71
