source,target
0,41
0,113
3,259
4,5
4,234
4,274
7,49
9,107
11,225
14,80
14,92
14,203
15,5
15,11
15,58
16,9
16,195
16,294
17,159
18,292
19,47
19,59
19,96
20,103
20,108
21,4
24,52
25,119
25,260
27,21
27,65
28,219
29,34
29,44
29,112
29,168
29,264
30,276
34,111
34,123
34,218
35,284
38,46
38,226
39,31
39,82
39,268
40,175
42,221
42,283
43,62
48,229
49,68
51,40
54,115
56,221
56,294
59,131
59,154
59,212
59,297
60,49
60,138
60,164
60,172
61,188
61,205
62,47
63,116
63,276
64,38
64,76
64,187
70,76
70,282
71,1
71,53
71,86
72,125
77,3
78,202
79,245
81,222
82,271
84,12
86,8
87,171
92,30
92,71
93,213
93,236
97,174
97,180
97,240
98,182
99,45
101,267
103,132
103,148
103,227
103,270
104,43
104,75
106,45
106,147
107,57
109,216
110,97
111,2
111,184
113,173
113,275
115,18
115,117
115,121
119,254
122,251
124,90
124,129
125,94
127,6
127,66
129,114
129,216
130,217
131,32
133,28
133,156
133,186
134,200
135,22
136,101
136,209
136,275
137,110
139,95
139,122
139,147
139,274
140,42
140,55
140,201
140,211
141,85
141,178
142,157
143,140
144,78
146,101
147,235
148,9
149,36
151,94
152,266
153,139
153,175
153,215
154,29
154,37
154,88
155,146
156,252
157,253
158,130
158,135
158,230
160,25
161,194
161,220
162,235
162,272
165,186
166,35
167,48
168,35
169,228
170,167
171,231
180,67
183,173
183,232
184,196
185,52
185,261
186,177
187,89
188,118
190,257
193,141
194,109
196,128
196,152
196,153
197,72
197,181
199,11
200,105
202,32
203,149
205,160
206,172
207,156
209,77
210,198
214,61
215,26
216,138
217,50
219,23
219,98
222,83
222,281
223,163
223,238
223,293
224,150
224,278
226,14
226,69
228,120
228,158
230,8
230,100
230,119
230,189
230,210
231,267
233,64
233,242
233,295
236,298
237,0
238,30
238,176
239,102
240,33
240,142
241,137
241,213
241,273
244,237
244,286
245,131
246,46
247,178
247,179
247,191
247,220
248,91
249,107
250,206
251,136
253,262
253,287
255,93
256,150
258,199
259,81
259,182
260,277
261,263
262,54
262,208
265,126
265,129
265,239
265,279
266,74
267,145
268,193
269,56
269,185
269,204
270,13
273,91
274,243
275,192
276,190
276,299
278,20
279,73
279,105
279,290
280,233
281,285
282,10
283,19
285,17
285,84
285,241
288,291
289,127
289,232
290,143
291,170
291,214
292,288
296,125
296,273
