source,target
0,27
0,91
1,76
1,281
2,38
2,229
3,182
4,268
6,190
9,88
11,122
11,271
14,71
15,224
16,29
17,55
17,273
19,195
19,215
19,222
19,237
19,297
20,0
21,104
21,163
25,63
25,85
27,41
29,13
29,61
29,112
29,168
30,158
32,36
32,200
33,103
34,238
36,169
37,49
37,290
40,111
40,174
40,179
42,50
42,128
43,101
44,195
45,54
45,212
45,224
46,98
46,230
46,239
46,246
46,254
47,50
47,198
48,60
48,125
48,144
50,148
51,232
52,7
52,120
53,80
55,1
55,274
55,298
58,135
62,47
64,61
65,17
65,153
67,6
67,110
67,208
67,236
67,241
68,120
70,127
71,247
72,10
73,215
73,252
74,266
79,286
80,167
81,275
82,181
84,12
84,82
84,159
85,20
86,279
87,280
88,245
89,116
89,261
90,228
91,178
92,54
92,142
93,233
95,211
96,140
96,211
97,3
97,11
97,126
97,160
97,209
97,216
99,108
100,27
100,235
100,275
101,124
101,250
102,39
102,137
102,151
104,24
104,153
105,97
106,73
106,286
108,58
108,115
109,89
110,127
110,233
111,2
112,105
113,201
117,252
118,149
118,217
119,84
119,230
121,253
123,264
128,31
128,40
129,283
131,59
133,138
133,284
136,257
137,71
138,210
139,15
140,19
141,93
142,132
143,169
144,87
146,292
147,142
147,156
149,282
150,204
150,222
154,191
154,226
154,242
157,254
158,56
158,154
158,277
159,67
159,137
161,75
161,192
162,45
163,285
164,138
165,150
166,99
169,134
169,176
170,59
170,163
171,199
172,101
172,157
172,206
174,72
174,202
175,60
177,220
180,10
185,203
186,231
186,268
187,179
187,263
188,193
189,18
189,68
190,92
190,129
190,248
190,293
194,5
194,8
194,81
194,223
199,46
202,65
203,30
203,294
205,103
207,94
207,123
207,220
209,207
213,241
214,25
214,255
214,266
218,111
219,147
222,77
226,221
226,278
227,298
228,251
228,260
230,155
231,28
231,114
231,171
232,42
233,295
234,94
235,234
235,288
237,22
238,160
238,257
243,130
243,285
244,83
244,256
245,41
248,36
248,69
248,192
249,7
249,156
251,2
253,11
254,35
255,57
256,213
259,107
259,119
259,184
262,287
264,48
265,26
265,185
267,136
267,152
268,296
270,13
272,55
272,80
273,299
274,78
275,276
278,32
278,183
279,135
279,188
279,289
280,269
282,21
283,23
283,51
283,145
284,72
287,146
289,37
290,89
290,118
290,173
290,201
291,186
292,196
292,204
292,205
294,240
296,66
297,244
298,225
299,16
299,197
299,258
