source,target
0,46
0,49
0,83
0,143
0,237
0,267
0,280
1,291
2,40
3,241
4,21
4,166
4,253
5,76
5,161
6,64
6,125
6,201
7,73
9,20
9,118
9,123
9,149
11,42
11,54
11,194
11,213
11,246
11,287
12,103
12,127
13,218
18,219
19,135
20,284
22,6
22,124
25,32
25,63
28,126
28,165
29,236
29,294
30,158
30,169
31,57
31,82
31,105
32,51
32,226
34,193
34,229
37,272
39,11
39,137
39,288
40,128
41,23
41,132
44,84
45,254
48,33
49,168
50,62
54,9
54,272
56,3
56,80
59,209
60,206
60,208
60,262
61,33
61,165
62,160
62,175
64,263
65,202
68,163
69,141
71,59
71,66
72,0
72,61
72,132
73,279
75,104
76,146
76,187
77,292
78,164
78,207
79,140
81,246
84,199
85,20
87,63
87,223
87,283
88,149
89,50
89,116
90,240
91,299
92,45
94,185
95,60
96,234
97,174
98,157
101,43
101,222
103,205
103,298
104,155
105,181
105,224
107,123
109,231
111,271
112,7
112,108
113,277
114,131
115,176
116,130
119,145
120,293
123,154
123,178
123,200
124,245
128,87
134,242
135,91
136,86
136,189
136,289
138,216
138,232
139,152
141,184
142,260
144,78
144,104
145,106
147,18
148,31
148,187
151,117
151,196
152,15
152,109
152,177
153,122
154,141
156,38
156,46
157,79
158,95
158,266
158,281
162,70
162,176
162,203
164,102
167,186
169,260
170,148
171,208
172,215
173,230
176,163
177,195
180,19
180,150
182,107
182,218
183,264
185,1
185,114
185,133
186,4
186,47
186,122
188,99
190,53
190,70
190,214
193,35
194,24
194,259
196,147
199,258
201,74
202,243
203,55
203,275
204,96
205,75
207,14
207,71
207,93
209,113
209,136
211,191
213,242
216,297
217,37
219,79
219,288
220,8
220,247
221,92
222,52
222,174
222,185
222,269
223,26
223,194
223,261
224,42
227,16
228,27
228,120
229,10
229,113
229,198
230,139
233,97
234,17
235,140
235,215
236,25
236,45
236,256
238,27
239,273
240,179
240,270
241,213
241,276
243,201
243,239
243,248
244,245
246,121
247,255
248,106
248,285
249,34
250,192
250,225
250,233
252,244
253,28
255,138
255,197
256,67
257,159
257,227
257,228
257,295
260,110
261,58
262,39
262,129
262,212
262,267
262,297
265,90
267,274
268,264
268,296
269,86
270,125
270,210
271,64
275,227
278,156
279,2
279,36
282,21
283,100
285,56
285,62
285,84
285,211
286,38
289,112
289,251
290,99
290,173
292,47
293,5
293,109
296,17
296,265
299,72
