source,target
0,83
0,158
1,151
1,219
2,34
2,174
2,200
3,50
3,237
4,223
6,138
7,47
9,240
11,252
11,287
12,279
13,270
15,113
15,176
16,296
17,49
17,80
18,248
19,256
20,72
22,166
23,70
23,94
23,286
25,19
25,122
25,229
26,271
33,192
33,213
34,55
34,260
35,236
36,149
36,278
37,142
37,217
37,266
39,196
40,209
42,235
43,62
44,59
45,109
45,220
46,96
47,198
47,281
49,272
52,120
52,267
53,51
53,200
54,223
58,121
59,90
62,38
63,87
64,274
65,263
66,249
68,224
69,125
70,140
71,212
72,17
72,141
72,284
73,20
77,101
77,283
78,64
78,157
78,167
78,275
79,57
84,78
85,3
85,92
85,147
85,162
85,165
86,129
86,149
86,222
87,285
90,37
91,273
92,88
93,164
94,212
94,234
95,60
95,211
96,146
97,2
98,23
100,295
103,203
104,15
104,28
104,282
106,141
106,182
109,253
110,161
111,29
113,280
113,298
115,108
116,245
118,73
120,32
121,145
124,22
124,84
125,25
125,41
125,56
126,178
128,27
128,63
131,86
132,79
132,193
136,97
136,153
138,54
138,132
138,152
139,24
139,191
139,215
141,188
142,173
142,186
143,154
143,265
144,137
144,247
146,115
146,155
146,259
150,82
150,148
151,102
151,170
154,123
154,131
154,209
155,230
156,184
156,210
158,126
159,227
160,250
162,7
162,185
164,14
170,148
170,291
171,112
174,180
174,202
174,249
175,122
177,145
178,14
178,123
179,105
181,93
181,107
183,10
183,92
185,114
186,21
186,112
187,245
190,18
193,99
193,136
194,5
194,81
195,58
196,140
197,34
199,100
200,127
201,289
202,187
202,239
205,118
205,203
205,232
206,175
207,111
207,156
207,275
213,13
213,30
213,110
214,0
215,243
216,81
218,13
218,168
218,207
219,45
220,8
222,78
222,119
222,195
222,250
224,278
225,76
225,252
226,80
227,179
227,181
227,257
228,67
228,242
231,26
233,91
233,135
235,15
235,35
236,128
236,187
241,255
242,33
243,124
244,24
246,231
247,191
247,290
248,173
248,189
251,282
253,139
254,71
255,65
256,12
256,74
256,134
258,269
259,9
259,89
262,43
262,117
262,194
263,201
264,228
265,31
266,113
267,49
268,61
269,192
269,204
271,54
271,75
273,254
275,261
275,293
276,48
276,169
276,294
277,17
277,143
277,208
277,238
279,226
281,6
283,38
283,64
284,268
285,163
285,277
286,57
288,177
289,217
292,133
292,153
294,56
295,183
295,221
296,130
296,161
297,1
297,11
297,172
299,89
299,99
299,211
