source,target
0,41
0,60
0,267
1,22
1,172
1,249
4,1
4,268
5,261
6,216
7,203
7,206
9,35
9,290
11,200
13,20
14,279
15,104
15,224
15,244
17,13
17,113
17,168
18,136
19,29
20,37
20,132
20,141
20,272
20,275
20,276
23,72
23,98
24,118
25,136
25,250
27,121
28,133
31,144
34,33
34,55
36,158
38,145
39,184
40,162
41,64
46,81
46,185
48,103
48,209
49,74
49,299
52,181
52,229
53,19
54,15
54,45
55,67
55,180
55,187
56,272
57,79
58,43
59,130
59,179
60,131
60,135
61,165
61,196
62,160
63,95
65,107
65,271
66,32
66,111
68,150
68,251
69,53
69,61
70,212
70,215
71,102
71,176
72,69
72,269
73,45
74,273
77,38
77,292
78,121
78,143
79,245
80,39
80,218
82,259
84,2
84,12
84,135
84,174
85,80
86,71
86,99
86,259
87,63
88,9
89,50
91,154
92,30
92,63
92,169
92,183
93,260
94,84
97,11
97,228
97,293
97,297
100,27
100,189
101,267
102,50
102,106
106,147
110,254
111,123
112,124
114,173
114,252
116,156
118,205
118,241
119,44
119,204
119,230
119,280
124,4
124,182
124,231
131,83
133,23
133,96
135,251
137,109
137,280
138,255
139,122
141,217
141,227
142,92
145,164
145,287
146,46
147,85
147,193
147,213
148,82
149,239
151,292
152,73
152,139
153,70
154,51
157,78
157,120
157,177
160,7
162,100
162,171
166,213
170,42
170,76
170,148
171,199
172,167
174,146
174,156
175,68
175,111
178,14
178,249
179,103
180,265
183,278
184,155
184,197
185,222
186,11
190,275
195,31
195,190
197,69
197,159
197,207
197,273
198,170
201,154
201,242
202,238
204,5
204,235
207,94
207,255
208,2
208,281
209,112
210,47
210,237
212,93
212,237
214,10
214,90
214,266
216,128
216,183
217,163
217,289
220,262
221,92
221,226
222,97
223,119
224,57
225,26
225,223
226,201
226,296
227,143
227,233
227,246
228,286
229,110
232,299
233,52
233,257
234,236
234,284
235,21
235,75
235,152
236,298
237,108
237,194
238,77
239,243
240,270
241,256
241,277
242,127
242,260
242,295
247,191
248,192
250,247
250,293
252,117
252,230
254,221
259,243
260,285
262,3
262,129
263,172
264,29
265,214
266,3
266,56
266,282
269,158
269,283
271,115
272,126
272,203
273,105
273,188
274,104
276,16
276,161
277,134
277,140
277,178
277,248
279,34
279,115
282,240
285,125
287,8
287,24
288,43
288,177
290,54
290,253
291,186
294,188
295,0
297,88
298,40
298,211
299,219
299,258
