source,target
1,262
1,288
2,250
3,199
4,46
5,38
5,247
5,287
7,45
8,115
9,291
10,148
10,154
13,233
14,270
15,119
16,251
17,189
20,80
22,115
23,5
23,286
24,133
25,36
25,63
25,90
27,201
29,41
31,218
32,119
32,218
34,111
34,203
36,226
36,248
36,265
37,55
39,185
40,18
41,5
41,132
42,124
42,136
42,245
42,246
43,58
43,244
45,261
46,108
46,252
47,62
49,68
50,20
50,131
50,177
53,33
55,51
55,173
55,188
58,129
58,195
60,175
61,72
62,90
64,239
65,299
66,126
66,239
68,100
68,163
70,64
71,30
72,56
72,123
72,247
76,42
77,59
77,292
81,216
81,220
81,258
82,204
83,84
85,56
86,8
86,24
86,71
87,23
88,245
89,252
89,263
90,294
91,127
91,273
92,37
92,54
92,88
92,291
94,49
94,212
101,191
103,16
103,168
104,43
104,75
106,154
107,150
107,186
111,271
113,192
115,162
116,107
121,106
125,35
125,193
126,229
127,140
128,1
128,27
128,259
129,297
130,266
130,277
131,164
133,28
133,84
133,87
140,138
140,211
140,236
141,217
145,81
145,106
147,48
149,255
151,176
152,139
153,184
153,222
155,11
155,105
155,156
155,172
157,79
157,138
157,177
158,174
159,67
159,296
160,190
161,15
165,118
166,21
167,78
167,112
169,102
169,278
170,167
170,182
175,77
175,122
176,128
176,219
177,101
177,223
177,250
178,14
178,242
181,9
182,34
185,168
186,47
187,178
188,0
188,289
192,30
194,153
194,165
195,44
197,233
197,276
198,249
199,146
200,32
200,52
200,229
200,234
201,20
201,228
202,46
202,97
202,238
206,209
207,232
209,267
212,108
214,134
214,142
214,169
215,70
215,114
215,120
215,243
216,26
216,109
217,99
217,137
221,17
221,141
222,86
222,230
223,267
224,75
225,12
225,298
226,32
226,33
226,135
226,159
227,160
228,110
228,240
228,260
228,279
229,190
230,210
231,274
234,264
235,54
237,60
238,40
238,171
238,237
240,265
240,268
241,3
241,187
243,204
244,256
247,213
249,7
249,183
250,261
250,293
251,101
252,19
253,288
254,143
254,157
255,91
257,48
257,69
257,125
257,295
258,74
258,269
259,290
266,205
267,139
268,196
271,104
272,95
274,11
274,21
274,230
275,14
275,95
275,129
275,200
275,232
276,85
276,125
278,213
280,29
280,96
280,174
280,285
280,298
282,285
283,145
284,94
286,57
286,144
286,283
289,99
289,284
290,98
292,117
292,220
294,73
295,180
295,281
296,93
296,280
298,179
298,208
298,266
299,6
299,254
