source,target
0,100
2,36
3,74
3,258
5,261
6,0
6,49
6,66
6,127
8,104
11,196
12,179
14,242
15,77
15,138
15,231
16,169
17,255
21,146
22,176
22,182
25,20
26,225
27,41
27,254
28,128
29,207
29,294
34,93
34,213
34,249
36,247
36,299
37,7
37,25
37,256
38,124
39,32
39,220
42,230
42,246
43,23
46,202
46,295
47,101
48,125
51,91
51,105
52,26
53,19
53,51
54,224
54,248
55,125
55,274
55,280
56,69
56,284
60,87
60,157
61,111
64,283
67,130
67,158
68,206
69,92
72,257
76,133
78,145
79,60
80,6
81,152
81,221
82,117
82,148
82,165
82,167
83,10
84,210
84,251
85,131
85,150
86,88
88,11
90,290
91,135
92,159
92,232
93,47
93,143
93,277
94,245
96,166
99,118
100,243
102,80
102,171
103,187
104,4
104,21
104,23
105,200
110,239
111,40
111,50
111,70
111,175
112,32
113,188
114,262
115,163
116,89
121,194
122,279
123,9
123,275
127,58
127,180
129,19
131,22
131,297
132,141
133,68
133,186
134,213
136,113
136,265
137,236
138,115
138,132
138,252
138,267
139,252
140,103
141,205
142,173
144,76
145,94
147,123
148,85
148,266
153,65
154,114
156,63
156,119
157,271
158,196
158,227
159,190
159,298
160,136
161,30
161,154
164,27
166,99
167,98
169,149
172,120
172,215
174,72
175,52
176,54
177,44
177,184
178,56
179,169
182,107
183,198
184,38
184,109
184,155
185,168
185,177
187,55
187,269
188,170
189,26
189,199
191,137
193,27
193,229
193,296
194,82
194,192
195,29
195,181
196,162
196,261
197,264
199,42
199,46
200,172
201,241
203,92
203,185
204,119
205,234
205,291
206,249
207,28
208,201
209,81
211,24
212,43
212,59
212,108
215,73
215,127
216,38
216,75
216,286
217,151
220,31
220,153
226,254
227,143
227,280
228,207
229,13
229,97
229,250
234,16
234,34
235,1
235,57
235,297
236,35
237,62
237,195
238,277
239,102
239,208
239,240
242,77
242,257
244,86
245,4
247,61
247,65
247,243
248,10
248,106
248,285
250,216
250,218
252,272
253,21
253,287
254,71
254,89
254,173
254,221
255,197
256,99
256,140
258,259
258,283
259,182
262,253
263,8
264,95
264,251
265,90
265,197
266,260
268,83
268,223
268,236
270,238
271,115
271,222
272,126
273,276
275,156
278,1
278,183
279,78
279,204
281,193
282,24
282,240
285,160
285,214
286,144
287,164
288,121
289,18
289,270
290,45
290,79
290,151
290,273
291,233
292,235
294,33
294,130
295,67
299,219
299,293
