source,target
1,189
1,199
2,36
3,85
4,166
7,9
7,206
9,115
9,121
10,41
11,235
13,17
13,74
14,121
15,230
17,107
20,22
21,59
23,137
24,287
25,36
26,201
28,23
30,148
31,92
31,106
31,220
32,102
34,158
34,270
38,231
38,267
41,21
41,280
42,224
44,2
44,258
46,98
46,239
50,10
51,283
53,69
53,78
53,233
55,37
55,178
55,228
58,237
59,90
59,179
61,94
63,96
64,239
65,101
66,71
66,112
67,208
67,273
68,245
69,257
70,170
70,216
72,277
73,162
73,163
74,66
76,269
77,280
81,157
82,46
82,117
84,12
84,143
85,272
86,136
89,187
89,254
90,203
90,289
91,190
94,5
97,180
99,86
99,245
101,75
102,72
103,143
103,154
104,15
105,31
106,294
108,129
108,210
109,45
109,89
109,111
110,62
110,144
110,161
112,175
112,185
113,213
114,215
115,8
115,151
118,139
120,181
120,293
121,197
121,246
122,11
122,252
123,147
124,38
125,29
125,188
126,209
127,19
128,8
128,68
131,200
132,56
132,268
135,43
136,97
136,281
137,265
138,91
138,243
138,248
140,61
141,0
141,299
145,94
145,124
146,108
146,284
147,55
148,52
148,63
148,109
150,64
153,77
153,223
154,13
154,29
154,51
155,104
156,32
156,116
157,142
158,95
158,118
158,160
158,241
159,17
159,33
159,229
160,3
160,232
160,250
162,92
162,196
164,60
165,82
166,22
167,80
167,164
169,0
170,168
171,199
172,60
174,298
177,207
180,295
181,87
182,167
184,25
184,39
184,78
185,42
186,76
186,83
186,215
186,219
187,72
187,234
191,211
191,259
192,256
194,54
194,88
194,188
196,6
200,40
200,212
200,229
202,133
202,174
203,35
206,172
207,18
207,47
207,244
208,49
209,100
209,264
210,139
210,230
211,294
213,93
213,105
214,141
216,26
216,101
216,263
217,34
217,37
218,119
220,202
221,81
222,128
224,222
224,286
225,265
226,206
227,161
229,189
234,16
235,172
235,204
235,274
236,130
237,70
237,98
237,227
238,113
238,135
240,236
242,134
242,203
244,65
245,288
247,53
248,290
249,198
249,226
250,119
250,193
250,238
251,195
252,278
254,173
254,255
255,138
256,126
257,125
260,99
260,279
262,117
263,194
264,44
264,183
266,205
266,214
267,48
267,292
268,20
269,192
270,282
271,246
273,149
273,236
275,193
275,225
275,261
276,20
276,67
276,293
280,27
280,285
287,26
287,253
287,292
289,127
289,176
289,251
289,275
290,50
290,57
290,152
291,205
295,221
296,7
297,5
298,247
299,79
299,103
299,240
