source,target
1,101
1,221
2,213
2,269
3,96
4,1
5,76
5,162
6,187
7,142
8,245
9,118
9,273
10,11
10,52
10,143
11,15
11,39
11,186
11,199
13,242
14,90
16,208
19,114
19,215
20,127
21,212
22,59
22,166
22,286
23,83
23,219
24,104
25,30
25,42
25,265
26,52
26,231
27,191
27,257
29,66
31,195
31,209
32,102
34,134
34,227
36,226
36,272
41,280
42,246
43,23
43,87
43,283
45,299
46,65
46,98
46,220
47,50
49,37
50,112
51,232
54,9
54,38
54,172
55,270
58,39
58,298
59,124
60,87
60,263
61,16
61,102
64,262
64,274
65,167
67,239
71,30
72,234
73,276
77,59
79,45
80,20
81,293
82,115
86,71
86,131
87,40
88,290
89,170
91,0
92,136
93,154
94,244
95,14
95,264
96,204
98,237
102,203
103,13
103,200
104,23
105,179
105,251
105,275
106,196
107,99
107,151
109,184
110,119
111,70
111,128
111,271
112,198
112,289
113,174
115,74
115,117
115,172
115,185
115,210
116,245
119,254
121,75
121,152
121,223
122,175
123,69
123,178
123,291
125,149
126,11
129,108
131,2
133,68
133,241
136,100
136,229
137,106
137,144
137,147
138,25
138,151
138,218
139,58
141,56
143,32
145,287
147,85
147,141
147,252
150,82
150,194
153,184
155,163
157,60
158,125
161,10
162,140
162,238
163,248
166,21
166,35
168,3
169,203
169,278
174,24
174,84
176,150
177,44
177,137
178,158
179,12
179,19
179,154
179,296
181,67
183,107
187,266
188,170
188,177
188,255
189,164
190,53
190,135
190,159
190,285
192,182
197,29
201,286
202,97
204,71
204,225
207,111
208,6
209,78
211,95
211,180
211,232
212,258
212,268
213,34
213,189
213,281
214,88
218,152
219,18
220,31
221,86
221,288
222,7
224,79
225,192
227,55
228,14
228,216
228,240
229,235
233,217
233,236
234,94
235,57
235,292
236,178
237,156
238,158
241,20
241,103
242,63
242,77
243,185
244,43
247,40
247,81
248,17
248,91
250,206
251,173
251,249
252,153
253,75
254,46
256,134
257,17
257,37
257,208
258,283
259,146
261,62
261,121
262,146
263,28
263,54
264,251
265,132
265,250
266,205
267,38
267,148
267,171
267,222
270,279
271,297
272,217
273,105
274,4
274,230
275,78
276,275
277,130
277,265
279,92
279,122
280,67
280,202
282,120
283,97
284,61
284,193
285,195
285,260
285,282
287,8
287,262
289,48
289,72
290,157
291,110
292,22
292,153
293,129
294,125
295,118
295,165
296,27
296,33
296,66
297,109
298,160
299,49
