source,target
2,81
3,179
3,181
4,43
5,90
5,192
6,141
7,172
9,6
9,144
10,187
11,45
11,164
12,110
12,184
14,21
15,147
16,185
16,196
18,42
21,112
22,108
25,58
27,53
27,60
27,136
29,24
30,92
31,29
31,66
33,166
34,74
36,52
36,77
36,145
37,23
41,93
41,140
42,82
45,3
47,156
47,162
48,0
48,57
49,173
52,165
53,54
53,190
55,164
57,115
59,128
61,197
63,191
64,11
64,82
65,97
65,134
65,148
69,127
70,66
70,68
70,102
70,122
70,177
70,199
71,73
71,137
74,88
74,170
75,154
76,41
76,175
77,118
80,51
82,32
83,94
83,98
87,50
87,109
88,30
89,163
90,104
91,95
91,96
92,5
92,10
92,117
94,186
95,49
98,79
99,44
100,72
101,19
101,25
101,40
101,184
101,189
103,39
104,20
104,123
105,70
106,14
107,4
107,36
108,91
108,186
109,17
110,124
111,18
112,1
113,27
113,121
114,32
116,122
117,46
119,28
119,35
123,78
123,105
126,8
126,103
126,169
127,145
128,99
128,133
130,7
131,60
132,125
134,131
135,31
135,72
135,81
135,195
137,146
138,15
141,174
142,170
144,107
146,182
147,23
147,65
147,80
149,89
151,75
154,121
154,168
155,98
156,34
156,62
157,110
159,50
160,76
161,80
161,176
163,64
163,84
163,99
163,143
165,139
166,13
166,47
166,119
167,153
168,86
171,111
172,120
173,39
173,85
173,149
173,150
175,33
177,26
177,101
178,12
179,160
180,44
181,67
182,61
182,129
182,132
182,178
182,193
183,112
183,139
184,87
184,183
185,158
186,152
186,172
188,183
190,116
191,167
193,38
194,62
194,167
195,56
196,0
196,59
198,68
