source,target
0,196
2,100
3,31
3,127
4,42
4,43
8,24
9,51
10,187
11,196
12,184
13,52
13,90
13,95
15,56
15,138
16,30
16,185
18,130
19,145
19,183
22,60
23,176
24,164
26,177
29,58
29,72
30,88
31,2
31,121
32,6
32,13
34,76
34,120
35,115
35,119
36,97
36,107
36,140
36,168
37,91
38,193
39,12
40,91
41,63
41,156
43,10
43,150
45,62
45,168
46,117
47,53
49,22
50,27
51,80
52,142
54,87
56,47
56,148
58,82
59,116
61,121
63,16
63,115
65,94
66,83
68,127
69,21
69,74
69,76
69,197
70,1
70,4
72,67
72,118
73,102
74,125
75,93
77,36
77,54
78,20
78,64
79,60
80,11
80,37
80,180
81,44
81,171
84,48
84,133
84,156
85,108
86,75
88,52
88,110
89,73
89,85
93,182
94,123
94,129
95,173
95,189
97,65
97,170
98,134
99,77
99,106
100,14
101,19
103,28
103,71
104,66
105,191
107,71
109,17
114,161
116,122
117,86
118,3
118,134
122,38
122,70
124,110
125,17
125,112
125,128
125,151
126,105
127,27
127,55
128,2
128,99
128,111
128,152
128,181
131,100
131,126
132,25
135,89
136,68
136,159
139,165
140,157
143,34
144,11
146,29
147,47
147,174
148,23
149,73
149,152
150,130
150,175
151,137
152,92
152,163
152,186
153,92
154,146
155,32
155,113
159,158
160,83
161,190
162,58
166,59
167,159
169,64
169,149
171,5
171,104
171,107
172,7
172,199
175,33
176,143
177,139
177,166
178,120
179,195
180,33
180,39
181,141
182,24
182,154
184,57
184,101
189,101
189,162
190,38
192,22
192,194
194,96
194,198
195,135
197,132
198,172
198,188
199,18
