source,target
2,68
2,156
3,31
4,122
6,9
10,187
11,79
15,152
17,12
17,125
17,128
19,49
19,90
19,145
20,64
23,147
24,25
24,27
25,145
30,127
30,139
31,2
32,155
33,82
34,84
34,196
35,115
35,138
36,77
36,157
39,71
39,103
41,44
42,4
43,10
43,150
43,169
45,11
45,109
46,5
49,61
50,27
51,21
51,23
51,53
52,30
52,36
52,140
53,47
56,35
56,97
62,45
62,194
63,42
66,143
69,141
74,22
74,88
74,91
75,93
76,97
80,28
80,78
80,161
80,180
82,164
84,162
85,89
85,173
86,168
89,132
90,104
91,37
91,95
91,140
92,5
94,29
98,77
99,106
99,139
100,14
100,72
100,133
101,0
101,3
101,189
102,52
102,54
103,126
104,87
104,171
106,1
107,9
107,144
111,168
111,186
113,18
113,32
114,89
116,98
117,115
118,134
119,166
120,24
120,55
120,108
120,151
121,146
122,190
123,130
124,149
126,105
126,169
129,41
130,7
130,181
131,8
131,100
131,112
133,148
134,65
134,191
135,67
136,110
136,154
137,175
138,15
139,135
139,155
140,40
142,14
143,70
143,131
144,33
146,182
148,80
148,147
149,10
149,13
149,198
150,102
152,43
152,64
152,181
153,92
153,194
154,121
158,156
160,7
160,166
161,184
163,99
165,59
167,57
167,153
168,58
168,75
170,142
171,29
171,60
171,107
171,165
172,159
172,183
174,188
175,38
175,123
176,161
177,26
177,50
178,12
178,81
179,33
179,68
179,195
180,83
180,179
182,39
182,129
183,173
183,184
185,158
186,62
188,136
190,53
191,55
192,22
193,38
194,96
195,17
195,56
195,62
195,73
196,16
196,127
197,61
199,48
199,141
199,172
