source,target
0,94
1,142
3,37
3,118
3,198
4,122
6,156
10,28
10,92
10,187
11,64
11,136
14,21
14,100
14,141
15,52
16,63
17,91
22,67
25,157
26,35
27,50
27,155
27,174
29,7
29,171
30,114
31,21
31,113
32,101
33,45
34,51
36,89
38,190
39,48
43,76
45,3
49,61
50,106
50,151
52,17
57,115
58,0
58,55
61,121
61,123
63,41
63,42
63,115
65,111
65,148
65,196
66,104
67,72
67,88
67,179
67,181
69,140
73,68
73,149
74,183
76,58
76,60
76,68
77,2
79,87
80,18
80,136
80,147
80,162
83,54
84,41
84,125
84,154
84,163
85,75
85,148
86,168
86,176
87,54
89,144
90,5
90,105
91,40
91,95
91,96
91,120
92,117
92,145
94,129
95,133
97,108
98,134
101,19
101,25
101,27
101,87
103,71
104,6
104,20
104,80
106,130
107,4
107,9
107,47
107,71
108,166
109,13
109,193
112,131
114,32
115,160
116,77
117,46
117,86
118,1
118,12
118,99
120,24
120,158
120,191
120,195
121,23
122,93
122,116
123,105
123,194
124,110
125,65
126,182
127,164
129,169
131,8
132,197
133,78
134,69
135,8
135,72
135,127
137,14
137,146
138,35
139,30
140,44
141,82
142,29
143,34
144,62
144,159
148,132
149,124
150,43
150,102
152,15
152,196
155,44
158,128
159,82
159,84
159,167
161,126
162,53
162,180
165,168
166,28
166,119
167,153
169,2
169,186
171,74
173,39
173,90
176,155
177,26
177,160
178,120
179,188
180,137
180,175
181,130
181,152
182,178
183,49
183,70
185,10
186,99
186,170
186,172
189,184
190,81
190,150
191,184
192,22
193,85
194,192
195,56
196,34
196,59
199,48
