source,target
1,161
3,198
6,90
7,167
8,131
10,92
10,185
11,82
11,136
11,149
13,52
16,59
16,196
17,163
17,193
19,22
20,141
21,37
21,113
23,25
26,35
27,174
28,10
29,142
31,66
31,72
32,16
32,61
32,92
33,159
33,166
34,157
35,119
36,107
38,77
38,102
39,66
39,71
39,182
40,118
40,140
41,165
42,18
42,24
43,169
44,36
44,48
46,5
46,187
48,57
51,9
51,21
51,23
52,30
52,54
53,20
54,44
54,83
54,87
55,14
56,81
58,82
59,152
60,147
60,151
62,144
66,189
68,47
69,15
70,4
70,68
70,190
72,150
74,43
74,73
75,3
75,109
78,100
79,87
80,2
80,78
80,93
80,161
81,38
81,195
84,132
85,127
86,125
88,3
91,13
91,40
97,27
97,34
97,145
97,171
98,155
99,139
100,29
100,69
101,0
101,49
103,126
104,123
106,12
106,130
106,191
106,192
107,56
109,105
110,126
110,179
111,18
111,186
112,91
113,50
113,199
114,137
114,181
115,26
115,63
115,117
115,136
115,160
116,59
116,74
120,0
120,55
120,97
120,178
121,31
125,128
125,197
127,108
128,27
128,156
129,41
133,95
135,8
135,67
135,143
138,15
139,177
141,22
141,199
142,39
142,134
143,116
143,163
145,65
146,60
146,137
147,148
148,108
148,112
149,124
151,45
153,70
154,75
155,114
156,158
157,32
163,89
164,95
164,175
165,146
165,168
169,64
169,122
169,129
170,121
172,120
173,1
175,38
175,123
175,132
175,180
176,86
177,35
177,183
178,5
179,62
179,115
180,33
180,162
182,178
183,19
183,172
183,188
184,101
186,62
186,76
190,53
191,6
191,105
191,184
194,72
194,96
194,167
199,94
