source,target
0,197
3,64
3,118
5,90
6,9
6,51
7,160
7,167
7,172
10,35
11,104
11,124
13,75
15,52
15,77
15,122
16,30
17,13
17,54
17,59
17,139
18,170
19,101
20,42
22,60
24,180
25,154
26,115
27,3
27,100
27,197
28,117
29,36
31,136
32,16
32,90
32,155
32,179
33,12
33,163
34,143
38,132
39,156
41,37
42,4
42,24
42,40
45,79
46,117
46,187
47,53
47,185
48,199
50,108
51,21
53,8
53,73
56,35
57,184
58,97
60,131
61,175
62,45
62,194
62,198
66,83
67,49
67,135
68,127
69,25
69,141
73,149
74,112
75,98
75,132
75,151
77,76
78,31
80,51
80,147
80,157
80,181
80,182
81,98
82,11
85,173
85,193
88,91
89,29
91,45
91,69
91,93
91,195
94,55
94,111
94,148
95,128
95,173
96,193
102,38
103,39
107,140
108,120
108,145
108,186
110,19
111,80
111,140
113,146
114,32
115,166
116,77
117,115
118,40
118,72
118,85
119,28
120,87
121,100
122,169
122,186
123,129
126,105
126,110
127,36
128,2
128,158
129,74
129,94
131,126
132,125
133,33
134,88
135,28
135,130
135,143
138,152
139,99
140,41
140,71
141,58
142,1
142,2
143,176
145,19
145,134
146,23
146,137
147,47
149,103
149,152
150,43
150,57
151,164
152,89
152,92
152,135
153,160
154,146
154,168
156,48
157,104
158,159
159,33
159,50
159,84
161,86
161,106
161,190
163,165
164,95
167,58
167,63
167,162
167,191
168,65
171,18
173,106
174,141
175,150
177,15
177,70
178,12
178,44
179,62
179,170
182,144
183,14
183,112
184,189
188,66
188,174
189,114
192,67
193,109
195,56
196,16
199,31
199,113
