source,target
0,49
0,119
1,125
2,136
2,173
3,13
4,102
5,165
8,0
9,32
10,43
11,25
13,42
14,83
15,109
15,151
16,128
17,38
17,134
18,50
21,22
24,79
24,113
25,104
27,5
28,16
29,28
31,139
31,167
33,30
34,55
34,179
35,181
38,67
38,107
38,174
39,54
39,117
39,183
41,170
43,93
44,73
45,72
46,10
46,70
46,92
46,149
48,6
49,39
49,144
50,20
51,108
51,176
52,69
52,127
53,36
53,142
57,96
57,126
57,140
58,17
58,74
60,198
61,60
62,52
62,56
63,23
63,161
64,6
64,87
65,82
66,16
68,163
70,166
71,164
72,122
73,84
73,95
75,149
76,2
76,32
77,80
79,147
79,175
80,97
83,47
83,177
84,61
84,106
85,8
85,150
85,194
86,3
86,24
86,125
88,110
88,186
89,154
90,173
93,30
93,45
93,153
94,155
97,120
100,156
101,33
102,172
103,42
105,130
107,26
107,183
110,19
110,78
110,86
110,192
111,81
113,137
114,9
116,159
116,182
118,143
119,60
119,131
120,7
120,141
121,199
122,98
123,91
126,197
127,115
127,148
127,165
128,59
129,12
129,66
129,168
129,178
129,185
130,155
132,46
133,161
135,58
136,119
136,180
138,112
138,192
140,160
145,71
145,82
146,196
148,98
148,120
148,145
150,123
151,19
151,104
152,44
154,63
154,115
156,21
156,37
157,113
158,13
159,47
159,64
159,88
160,190
163,146
165,111
166,121
167,150
168,162
168,184
169,118
169,135
170,124
170,132
171,55
172,22
172,63
173,99
175,49
175,129
175,130
176,15
181,105
183,196
185,57
187,27
187,36
188,106
189,51
190,40
190,171
193,11
195,34
195,191
197,18
197,187
