source,target
0,127
0,152
5,171
6,162
7,84
8,82
9,90
11,12
15,72
15,88
16,125
17,69
19,31
20,75
20,96
20,99
20,139
21,2
21,112
25,100
26,21
28,29
28,185
31,59
31,100
31,103
34,24
35,33
35,116
35,128
35,178
36,78
37,14
37,46
38,73
38,108
38,188
40,8
40,31
42,136
42,170
42,189
44,50
44,162
45,160
46,3
46,79
47,156
51,113
51,149
52,62
52,74
53,10
53,93
55,24
55,73
55,129
55,154
56,111
56,122
56,130
56,141
57,98
58,150
58,184
62,43
62,89
63,158
64,77
66,115
67,108
68,9
69,134
70,15
71,146
72,51
72,95
76,54
78,90
79,56
81,22
81,60
82,174
83,87
85,179
86,110
87,47
87,177
88,157
91,27
91,168
91,197
94,191
97,80
97,155
98,119
98,151
102,42
102,191
105,4
105,66
105,190
106,136
110,57
110,161
113,105
113,153
114,9
114,163
117,36
118,94
118,143
118,182
119,61
119,152
120,97
123,91
124,12
124,48
124,92
124,199
127,23
127,120
127,166
127,190
130,45
130,49
131,67
132,41
132,63
133,121
133,183
136,30
137,37
139,104
140,81
142,107
145,69
146,124
148,151
150,1
150,50
150,53
152,21
152,63
152,145
152,169
153,198
155,96
155,123
156,5
156,64
159,160
161,193
162,135
163,40
164,198
167,138
167,186
168,65
168,109
169,7
171,58
172,18
174,38
175,45
175,101
175,161
176,35
176,107
176,126
178,13
178,93
178,144
178,195
179,165
179,181
180,68
181,176
183,92
184,173
185,114
187,175
188,60
189,168
190,38
190,54
192,43
192,83
192,167
193,32
195,70
195,194
196,22
196,39
197,16
197,18
197,147
199,102
