source,target
0,129
0,196
1,72
1,88
1,142
2,46
3,54
4,61
5,148
7,38
8,85
11,156
12,11
12,124
13,86
16,93
16,139
16,166
20,150
20,174
20,178
21,89
21,91
22,68
22,140
23,138
24,34
24,152
26,81
28,20
28,44
29,58
30,51
30,181
31,59
33,3
34,185
36,117
36,144
37,111
42,53
42,101
44,55
44,56
47,14
47,83
47,86
49,162
54,52
54,175
55,98
56,15
57,6
57,41
57,48
57,90
58,109
58,114
60,4
61,143
62,31
63,129
68,130
68,163
69,151
71,35
71,87
71,153
74,24
75,112
76,162
76,171
77,106
78,19
79,58
79,134
79,197
80,28
82,139
83,23
84,63
84,145
85,135
85,136
87,47
88,40
90,7
90,112
90,175
91,123
94,187
96,190
97,32
97,169
98,172
99,183
100,74
102,168
103,42
108,10
110,19
110,29
110,66
110,116
110,127
110,143
110,159
112,104
113,80
113,184
118,198
119,115
120,7
122,113
123,122
125,16
125,25
125,156
126,5
126,10
128,41
131,106
131,153
132,119
132,164
135,57
135,81
136,95
136,154
138,36
138,187
141,45
142,173
143,50
143,189
144,20
144,37
147,65
147,165
153,9
153,46
154,149
155,33
155,92
156,105
157,192
158,21
158,67
158,151
158,170
159,5
159,96
160,70
160,89
161,26
163,18
163,42
163,52
164,67
165,43
165,119
166,0
166,22
166,141
167,132
167,192
169,90
169,118
171,97
171,194
172,79
175,39
175,146
175,176
176,137
177,59
179,131
180,159
182,27
182,125
182,133
183,107
184,17
185,107
185,147
186,75
186,177
188,93
191,160
193,12
194,168
195,184
197,64
197,76
198,30
198,73
198,121
198,142
199,110
