source,target
0,61
4,143
6,53
6,92
7,60
9,183
10,46
11,156
12,62
12,85
12,185
13,140
13,198
18,68
18,180
19,78
20,17
20,89
20,174
21,173
23,121
23,148
25,106
26,169
28,0
28,113
30,175
32,176
33,73
33,108
34,12
34,158
36,190
40,88
40,175
40,197
42,64
44,54
44,55
45,93
45,141
46,116
46,129
48,130
49,126
51,108
51,133
52,74
53,101
54,43
54,195
56,45
56,54
56,159
56,170
56,194
57,16
57,61
58,70
58,109
59,75
59,128
60,150
64,25
65,21
65,83
67,125
70,189
71,24
72,26
72,131
73,135
74,145
78,138
79,13
80,105
82,86
84,71
85,198
86,31
88,1
88,67
88,117
88,186
89,76
90,112
91,131
92,124
96,115
98,158
102,99
102,189
103,149
105,8
105,42
105,130
105,134
106,65
106,162
107,123
109,37
109,152
109,163
109,166
110,66
110,119
111,22
112,3
113,5
113,103
114,2
115,113
115,122
116,51
116,86
118,27
118,182
119,152
119,181
122,162
122,188
123,15
123,72
123,157
124,34
125,33
127,144
128,40
131,35
131,50
132,112
134,69
135,136
135,199
136,2
136,23
136,154
137,94
138,94
138,192
139,82
142,22
142,147
143,41
143,154
144,39
146,20
147,153
147,193
148,36
148,165
151,24
151,98
152,14
154,180
155,6
155,97
156,47
156,63
159,77
159,100
160,38
160,144
160,146
161,81
163,194
164,11
164,179
165,95
165,160
167,104
167,137
167,177
168,199
169,58
169,63
170,18
170,85
171,91
173,29
173,70
173,120
173,172
178,56
178,126
179,176
180,87
180,145
182,164
182,184
183,196
187,60
187,121
191,167
192,110
193,68
193,161
196,132
196,187
