source,target
0,7
0,33
2,129
3,136
5,72
5,174
9,53
10,9
10,48
10,91
10,185
11,40
12,34
13,39
14,19
17,188
19,16
19,110
20,172
21,15
23,7
23,134
23,138
24,102
24,175
24,190
26,3
26,77
27,25
30,37
31,86
31,116
33,146
35,91
36,159
37,13
37,137
39,181
41,171
42,103
42,162
46,78
46,94
47,100
50,46
51,67
52,101
52,147
52,153
53,18
55,22
56,76
56,154
57,8
57,72
59,47
60,4
60,70
60,166
61,84
62,95
63,38
63,71
63,73
63,115
63,172
64,79
64,108
64,194
65,114
68,137
68,155
68,161
70,58
71,188
72,1
73,40
73,96
73,98
74,169
75,6
75,112
76,57
78,90
79,189
80,24
81,111
81,160
82,65
82,128
84,168
84,199
85,57
85,196
86,180
86,190
87,186
88,120
89,28
89,44
89,132
90,154
90,169
92,48
92,149
93,62
96,62
96,144
96,151
100,109
104,103
105,38
105,51
105,66
106,125
109,157
109,199
110,106
112,0
112,186
113,122
114,176
118,12
121,142
122,56
123,49
123,85
125,25
125,167
126,127
127,108
130,185
131,152
132,63
132,79
133,97
134,69
134,102
135,156
136,45
136,159
138,117
139,49
140,53
142,26
142,43
142,89
143,61
143,99
144,68
146,182
148,54
148,184
152,50
153,131
156,59
156,83
156,88
160,55
161,107
162,23
163,60
165,113
165,160
166,42
166,141
167,80
167,192
168,178
170,41
171,124
171,179
172,29
173,32
175,145
175,150
175,195
176,52
177,138
178,15
178,123
179,183
181,140
181,158
181,164
181,193
183,165
184,17
184,119
185,32
185,197
187,34
187,44
191,2
191,105
195,130
196,173
198,97
198,189
