source,target
0,30
0,81
0,141
0,178
1,83
1,150
3,124
4,32
4,61
4,173
5,77
5,165
6,49
9,34
11,12
11,103
11,114
12,118
14,95
14,177
15,88
16,86
16,128
17,69
17,172
19,53
20,105
24,16
24,151
25,1
25,64
25,116
25,125
26,51
26,60
26,76
27,22
27,28
28,29
30,13
30,37
32,67
35,136
36,117
36,157
37,31
37,137
38,36
38,56
38,167
40,4
40,65
40,163
43,72
43,144
43,178
44,33
44,142
45,55
45,184
46,198
47,191
49,133
49,139
50,75
50,170
51,149
53,189
54,71
54,92
54,94
54,155
56,95
57,80
57,147
58,74
59,156
60,0
62,89
65,47
65,58
65,186
68,98
68,130
68,153
69,100
70,18
70,129
71,192
73,46
73,108
78,187
80,11
81,111
81,134
86,120
87,3
87,180
88,38
96,89
96,114
97,171
97,185
100,159
102,107
105,48
106,81
107,43
109,14
109,84
109,188
112,122
115,10
115,24
115,105
121,119
121,175
122,62
123,45
123,129
123,162
124,164
125,59
126,8
126,66
126,127
127,23
127,63
129,168
131,77
131,166
132,91
132,96
132,164
136,2
136,199
137,132
138,78
140,46
142,92
143,98
144,85
145,97
148,36
148,101
148,104
150,7
150,113
151,31
152,134
152,135
153,73
153,154
154,26
154,90
154,99
155,130
155,183
156,102
156,110
159,29
160,20
161,4
161,185
161,189
162,179
164,9
165,126
165,148
167,123
169,54
170,39
170,42
170,158
170,190
171,41
174,66
175,49
175,146
175,195
176,182
179,73
181,119
182,16
182,28
187,21
187,176
190,115
191,56
193,82
193,93
193,143
194,52
194,61
195,79
195,140
196,103
197,40
199,112
