source,target
0,112
1,178
5,141
6,32
8,168
9,82
9,86
10,145
11,101
11,124
12,5
12,80
12,195
13,146
14,108
14,180
15,147
16,90
16,142
18,106
19,71
19,128
21,94
22,102
23,136
24,90
25,3
25,120
26,36
28,79
32,130
35,68
35,164
40,116
41,19
41,69
41,79
43,167
44,63
45,83
47,13
48,37
50,67
51,11
51,50
52,0
52,14
54,122
55,96
55,104
57,109
57,148
58,194
59,92
59,169
59,173
60,5
60,18
61,129
61,171
62,1
62,156
64,133
66,36
66,115
66,153
67,144
69,51
70,9
72,42
74,134
74,135
74,154
76,46
77,33
77,163
78,42
78,98
82,56
82,60
83,39
83,190
84,65
84,66
85,150
85,198
87,112
88,87
89,38
89,143
91,17
91,192
93,157
95,106
97,55
98,34
102,76
102,187
103,23
103,29
103,77
103,152
104,35
105,84
106,100
106,139
107,17
108,174
109,27
109,99
109,155
109,172
111,21
111,47
114,1
114,176
116,110
117,135
117,155
118,91
122,85
123,126
125,108
126,97
131,58
132,8
132,89
132,189
133,137
135,75
136,188
137,61
137,165
138,132
140,99
141,121
141,186
142,193
143,52
144,60
144,74
144,127
145,48
146,75
147,11
150,7
150,78
153,44
153,151
154,62
155,161
156,22
156,98
156,113
158,100
160,70
165,2
166,0
167,49
167,117
167,149
167,184
170,64
170,68
170,110
170,130
170,157
171,10
171,16
172,4
175,185
177,73
177,172
178,31
179,30
179,138
180,141
183,3
183,20
183,45
183,182
185,114
185,162
187,53
187,81
188,44
188,59
188,170
190,159
190,165
191,179
192,12
193,41
193,119
194,72
195,197
196,43
196,181
199,118
