source,target
0,68
2,58
2,70
2,135
3,25
5,182
7,26
7,100
7,123
11,30
12,5
15,16
16,113
16,117
16,161
19,48
19,73
20,39
24,167
29,97
30,21
30,83
31,197
32,48
32,172
34,56
34,121
35,193
36,173
37,186
38,63
38,128
39,17
39,155
40,134
41,90
42,44
43,132
44,4
44,188
46,1
47,80
49,82
49,112
50,23
50,198
51,118
52,0
52,137
55,7
56,22
56,90
56,177
57,194
58,126
58,183
58,189
60,13
60,122
61,143
62,67
62,145
63,53
64,21
64,181
65,77
65,192
69,111
69,144
71,65
73,122
73,161
74,138
77,93
77,173
77,180
78,102
78,145
78,163
80,54
82,28
83,89
84,118
84,153
86,32
87,168
88,99
89,107
89,141
92,59
94,18
94,185
95,151
95,156
96,27
97,199
98,38
98,160
98,166
98,179
99,110
100,15
100,33
101,47
101,57
101,66
102,46
103,51
105,126
108,164
111,106
112,109
112,195
115,6
117,71
119,82
120,19
120,45
122,67
122,85
124,8
124,69
124,177
125,139
126,23
127,136
129,10
130,120
133,6
133,27
134,133
134,142
134,159
136,116
138,199
139,61
140,10
140,44
140,55
140,114
141,81
142,91
143,75
143,95
143,132
144,47
147,162
148,0
148,20
149,103
150,17
152,85
153,174
154,151
154,190
155,169
157,146
159,87
159,175
160,110
162,92
164,94
165,101
166,14
166,76
168,3
168,9
169,59
169,114
170,74
170,79
170,158
171,60
173,178
174,130
176,104
179,72
180,83
180,108
180,136
181,196
182,49
183,84
184,72
185,25
185,138
185,154
185,167
185,176
186,131
186,166
187,24
190,98
191,179
193,40
195,140
197,9
197,144
197,157
