source,target
0,35
0,64
2,35
2,90
2,168
3,92
4,148
4,161
5,24
5,46
5,71
6,69
7,3
7,150
8,87
8,103
8,155
13,110
13,141
13,186
14,87
15,85
16,10
16,160
17,55
17,129
18,60
19,21
19,121
20,39
20,57
21,101
21,113
25,8
26,74
26,172
27,147
28,194
29,37
31,53
33,77
34,159
35,152
37,197
42,94
45,76
47,67
47,177
48,19
48,62
48,143
50,144
52,156
57,11
57,163
57,165
59,68
60,124
60,153
60,197
61,139
61,152
63,167
65,73
66,102
67,41
67,80
71,108
71,117
71,122
72,18
72,186
73,146
73,166
76,23
78,83
79,47
80,9
82,118
82,189
83,42
85,54
85,198
86,49
86,63
88,133
89,100
89,107
91,101
93,4
93,33
93,50
93,81
94,196
95,106
95,115
97,20
97,111
98,93
98,150
98,151
98,178
100,28
100,36
101,59
102,78
103,65
104,114
109,86
109,127
112,7
112,115
112,158
114,136
116,40
116,137
117,135
118,17
118,84
118,195
119,26
120,25
120,56
121,39
123,132
125,169
126,151
126,162
127,23
127,99
127,130
128,127
129,27
132,181
134,125
135,75
135,105
135,193
136,187
136,188
138,22
138,43
138,97
138,154
140,30
140,192
145,28
148,0
148,58
149,16
151,129
152,38
153,32
153,66
156,142
156,185
157,180
159,134
162,44
162,69
163,12
164,1
164,58
164,182
165,88
165,100
165,126
165,190
166,55
167,53
167,98
170,168
170,174
171,61
172,91
173,110
175,174
177,16
177,137
179,154
180,14
183,45
184,21
184,67
185,138
185,176
186,51
186,96
186,191
187,29
193,89
195,192
196,82
196,181
198,134
198,177
199,70
199,131
199,164
