source,target
1,102
2,62
2,181
4,148
8,33
8,127
9,194
10,31
10,59
11,54
11,57
11,146
12,100
13,23
13,175
14,112
14,135
14,195
15,149
16,120
16,138
17,66
17,107
22,174
23,50
24,187
26,119
26,140
28,147
30,11
30,77
31,53
32,162
37,128
39,17
39,72
41,6
43,40
43,88
43,116
46,78
47,35
47,164
47,168
47,169
51,71
51,118
52,164
55,166
56,82
56,90
56,177
57,27
57,113
58,20
58,44
58,52
61,44
63,1
65,36
66,34
66,94
66,180
70,3
70,153
73,24
73,85
74,38
74,84
74,154
76,104
78,23
79,136
80,115
80,171
81,10
81,60
81,141
82,190
83,152
84,118
86,29
86,167
87,72
88,111
89,18
91,98
91,178
92,126
92,134
92,158
93,8
93,60
96,55
96,195
98,61
99,45
99,172
101,64
101,199
103,0
103,129
104,35
104,197
108,101
109,7
109,189
111,106
113,161
114,185
114,186
115,32
115,83
121,38
122,196
125,160
126,6
126,15
126,28
127,39
129,156
129,185
131,158
132,157
132,179
136,58
136,170
138,102
138,130
138,132
138,184
139,173
140,41
140,193
141,5
143,43
143,67
143,69
143,75
143,100
143,145
144,68
144,116
145,19
145,36
145,89
145,99
149,103
149,148
150,63
151,92
151,133
152,19
153,47
153,66
153,159
154,21
154,67
154,110
155,88
156,144
156,190
157,198
159,49
160,28
160,48
161,73
163,77
165,80
165,124
166,93
167,117
167,163
168,2
169,182
171,37
173,99
174,43
175,109
175,165
175,183
176,21
179,30
181,25
181,139
187,143
188,114
190,105
190,137
191,16
192,65
193,142
194,40
194,95
194,123
196,69
198,42
199,97
199,133
