source,target
1,22
1,189
2,11
2,47
2,135
2,137
2,190
3,4
3,126
4,102
4,183
5,60
7,150
7,171
11,58
12,5
13,141
13,170
13,180
16,128
18,106
18,144
20,14
20,133
22,115
23,117
23,118
23,173
25,115
26,6
32,153
33,65
33,149
33,166
34,38
34,47
35,28
36,114
39,8
39,127
43,140
44,3
48,96
52,30
52,125
52,186
53,0
54,146
55,21
55,162
56,81
58,173
59,57
60,0
60,13
61,40
64,77
66,94
67,50
67,66
68,104
68,165
68,176
69,152
69,184
70,34
70,92
70,113
71,56
71,108
72,18
72,139
72,194
73,93
74,40
76,15
76,32
76,142
78,59
78,102
83,132
83,147
87,74
87,192
88,24
88,43
89,37
90,63
90,85
90,155
91,12
91,16
91,17
91,172
93,41
93,50
93,157
94,132
97,38
97,75
98,117
99,177
99,198
100,84
100,116
100,119
101,127
105,131
106,82
107,186
109,189
111,49
112,87
112,108
115,35
115,158
116,110
117,111
118,51
118,52
118,89
120,90
122,80
122,96
123,112
123,167
124,18
125,72
125,86
126,151
130,136
131,2
131,8
131,169
132,27
132,29
134,22
134,153
134,178
136,138
138,185
139,129
144,156
146,19
146,121
146,172
147,23
148,175
149,105
150,17
154,46
154,62
154,143
154,159
155,116
159,79
160,42
160,182
161,160
162,133
164,35
164,95
165,100
165,154
165,179
166,10
168,9
170,9
170,119
170,134
170,151
172,26
173,64
175,21
175,109
175,174
177,191
178,163
178,187
179,145
181,154
182,44
184,68
184,114
185,103
188,48
188,54
191,31
192,45
193,71
193,140
193,185
194,123
194,134
195,86
196,144
197,152
198,161
199,36
