source,target
1,171
2,39
2,148
2,156
3,80
3,145
3,181
5,77
5,125
7,6
7,71
7,87
8,73
10,59
12,111
12,123
12,180
12,195
13,110
16,10
16,85
17,107
20,58
21,44
21,55
21,132
22,101
23,26
24,88
30,21
32,3
32,79
32,130
33,5
36,199
37,2
38,121
40,126
42,62
42,97
44,155
44,159
45,76
45,172
47,11
47,35
47,60
47,162
49,112
50,52
51,128
51,146
52,58
52,137
52,164
52,179
53,48
53,59
53,154
55,14
60,13
60,125
62,160
63,1
63,150
64,141
67,158
68,190
69,41
69,51
72,157
73,4
73,56
73,93
73,131
74,119
74,134
77,46
78,66
78,89
79,9
79,176
81,96
81,170
82,115
83,45
83,57
83,86
84,15
84,171
88,94
89,167
90,191
91,49
92,178
93,78
94,87
96,27
100,17
100,61
100,84
100,136
103,0
103,173
104,114
104,144
105,104
106,72
106,196
108,165
110,44
110,163
110,194
111,49
111,67
113,89
114,70
115,25
115,35
116,82
117,84
117,151
118,70
121,37
121,161
122,19
126,101
126,153
126,168
127,124
127,138
129,83
130,29
133,92
134,32
134,57
135,180
136,108
136,193
137,18
138,129
138,184
139,7
139,100
140,30
140,188
141,184
142,16
143,52
143,81
144,26
144,42
144,75
145,28
145,177
146,54
146,186
147,79
148,166
149,4
152,65
152,103
153,183
157,151
158,139
158,173
159,34
160,47
160,66
160,183
165,68
166,43
166,114
169,106
170,102
170,192
173,31
174,188
175,48
175,185
178,8
179,98
182,195
184,95
185,11
186,140
187,63
189,27
189,109
190,105
191,17
191,120
191,122
192,12
194,74
197,69
198,99
198,162
199,182
