source,target
0,148
2,182
3,87
5,71
6,104
8,113
8,132
9,197
10,129
11,17
11,59
12,147
13,186
18,107
18,162
19,4
20,98
21,6
21,69
23,65
23,118
23,128
23,129
24,8
25,9
26,126
26,161
28,141
30,52
30,166
32,44
32,77
33,5
34,26
35,68
35,156
36,7
36,175
38,37
41,141
43,39
43,100
43,185
45,76
45,86
47,109
47,133
48,53
48,63
49,143
49,198
50,177
51,29
51,54
51,56
52,4
52,160
52,199
54,11
55,118
57,58
57,194
59,173
61,84
61,152
61,184
62,42
62,115
62,144
63,128
64,2
64,181
64,190
66,34
67,78
69,40
69,165
70,182
73,120
77,187
78,150
80,25
80,32
80,79
80,122
81,93
81,134
82,60
82,74
83,6
84,105
84,119
85,67
85,71
86,125
87,168
88,47
90,66
91,163
91,183
92,170
93,90
94,99
94,108
95,30
96,38
97,42
98,132
99,140
100,3
100,127
101,2
102,23
102,94
102,196
103,31
106,49
106,110
109,27
109,159
110,14
115,1
115,197
116,7
116,111
116,198
123,156
124,46
126,91
126,115
126,131
126,180
127,38
127,74
127,81
127,98
127,103
129,130
132,189
133,137
133,188
136,28
136,177
138,97
138,123
139,114
139,133
139,151
141,121
141,171
142,65
142,193
144,22
145,117
146,60
146,75
147,88
148,116
148,119
148,178
149,172
151,23
151,89
152,112
153,145
153,159
154,125
155,169
155,192
157,80
158,92
163,85
163,86
163,116
163,164
165,62
165,99
166,0
166,73
167,13
167,46
170,102
170,174
172,15
172,32
173,136
174,191
176,114
179,21
180,135
183,16
185,162
186,41
186,52
188,72
190,82
192,33
194,43
195,167
