source,target
0,154
1,101
2,109
2,199
3,89
5,12
5,33
7,199
8,24
10,126
14,20
14,84
15,10
15,16
17,57
17,121
18,23
19,60
19,73
21,190
22,43
23,102
24,113
26,108
26,161
32,110
32,159
33,65
35,193
36,61
36,67
37,11
37,69
37,75
38,19
41,121
42,0
42,46
43,174
44,179
44,182
47,139
47,140
49,36
49,86
50,29
51,29
51,122
51,157
54,12
54,128
54,146
55,195
56,177
57,142
57,181
57,185
58,181
61,104
62,67
63,89
68,31
69,104
69,115
69,124
70,96
70,151
71,5
72,42
74,165
76,93
79,48
80,2
80,25
80,64
81,103
81,152
82,119
83,132
87,3
87,30
87,111
87,114
89,39
90,186
91,105
93,197
94,9
94,86
94,129
95,35
96,35
96,184
96,194
98,66
98,118
99,80
99,115
99,123
99,172
100,17
101,47
101,82
102,134
102,187
105,74
106,49
107,139
108,94
108,153
110,100
113,198
114,144
114,169
114,188
115,195
116,71
117,162
122,161
123,92
124,1
124,40
125,2
126,4
126,171
131,33
131,155
132,170
133,59
133,80
134,9
135,131
138,136
138,144
138,164
140,19
140,112
140,147
140,192
142,43
145,130
145,172
149,4
153,84
154,21
154,53
155,44
156,98
158,77
159,28
159,176
163,120
164,106
165,13
165,32
165,34
166,30
166,52
168,8
168,162
170,79
170,168
171,41
171,85
171,127
173,148
173,156
173,158
175,159
176,6
176,68
177,79
178,65
178,78
178,163
179,27
179,191
180,50
180,183
183,97
183,160
184,37
184,152
185,137
185,167
186,107
187,143
189,125
190,138
191,90
191,141
192,45
192,91
195,150
196,173
197,24
197,51
197,118
198,88
