source,target
3,28
5,128
6,115
7,176
7,184
7,192
9,6
9,70
10,94
10,129
11,118
13,167
14,191
15,5
15,126
15,145
16,85
17,14
17,91
17,166
18,3
21,36
22,102
23,65
23,76
23,183
24,15
26,52
27,35
27,70
28,123
28,138
29,46
31,197
32,145
35,1
35,132
35,193
37,11
37,152
38,112
38,151
41,121
41,130
41,140
42,81
46,33
47,79
49,61
49,109
49,183
51,29
52,59
52,106
55,53
56,120
57,175
58,131
58,170
59,152
60,157
61,107
61,160
61,178
62,36
63,109
64,77
66,101
66,194
67,2
69,143
72,60
74,68
75,165
75,179
77,147
78,7
78,19
78,34
78,65
78,89
80,141
81,92
82,48
83,57
83,89
84,74
86,45
86,134
86,184
87,117
87,133
87,137
87,139
87,147
88,90
91,25
93,98
93,151
94,108
95,135
97,111
98,0
100,21
100,91
100,127
100,149
100,192
102,66
102,104
103,32
110,87
111,144
113,172
114,41
115,68
115,171
116,4
119,61
119,105
120,45
121,34
121,37
122,150
122,196
123,12
124,8
124,9
125,30
125,67
126,40
126,80
126,167
129,119
130,29
130,153
131,20
135,186
136,54
136,188
137,18
137,96
138,92
138,161
138,190
141,64
142,35
143,49
143,187
144,23
146,78
148,97
148,163
150,17
150,85
151,156
152,50
154,55
154,110
154,155
157,95
158,43
159,43
159,69
161,37
161,199
168,99
169,140
171,90
171,146
172,71
174,22
177,86
179,116
179,154
180,73
180,98
180,163
181,100
182,39
182,113
182,164
183,44
185,168
186,27
188,10
189,31
189,58
190,2
190,168
190,173
192,162
194,79
194,124
195,130
197,24
197,82
198,72
199,164
