source,target
0,10
0,53
4,73
4,102
6,69
6,104
7,109
8,124
8,166
9,19
10,97
13,3
13,167
15,32
16,188
17,28
17,84
17,190
18,94
20,58
20,64
21,74
21,101
21,103
21,108
21,134
21,137
27,84
27,163
27,189
29,125
30,34
30,181
31,148
32,127
34,98
35,68
36,0
39,43
40,88
41,54
41,157
43,70
49,168
50,93
50,198
55,44
55,141
58,95
59,39
59,162
60,122
62,160
65,179
66,100
66,170
67,125
67,154
67,165
67,171
68,1
68,88
68,107
68,175
68,187
69,144
70,17
70,118
71,193
73,56
73,96
73,184
75,76
75,187
76,78
76,112
77,5
77,65
78,15
78,145
79,101
83,21
85,103
85,150
86,45
89,115
90,2
90,11
90,81
90,128
90,155
91,25
92,59
92,139
92,178
93,71
94,9
94,99
94,129
94,155
95,106
96,67
97,16
97,38
97,87
97,191
99,35
99,194
103,31
105,156
108,199
109,158
110,42
110,72
112,138
113,24
114,143
114,184
115,116
115,164
116,23
117,87
119,95
120,177
122,161
123,92
124,18
124,46
126,91
126,159
127,130
127,170
127,185
128,63
132,129
133,37
133,52
133,60
133,86
135,131
136,114
137,47
137,152
137,177
141,82
142,91
144,3
144,4
144,22
145,121
146,13
147,34
147,140
147,176
149,57
149,142
151,6
153,27
156,136
157,186
158,89
160,9
161,33
161,61
161,113
163,111
164,82
164,110
164,183
165,80
168,28
171,126
172,117
173,100
176,79
179,132
180,135
182,172
183,12
183,58
183,113
183,149
185,26
185,83
185,169
186,20
186,51
186,131
188,151
188,174
190,105
192,45
195,14
195,48
195,56
197,50
198,137
198,196
199,139
