source,target
0,185
1,43
3,158
6,138
6,242
8,136
9,222
10,209
11,214
14,109
15,35
19,44
19,128
19,138
19,139
19,256
21,114
22,278
23,24
23,55
23,231
23,232
24,6
27,166
27,200
28,92
28,298
29,23
29,168
30,184
30,287
30,295
31,145
34,158
35,131
35,240
35,249
36,284
37,95
37,108
37,157
38,153
39,137
42,47
42,61
42,182
44,127
45,50
45,148
49,132
49,260
50,225
50,230
52,155
52,201
56,38
57,219
61,68
61,253
63,133
64,165
65,69
65,156
65,222
66,248
67,5
68,105
70,122
71,197
71,275
72,188
74,286
75,76
76,26
76,46
76,162
76,293
78,64
78,154
78,282
79,73
79,189
81,149
81,190
82,113
82,175
83,93
83,186
83,279
85,2
85,102
85,218
86,261
89,185
89,277
91,269
92,96
93,124
94,86
95,40
95,75
95,115
95,228
95,246
96,151
98,113
98,299
100,272
101,29
102,54
102,89
102,296
103,162
105,128
106,136
106,253
109,22
110,37
110,59
110,212
117,232
121,55
124,183
126,139
126,245
127,25
127,140
128,120
129,21
129,97
129,202
130,31
131,206
132,7
134,259
137,112
137,177
138,263
139,119
139,141
142,4
144,85
145,90
146,111
147,103
149,41
149,104
149,267
150,194
151,101
153,62
153,87
153,177
156,71
156,118
158,199
159,35
159,168
160,3
161,160
161,247
163,135
163,143
163,144
163,229
165,42
166,187
166,216
166,234
167,127
169,34
169,65
170,0
173,15
174,10
174,77
175,197
175,205
177,152
177,236
179,200
183,117
187,150
188,292
191,225
191,255
191,275
192,145
192,223
192,250
193,17
195,53
195,58
196,134
198,32
198,245
204,215
205,254
207,18
207,172
207,265
209,251
210,190
211,125
211,208
211,289
213,111
213,236
213,286
214,167
214,288
215,126
215,233
216,178
220,4
220,28
220,52
221,48
221,150
221,220
224,184
226,285
229,227
230,51
230,88
230,171
231,180
235,152
239,80
239,163
239,195
242,60
242,62
242,169
243,180
245,262
248,235
249,79
250,48
250,241
251,246
252,30
252,181
253,16
253,203
254,5
254,281
257,32
257,107
258,116
258,131
258,238
259,157
260,159
260,264
261,196
263,176
265,13
265,91
266,84
266,237
266,239
267,195
268,43
268,122
268,283
269,11
270,226
271,33
271,229
272,52
273,57
274,17
274,192
276,296
277,57
277,99
277,221
280,294
283,164
283,211
283,278
284,12
284,264
285,56
285,133
286,123
287,84
288,217
289,82
290,54
291,13
291,280
292,9
292,114
297,19
297,46
298,20
299,244
