source,target
1,120
1,259
2,72
2,206
3,202
4,162
6,93
6,241
7,134
9,298
10,85
13,32
15,157
16,40
17,92
17,106
18,290
19,44
19,227
21,151
21,171
22,109
23,55
23,140
23,261
25,18
25,141
26,72
27,270
27,276
27,282
28,172
28,298
29,168
31,7
33,223
37,76
38,67
38,195
39,233
40,158
41,53
41,104
41,198
42,265
43,45
43,120
44,288
45,278
46,170
47,60
47,111
47,131
50,116
50,220
52,70
53,113
53,207
55,144
55,239
56,101
56,126
56,228
56,289
57,136
58,149
59,93
59,216
59,256
60,125
63,16
64,280
65,168
65,260
66,50
66,228
66,296
67,8
67,236
68,261
72,71
73,41
73,176
74,115
74,124
76,75
76,81
78,109
81,119
81,190
82,166
82,175
85,150
85,232
86,129
87,99
89,48
90,20
91,251
91,288
93,83
94,82
97,74
97,291
98,156
102,54
103,161
103,186
104,237
108,200
111,160
112,148
113,142
114,103
114,124
117,183
117,248
121,123
121,277
121,297
124,95
125,169
128,1
130,106
130,218
131,65
131,87
131,118
131,195
132,158
132,166
134,144
136,0
136,159
136,234
138,13
138,139
139,140
139,180
140,100
140,127
141,5
143,272
145,105
145,189
145,271
146,119
146,229
147,96
148,28
148,73
149,226
150,3
150,201
150,245
152,58
153,34
153,56
154,66
156,287
159,102
160,39
161,155
163,24
163,263
164,90
164,108
164,270
165,31
167,18
167,55
167,64
170,230
171,80
171,181
173,15
174,137
177,6
177,61
178,37
178,84
179,87
179,216
179,250
180,292
180,299
181,30
181,193
181,202
181,217
181,258
181,267
183,187
183,235
184,4
185,152
188,67
189,179
190,196
192,194
194,35
194,151
197,62
197,167
197,175
199,13
203,12
203,52
203,61
204,172
205,197
206,38
208,269
209,44
211,25
212,193
213,224
214,4
214,219
218,162
221,178
221,277
225,128
226,253
228,110
229,185
230,77
230,121
230,284
234,49
234,160
235,26
236,89
236,135
237,51
237,247
238,127
240,214
240,274
240,294
241,133
241,143
242,88
242,137
242,271
243,47
243,255
246,212
247,2
248,14
249,79
249,210
249,295
250,33
250,107
250,192
250,214
252,264
253,86
254,96
254,266
255,215
257,236
259,240
262,116
263,138
264,213
265,182
265,246
266,80
267,146
269,78
269,249
271,69
271,213
273,19
275,190
276,231
277,122
279,32
279,244
280,208
281,191
282,111
283,28
283,268
285,262
286,173
287,36
287,125
288,11
289,59
289,155
293,75
293,222
295,153
295,157
295,191
295,227
