source,target
1,61
1,124
1,151
3,227
4,61
4,220
6,242
7,11
7,178
9,222
9,272
10,265
12,146
13,48
13,57
13,125
15,35
16,213
18,25
22,9
22,109
22,188
23,250
25,253
26,276
27,36
29,104
31,169
34,95
34,240
35,81
36,2
36,144
37,66
39,85
40,270
40,294
41,207
41,273
43,63
44,107
44,138
46,55
47,17
47,198
47,240
48,221
49,34
49,251
49,271
51,220
52,120
52,201
53,192
53,193
54,260
55,132
56,211
58,18
58,158
60,111
64,32
64,192
65,12
65,78
66,119
67,246
68,226
69,28
69,229
72,41
72,86
73,148
75,279
76,60
77,174
78,265
80,167
82,2
83,100
83,186
85,88
85,162
89,137
89,160
89,295
90,56
90,205
92,45
92,252
93,156
94,139
94,196
95,130
95,189
95,253
96,244
96,283
97,69
100,46
100,289
101,19
101,147
101,161
102,159
102,260
103,279
105,225
106,87
106,149
106,153
106,263
107,79
108,266
110,199
110,212
110,218
110,231
110,243
112,292
113,139
115,0
115,23
115,163
116,76
118,129
119,30
119,160
121,123
121,288
122,50
122,283
124,120
125,54
125,239
128,38
129,30
130,35
130,89
131,210
131,249
132,7
132,40
134,98
134,274
135,133
136,110
136,183
137,217
140,195
141,42
143,87
143,286
145,191
146,31
146,62
147,164
147,247
148,128
148,208
149,86
151,194
153,229
153,259
154,291
155,161
160,111
163,65
164,254
165,64
165,157
166,184
168,154
168,284
169,91
169,151
169,179
170,127
171,21
171,80
171,101
172,278
173,8
173,15
174,262
175,82
177,16
178,43
179,190
179,258
180,282
181,85
181,241
182,275
184,20
184,171
185,152
189,74
190,185
190,269
192,187
193,281
196,115
200,107
202,44
202,172
202,181
203,10
205,232
206,285
207,262
208,63
208,92
208,228
208,256
209,261
209,280
210,239
212,117
213,105
214,277
215,143
216,166
218,14
218,33
219,24
219,231
220,275
221,177
222,70
222,204
226,218
227,134
230,170
230,223
230,224
231,142
232,238
233,156
233,237
234,189
235,0
235,140
235,293
236,75
236,257
237,73
237,127
242,121
242,150
243,94
245,190
246,37
248,209
252,6
252,53
254,5
254,175
255,105
255,216
257,13
258,104
258,181
264,248
266,84
266,96
266,125
267,180
268,182
269,133
270,145
273,91
273,285
274,42
274,47
276,264
277,197
280,233
282,176
282,205
284,59
287,207
288,36
288,214
290,54
290,114
291,56
291,234
291,297
292,155
293,71
295,26
295,258
296,1
296,272
298,99
298,126
298,136
299,75
