source,target
0,16
0,137
3,54
6,121
6,297
7,11
7,139
8,212
9,104
9,217
11,15
15,231
16,40
16,109
17,57
17,149
18,25
18,58
18,80
19,86
19,168
19,226
20,4
20,173
21,114
22,52
22,281
23,115
23,214
23,229
24,149
24,172
24,173
26,72
26,85
26,234
27,98
29,106
30,65
30,151
30,186
31,255
32,77
33,293
34,137
34,236
35,56
36,284
37,18
37,188
37,283
40,88
40,93
40,110
41,75
41,78
42,1
42,259
42,270
43,278
44,73
45,112
46,39
47,295
51,71
51,91
51,126
52,203
56,19
57,192
58,10
58,242
59,94
59,166
59,195
60,81
60,89
60,221
60,265
63,275
64,41
65,68
65,138
65,156
66,157
69,24
75,190
76,190
77,2
78,10
79,147
80,107
81,12
81,196
81,282
81,287
81,291
82,79
84,178
84,215
85,62
85,116
85,118
85,159
85,276
88,162
90,27
91,38
92,208
92,211
94,210
95,37
97,124
99,61
99,143
100,44
101,30
102,130
104,272
105,282
109,241
110,106
110,194
111,76
111,230
111,267
112,219
113,142
114,254
116,184
119,158
124,235
125,83
126,67
126,133
126,211
127,49
127,55
128,105
128,120
129,21
130,2
131,17
131,102
133,53
134,165
136,132
138,95
140,246
140,252
143,257
144,180
144,181
145,123
146,0
147,205
147,225
147,244
148,220
149,279
149,289
152,292
154,204
154,207
154,224
155,161
156,27
156,245
157,85
157,209
158,199
159,122
160,169
161,267
163,115
163,158
163,238
163,294
164,70
164,281
165,271
166,290
167,174
167,257
168,171
168,258
168,296
169,250
170,223
171,200
172,278
174,116
175,119
178,49
178,251
179,163
181,31
181,253
182,160
185,270
187,159
189,179
190,33
190,135
191,255
192,189
193,218
194,46
194,75
194,142
194,183
195,3
197,286
198,237
201,150
201,152
202,266
203,73
203,187
204,269
206,182
207,167
208,63
212,94
213,133
218,64
218,239
220,269
222,9
223,86
224,254
225,103
226,87
228,117
228,175
228,243
231,193
231,219
233,48
234,131
234,233
237,26
237,108
242,153
242,249
243,14
243,216
246,235
247,50
247,277
248,227
248,264
248,280
249,79
249,145
249,206
249,264
250,23
251,34
252,59
253,111
256,154
257,141
259,156
259,240
260,198
261,146
262,153
263,74
263,88
263,177
266,291
268,172
271,100
271,299
272,288
273,13
273,170
273,232
274,42
274,47
275,96
275,125
275,268
277,144
283,28
284,261
285,262
286,228
287,36
287,132
287,272
292,29
292,176
294,140
296,101
297,248
298,5
298,99
