source,target
2,102
2,288
4,188
5,8
5,286
6,58
6,177
7,178
9,112
14,144
16,1
17,267
17,287
19,264
20,52
20,67
20,90
21,171
22,292
24,189
25,72
25,294
26,121
26,248
29,83
31,165
32,2
34,238
36,132
37,146
38,48
41,280
42,74
43,93
43,195
44,173
45,278
47,129
47,146
47,199
47,249
48,140
48,144
48,276
49,256
49,271
50,56
54,125
55,60
56,239
57,17
57,40
61,212
63,39
65,236
67,5
68,204
69,206
71,293
74,261
75,93
75,186
77,159
78,65
79,202
79,282
79,299
81,169
81,217
83,167
84,291
85,183
85,269
88,55
88,57
88,183
88,212
89,267
90,154
91,42
92,28
92,50
93,6
94,95
94,157
94,273
95,216
96,182
97,137
97,145
97,270
98,156
98,158
99,124
100,115
103,128
103,161
106,33
106,54
108,211
109,28
110,198
111,35
111,47
111,76
111,213
112,172
113,7
114,281
115,44
118,282
121,178
121,218
121,250
122,70
122,106
122,225
123,82
124,254
125,21
125,123
125,214
125,227
126,133
126,233
127,107
127,150
128,148
131,87
131,231
131,232
134,245
134,255
135,221
138,75
138,249
138,295
138,297
139,141
139,149
140,235
141,96
141,101
142,263
143,272
146,59
147,73
147,184
149,233
150,201
150,259
151,21
152,33
153,120
153,262
154,46
154,66
154,176
155,289
155,292
156,130
157,85
158,226
158,264
159,6
159,16
160,111
160,242
161,155
162,98
164,247
165,134
166,117
166,297
167,64
167,68
170,80
171,168
173,88
174,34
175,18
175,228
179,138
179,192
179,258
181,171
182,268
183,194
185,190
186,104
187,163
189,69
189,123
190,119
190,136
190,277
193,49
196,180
196,184
196,246
197,62
197,205
200,179
202,253
203,10
203,105
203,188
204,177
206,32
207,41
207,259
208,23
210,13
211,126
212,0
212,39
214,243
215,232
217,122
219,229
220,114
221,149
223,192
224,284
226,31
227,36
228,139
230,193
230,237
231,175
232,53
233,163
233,236
235,26
237,51
241,27
242,34
244,78
246,15
246,24
246,170
248,209
249,229
250,162
250,265
251,118
251,247
253,203
254,266
255,105
255,234
256,30
256,261
257,143
257,145
258,12
259,260
262,11
262,13
263,252
265,3
266,25
268,43
271,113
272,279
273,110
273,240
274,216
275,86
275,191
275,258
278,62
278,283
279,38
279,298
280,23
280,265
281,90
281,172
282,136
283,4
284,116
285,256
286,79
287,135
288,11
288,257
289,29
289,84
290,166
292,222
293,128
294,81
294,186
295,239
295,252
295,284
296,237
299,27
