source,target
1,120
1,247
2,130
4,61
5,72
6,157
7,261
9,103
10,121
12,170
14,104
15,0
15,189
17,262
19,37
19,56
20,283
21,181
23,143
23,231
24,187
25,127
25,141
26,132
27,118
33,137
34,240
35,90
35,102
35,194
35,286
36,32
36,44
38,281
41,149
41,163
42,11
43,220
45,92
46,110
49,271
50,183
54,47
54,179
55,136
56,64
56,153
57,219
59,252
59,289
60,30
61,65
63,58
63,288
64,41
64,144
65,260
67,224
68,28
69,13
70,37
71,66
71,244
72,25
75,93
75,294
78,116
79,282
83,167
88,57
89,178
89,280
91,213
91,224
94,82
94,124
94,157
95,263
97,291
98,223
98,270
99,105
101,129
101,148
102,166
103,114
106,177
107,79
108,133
108,171
109,14
109,28
110,108
110,161
110,212
111,49
111,81
111,230
113,142
114,101
115,235
116,26
116,146
119,46
119,53
119,234
119,297
121,239
124,1
125,13
125,86
125,169
125,210
125,226
125,275
126,51
126,287
127,238
128,225
128,269
129,17
129,126
131,77
131,295
132,75
133,104
133,126
133,154
135,55
135,172
136,48
137,115
137,249
138,6
138,16
139,200
140,252
141,186
143,241
147,15
147,272
150,245
150,257
151,21
151,241
153,87
155,254
156,190
156,257
158,285
159,39
162,4
163,7
163,250
164,8
164,184
165,71
165,74
165,134
165,145
165,276
166,24
166,291
167,214
170,80
175,113
179,160
179,259
179,264
181,91
181,144
181,176
181,193
181,217
181,242
182,96
183,117
183,173
184,147
185,235
187,218
188,203
189,27
191,275
192,261
193,106
194,175
195,31
195,35
197,286
198,279
200,107
201,152
203,10
203,73
205,197
206,204
207,274
210,243
211,84
214,156
215,29
215,233
216,3
216,32
216,84
216,89
216,208
216,274
217,112
218,165
218,239
218,251
220,51
220,52
222,74
227,149
228,174
228,204
229,262
230,209
231,130
231,219
232,85
233,240
234,183
236,38
236,105
236,216
239,48
243,297
244,152
245,215
247,151
247,237
249,87
249,285
250,168
250,216
250,233
253,3
254,175
254,266
256,127
257,255
258,59
260,54
261,40
262,58
263,234
264,30
264,94
265,85
265,221
266,22
267,115
269,268
271,62
271,88
271,180
273,76
273,139
273,270
274,17
274,80
274,92
274,199
276,265
277,209
278,128
279,93
281,164
282,122
282,123
282,176
284,178
286,42
289,100
289,155
289,182
290,18
290,267
291,228
292,288
293,33
294,39
294,273
295,19
295,196
296,118
297,246
297,248
298,20
298,141
298,244
298,293
299,23
299,202
299,268
