source,target
0,299
1,40
1,85
1,195
2,157
2,166
2,296
5,281
6,252
7,121
9,211
10,267
12,104
13,32
13,232
13,265
15,78
15,115
16,150
19,30
19,68
22,109
23,126
23,229
23,259
23,287
24,23
26,60
26,131
26,212
26,248
29,289
31,145
32,95
33,235
34,137
34,138
35,136
36,244
36,284
39,159
39,187
39,227
40,57
40,230
41,256
42,74
44,59
45,99
45,112
46,199
47,86
47,210
48,276
49,140
50,237
51,215
51,224
52,279
54,169
56,125
56,285
57,253
59,24
59,77
61,180
64,165
64,246
67,29
69,221
70,128
71,161
72,240
75,186
76,62
79,84
79,147
81,245
81,294
82,160
83,47
84,21
85,78
87,134
88,198
89,285
90,155
90,164
91,122
91,288
92,220
93,216
95,182
96,244
96,298
98,43
98,139
98,217
99,13
99,20
100,251
102,130
102,230
104,106
106,81
106,213
107,80
107,127
109,14
109,75
110,197
110,227
112,75
113,180
116,94
116,124
118,239
119,39
119,160
119,226
121,239
121,256
121,264
121,282
122,4
127,48
128,213
128,225
131,87
131,94
131,143
132,16
132,223
137,153
138,18
138,243
139,38
139,53
139,56
139,100
139,206
141,5
142,33
144,63
144,97
145,90
146,46
146,205
148,288
149,167
149,219
152,10
152,201
154,194
158,7
159,65
159,108
161,247
163,179
164,8
164,83
164,114
165,241
166,77
169,151
169,258
171,11
171,184
173,25
173,54
175,231
176,292
177,259
179,156
179,190
179,192
180,73
180,299
181,171
184,173
185,162
185,183
186,103
188,98
189,155
190,44
190,140
190,269
190,295
193,55
193,123
194,85
195,92
196,35
196,142
197,17
197,168
198,132
199,49
199,129
202,185
204,39
204,172
205,37
205,211
210,131
211,290
212,4
212,88
213,271
214,266
215,66
215,105
218,273
220,204
223,33
223,158
224,207
224,254
226,117
227,255
231,15
233,144
234,253
236,135
236,178
237,133
237,135
238,41
239,10
239,183
241,1
241,222
242,229
243,269
245,262
246,61
247,101
248,209
249,119
250,120
250,233
251,34
251,62
251,178
251,266
252,19
252,260
254,96
255,174
257,111
257,246
258,176
258,215
259,55
259,263
260,17
261,58
261,248
262,118
264,249
265,64
265,221
266,72
267,219
269,208
270,228
272,22
273,56
274,89
274,170
274,216
276,27
276,102
276,200
277,107
277,250
278,247
278,268
278,277
279,242
280,291
281,51
283,147
283,298
284,159
286,42
286,197
287,3
287,110
288,203
289,275
289,280
291,116
293,71
295,191
295,270
297,95
298,28
