source,target
1,10
2,87
2,200
3,81
5,8
5,90
6,76
6,187
6,297
7,178
7,209
7,249
9,112
10,259
12,170
14,168
15,78
15,173
16,89
16,109
17,19
17,58
19,101
20,38
23,57
23,115
24,46
26,194
26,246
27,145
27,203
29,31
29,104
31,98
32,36
34,136
34,153
35,55
35,77
37,236
38,280
39,119
39,183
40,116
40,158
41,238
42,33
42,61
45,292
47,83
47,284
47,294
48,190
49,230
51,126
52,139
52,201
52,220
53,135
54,274
56,195
56,239
57,170
58,242
60,218
61,93
61,212
62,57
63,43
63,163
64,162
64,290
65,192
68,105
69,229
71,197
73,45
73,96
74,124
74,277
74,286
75,216
76,130
77,22
77,25
77,171
78,24
78,65
78,288
79,160
80,82
81,85
82,2
82,299
84,18
84,178
86,121
86,198
89,137
91,38
91,248
94,67
94,125
94,157
95,226
95,261
98,188
99,88
99,132
100,73
100,180
103,141
105,128
105,213
106,193
106,218
106,243
106,263
107,13
108,67
111,47
111,85
114,275
116,86
116,291
118,262
119,30
119,160
120,91
121,41
122,217
123,165
123,270
124,52
124,97
125,26
125,260
128,9
129,35
129,202
129,299
131,278
132,219
132,223
133,72
133,208
134,63
135,133
138,253
139,100
140,49
141,14
143,54
144,181
146,17
146,179
146,276
147,184
151,194
152,220
153,279
154,66
154,168
156,228
156,257
157,131
159,161
161,51
161,71
162,34
164,151
165,74
165,245
167,210
169,54
169,174
172,28
175,254
176,110
180,113
181,64
183,111
183,117
184,173
185,258
186,83
189,136
190,245
191,281
193,123
195,44
195,252
196,94
196,142
196,227
198,122
198,222
198,268
203,295
204,36
204,269
205,272
206,182
207,233
208,75
209,277
210,118
211,188
211,273
212,8
212,99
213,6
213,50
213,224
215,14
215,149
215,167
216,255
217,0
218,285
219,267
220,148
221,177
221,265
225,122
228,44
228,63
228,146
228,206
228,258
228,265
229,284
231,110
232,23
232,157
233,221
233,251
234,166
235,150
236,127
237,92
241,172
242,21
242,199
242,289
244,206
245,102
247,237
248,185
250,65
252,240
253,40
254,96
254,155
255,271
256,7
256,59
257,236
259,153
259,256
261,4
262,48
264,21
264,246
266,205
267,180
267,261
268,1
268,70
269,29
271,145
271,166
272,287
273,77
273,78
273,169
273,295
275,279
277,89
277,197
277,247
281,114
281,172
281,283
282,257
284,287
288,298
289,140
289,211
291,235
292,39
292,176
292,296
293,120
294,11
294,156
294,214
295,13
295,76
