source,target
0,137
2,206
3,255
5,8
5,270
6,265
7,23
7,171
8,173
9,103
11,120
13,123
13,233
13,264
14,258
15,199
16,177
17,106
17,170
19,225
23,157
23,231
24,246
25,29
25,32
27,274
28,293
29,106
30,19
31,71
31,261
34,85
34,86
35,205
35,210
36,117
38,2
38,90
38,91
39,187
42,182
44,202
45,73
45,112
46,48
46,125
47,192
49,94
50,217
51,161
53,226
54,130
54,169
55,239
56,291
58,195
58,208
59,57
59,93
64,19
64,118
64,192
64,209
67,180
67,283
68,28
68,172
69,198
70,114
71,272
73,96
74,165
76,37
76,110
76,183
77,51
77,200
78,91
78,158
79,61
79,140
80,292
81,35
81,162
82,107
84,21
85,54
85,60
87,86
89,163
89,215
92,204
93,6
93,124
98,259
99,57
100,174
101,56
101,114
101,279
102,100
102,276
104,66
104,194
104,237
104,274
108,13
109,16
109,22
109,75
110,246
111,76
111,267
113,79
116,4
119,53
119,65
120,52
120,269
122,247
125,227
126,5
126,298
127,8
128,38
129,197
132,138
133,67
133,230
134,153
135,133
135,296
136,59
136,144
137,176
138,18
139,89
140,49
141,67
141,103
141,134
142,196
143,245
145,43
146,160
146,181
146,242
146,295
148,64
150,3
150,233
154,50
154,95
158,34
158,285
159,136
161,141
163,41
163,179
163,235
163,238
164,294
166,82
168,181
170,40
174,6
174,62
174,140
174,228
175,109
176,193
177,223
178,7
179,243
183,0
183,115
183,234
184,20
184,169
186,200
188,155
190,58
191,105
194,116
194,297
196,253
197,209
197,277
198,151
198,229
199,110
200,156
201,152
202,129
204,39
204,88
204,222
207,1
207,262
208,63
208,78
210,166
210,216
210,236
211,80
211,290
212,39
213,50
213,237
214,219
214,267
215,240
216,43
216,257
220,101
220,288
221,178
223,98
224,126
226,189
227,229
228,10
228,139
228,152
229,185
230,119
231,31
231,121
232,131
233,83
234,190
234,245
235,33
241,275
243,18
243,260
243,266
245,218
245,252
247,172
247,251
248,26
248,146
249,61
250,286
253,95
254,283
255,203
256,15
256,149
257,111
258,104
259,10
261,74
261,248
262,17
262,244
263,75
264,12
264,42
266,72
266,211
267,289
268,1
269,131
270,164
271,49
273,166
274,40
274,189
275,84
275,96
277,144
277,293
278,87
280,47
281,279
282,227
282,232
284,36
286,236
287,81
287,239
289,167
291,13
291,84
291,97
291,221
292,88
292,147
292,188
292,220
294,263
295,191
295,284
295,287
297,269
297,273
299,0
