source,target
0,55
0,70
0,98
1,18
2,66
3,15
3,21
6,62
7,31
7,38
8,23
10,36
10,76
11,40
11,81
14,49
14,88
14,97
15,26
20,42
23,53
24,37
24,65
25,93
26,68
27,9
27,58
27,86
28,2
28,73
28,99
30,56
33,49
34,67
35,39
38,94
39,81
41,25
41,95
42,61
44,19
44,31
45,57
47,5
47,13
47,77
48,70
50,32
50,87
52,0
53,91
56,83
57,12
58,52
59,28
59,46
59,71
60,99
61,82
62,27
63,7
63,90
64,16
64,43
65,30
65,48
66,16
66,29
68,51
69,85
73,22
74,24
74,39
74,69
74,96
75,4
75,54
75,55
76,25
77,14
80,34
80,97
81,1
81,17
81,84
82,48
83,64
87,90
88,59
88,72
89,10
89,78
91,5
92,93
94,15
94,20
95,57
95,74
97,79
