source,target
0,7
1,19
2,75
5,91
6,87
7,72
9,32
10,76
12,25
12,37
12,57
12,95
14,88
15,13
15,42
15,47
16,64
20,45
22,92
23,8
24,55
25,28
26,63
27,39
27,51
28,6
28,70
33,0
34,67
34,80
38,7
38,16
39,1
39,44
39,59
39,93
42,17
42,35
42,41
42,61
42,86
43,4
43,25
44,88
45,26
45,36
46,65
48,46
49,77
50,10
50,12
50,22
50,32
52,21
52,75
53,23
53,91
53,97
54,79
55,40
55,52
56,30
58,41
58,52
58,65
59,73
60,44
62,40
64,58
64,85
64,93
66,76
68,11
68,26
68,49
68,74
68,94
71,82
78,89
79,3
79,56
80,18
81,31
81,38
82,49
83,15
83,56
84,57
85,69
89,29
89,33
90,85
94,81
95,24
96,43
97,78
97,80
98,3
99,60
