source,target
1,28
3,98
5,7
5,54
6,22
6,42
9,27
11,40
11,61
11,68
12,10
12,81
12,89
15,3
15,21
16,38
16,66
17,32
18,62
20,94
22,46
22,50
22,69
22,87
23,8
24,68
26,15
26,32
27,35
28,25
28,47
28,70
32,72
32,84
34,67
34,80
36,49
36,74
37,23
38,65
39,27
39,73
39,93
40,59
42,30
42,41
42,56
42,85
43,4
45,0
45,31
45,43
48,46
50,0
50,63
51,33
51,88
52,24
53,91
54,16
55,19
55,40
57,10
58,41
59,71
60,39
60,44
60,99
61,20
62,1
63,12
64,83
65,37
65,90
66,2
66,51
70,60
74,6
75,14
75,55
77,14
78,97
79,56
80,18
83,86
85,17
89,78
89,86
90,87
90,95
92,13
92,29
92,64
92,76
93,42
94,36
96,17
96,91
97,82
