source,target
0,98
1,11
4,23
5,32
5,54
6,84
6,87
7,5
10,12
12,25
12,37
12,50
14,2
14,52
15,13
15,77
15,83
16,3
17,88
20,15
20,61
22,6
22,46
23,8
23,53
26,87
27,18
27,35
27,86
28,2
28,47
29,66
29,76
30,83
31,45
32,0
32,17
32,26
37,72
39,82
40,11
40,21
41,64
42,85
42,93
43,9
44,19
44,33
44,86
49,26
49,51
49,74
50,36
52,77
52,81
53,91
55,21
57,39
58,44
58,94
59,63
60,14
60,99
62,1
63,7
63,39
65,38
65,48
67,34
68,24
69,22
69,91
70,28
70,48
72,31
73,46
74,68
74,89
74,96
75,4
79,16
79,29
79,56
80,34
80,97
81,1
81,49
87,37
87,43
89,78
89,95
90,58
90,64
92,29
92,42
95,42
95,90
97,71
97,79
