source,target
0,98
1,41
2,14
3,98
4,82
7,31
10,89
10,95
11,94
12,63
13,76
14,62
15,47
17,51
17,96
18,80
19,1
20,61
22,26
23,4
23,8
23,53
24,52
24,74
25,49
26,32
26,33
26,87
27,18
27,51
28,86
29,25
29,76
31,13
32,5
32,44
34,67
35,96
38,14
38,16
39,11
39,59
40,21
42,6
43,6
43,45
44,19
44,27
45,93
47,90
49,68
49,70
49,91
50,37
51,42
52,40
52,48
52,81
55,0
55,24
57,39
58,64
58,65
60,70
60,99
63,92
65,87
66,2
69,74
69,85
72,88
73,22
73,46
73,91
74,36
75,2
75,54
75,55
75,77
78,97
79,56
80,34
81,17
82,42
82,61
83,15
85,86
86,9
87,50
88,30
90,57
90,84
92,33
94,73
94,88
95,12
97,71
97,79
97,80
