source,target
0,52
0,98
1,18
1,41
3,21
5,7
5,72
6,74
7,32
8,23
10,57
11,1
11,17
11,40
11,61
12,10
13,36
14,19
14,49
15,38
15,45
15,77
15,83
15,84
18,80
20,63
21,55
21,64
22,26
24,95
27,97
28,2
28,32
28,99
31,81
32,9
39,33
41,93
42,31
42,35
44,50
46,22
49,25
49,39
49,47
49,91
51,66
52,14
53,23
54,16
54,79
55,40
56,83
58,27
58,85
58,90
59,71
60,99
62,18
63,15
63,29
63,57
64,51
65,24
65,37
67,34
68,24
69,91
70,28
71,82
74,36
74,89
75,4
75,12
76,6
77,49
79,56
80,34
81,11
81,60
81,68
82,4
82,48
83,93
85,30
85,69
85,88
86,0
86,44
87,43
87,90
89,26
89,42
89,78
92,76
94,39
94,73
96,17
97,53
