source,target
0,7
0,52
3,79
4,75
7,5
7,31
9,86
10,41
11,69
14,60
14,62
15,10
15,94
17,96
18,1
19,73
22,26
23,8
25,49
25,93
26,15
26,68
27,85
27,97
29,64
31,13
31,45
33,51
33,89
34,80
36,86
37,23
37,65
39,11
39,81
41,58
42,6
42,17
44,19
44,32
47,77
48,46
49,24
49,36
49,47
50,37
51,17
51,66
53,23
54,16
55,40
55,48
56,30
57,21
57,43
57,48
59,28
60,70
60,87
60,99
63,45
63,89
63,92
64,25
65,38
65,58
66,16
66,29
67,34
72,27
73,1
73,59
73,74
73,91
74,49
74,69
74,95
75,12
75,44
76,20
76,63
80,18
81,84
82,39
82,61
88,30
88,94
89,2
89,35
89,78
93,83
95,41
95,57
95,90
97,3
97,14
97,71
97,82
98,3
