source,target
0,15
1,39
3,34
3,50
3,94
4,5
4,66
9,26
9,40
11,95
12,6
12,42
12,59
14,58
16,63
16,74
16,88
18,45
18,48
19,84
19,85
20,29
20,68
20,95
21,4
21,37
24,94
25,19
25,99
26,62
27,60
30,53
31,39
33,34
35,86
38,16
38,28
38,36
38,47
38,55
40,76
41,10
43,32
43,75
43,85
44,24
46,35
46,44
49,36
50,12
50,18
51,79
52,8
52,17
52,92
53,73
56,43
56,65
57,7
58,83
61,2
61,78
62,49
63,22
66,13
67,54
67,89
69,64
70,51
71,23
71,52
71,90
73,40
74,31
75,27
77,99
78,11
79,59
79,71
80,16
81,74
82,70
83,37
85,10
87,23
88,72
88,89
88,91
90,21
90,57
90,65
90,68
93,28
96,80
97,61
98,47
98,57
99,15
99,64
