source,target
1,55
1,91
2,47
3,78
5,24
6,53
9,11
9,23
9,91
10,31
10,54
12,60
16,65
16,96
18,69
19,25
19,29
19,84
19,97
21,30
21,66
22,14
22,59
24,44
28,27
30,53
30,77
31,74
31,79
32,43
33,67
34,2
34,85
35,19
35,43
35,95
36,49
37,21
37,45
40,12
40,39
40,81
42,4
42,34
43,15
44,92
44,93
48,22
49,9
49,38
49,87
51,13
52,8
52,19
52,30
52,46
52,92
53,17
53,94
55,28
55,52
57,40
57,50
61,42
63,10
64,36
65,56
67,54
67,86
69,37
70,59
73,62
73,72
73,80
74,1
74,22
74,34
75,68
76,90
77,99
78,66
79,71
80,0
80,7
80,89
80,98
81,18
82,41
82,51
82,61
83,58
84,26
87,90
90,68
91,83
91,88
91,98
95,20
96,89
