source,target
0,10
2,80
3,94
4,59
5,1
7,71
9,11
9,89
10,63
13,94
15,0
15,18
15,34
16,74
17,53
19,17
19,84
20,50
20,72
21,81
22,84
25,10
25,42
26,62
27,6
27,24
27,34
29,95
30,33
32,23
33,19
35,95
36,58
36,91
38,55
43,35
43,65
44,46
45,37
45,68
48,60
50,12
50,31
50,45
51,47
51,79
53,3
53,54
54,67
55,43
55,85
55,97
57,40
58,14
58,23
58,39
58,73
58,76
59,70
60,66
62,49
63,16
64,26
65,56
65,69
66,41
66,49
66,52
66,83
66,87
67,86
68,44
68,75
68,90
68,92
71,51
78,42
78,69
79,48
79,59
79,88
81,57
82,88
83,61
83,78
86,93
88,96
89,3
89,40
89,80
90,77
90,99
91,47
91,98
93,20
93,28
97,8
99,1
99,25
