source,target
0,64
2,44
3,58
4,21
4,42
4,66
9,36
9,89
10,76
13,66
15,24
15,99
16,80
17,26
17,86
17,97
18,16
18,90
20,13
20,55
20,63
21,53
22,74
23,7
25,31
26,54
27,35
29,19
30,33
30,40
30,68
31,6
31,10
31,23
31,78
31,79
32,43
33,95
34,57
35,19
37,4
37,69
38,5
38,17
38,28
39,11
43,15
43,52
44,67
45,50
45,51
46,52
47,16
50,25
50,49
50,57
51,71
52,8
53,18
55,85
56,61
58,1
59,0
60,27
61,2
67,33
68,45
68,90
70,12
70,64
70,82
72,37
73,62
73,81
74,5
75,93
77,30
78,11
79,48
81,3
81,72
82,41
82,94
83,56
83,91
86,35
86,65
86,93
88,83
89,42
89,96
90,14
92,75
92,84
94,73
94,98
95,87
99,27
99,77
