source,target
0,15
1,42
1,88
2,54
6,62
6,81
8,97
9,36
9,87
10,25
10,41
10,63
12,60
12,65
17,26
18,47
18,50
18,72
19,1
19,16
19,29
21,30
21,53
22,14
22,18
23,32
23,78
23,79
24,54
24,92
24,94
26,20
27,15
27,24
27,91
27,99
31,59
34,3
34,7
35,67
35,86
36,49
38,17
39,11
40,0
40,76
43,56
44,82
50,45
50,80
51,37
51,70
52,5
52,11
52,19
53,17
53,52
56,8
56,65
56,85
59,44
61,83
63,16
64,69
66,4
66,6
68,75
69,84
70,82
71,90
73,13
73,66
74,21
74,33
75,35
75,43
75,46
76,83
77,34
77,68
77,70
78,27
79,48
80,96
81,72
84,22
85,55
87,38
88,58
89,88
90,12
93,28
93,34
95,29
96,9
97,64
98,57
98,91
99,77
