source,target
0,15
0,18
0,54
1,19
1,55
3,0
4,66
5,24
5,74
6,3
7,34
7,89
9,20
9,36
9,96
11,95
14,58
16,96
17,83
17,97
18,22
18,92
20,13
20,72
20,91
21,74
22,84
23,90
24,69
26,77
27,78
28,93
29,19
29,26
30,68
31,10
31,57
32,8
32,23
34,2
35,27
35,33
36,38
36,64
37,32
37,69
40,9
40,60
45,37
47,51
50,49
52,5
52,86
53,63
56,36
56,43
57,40
57,76
58,82
59,39
59,70
60,12
61,97
66,49
68,45
70,64
73,14
73,66
76,81
77,30
78,61
79,18
79,48
79,62
79,71
80,7
80,98
82,41
82,88
85,1
85,47
86,65
86,67
88,16
90,34
90,53
91,11
92,46
92,75
93,44
93,86
94,73
95,29
95,87
96,17
99,15
99,25
99,31
99,42
