source,target
0,72
1,74
5,92
7,32
7,34
12,2
12,14
12,70
15,99
16,63
16,85
17,83
18,45
18,79
19,29
19,85
19,97
20,55
21,30
21,59
22,48
22,84
23,7
25,19
25,62
26,17
27,78
31,59
33,30
34,50
34,95
38,17
39,1
40,6
40,9
40,76
40,89
41,23
42,61
46,75
47,27
47,91
48,60
49,66
49,82
50,3
50,31
50,45
51,47
52,11
52,86
54,26
54,53
54,92
55,1
55,28
55,52
56,8
56,26
56,65
56,99
58,39
60,12
64,36
64,37
66,41
67,89
69,0
69,10
69,24
70,82
72,4
72,51
73,13
73,80
73,94
74,71
75,35
75,43
75,53
76,81
77,90
78,31
78,42
80,2
81,21
81,57
82,44
86,33
86,43
86,93
87,9
88,49
90,68
90,87
94,98
96,58
97,64
97,69
