source,target
0,22
1,226
3,69
3,120
3,239
5,72
5,114
8,239
10,236
11,84
12,120
12,275
14,45
14,125
14,186
15,180
15,229
16,85
19,227
20,177
21,292
22,17
22,146
22,205
26,223
27,176
27,299
28,44
28,210
29,133
29,271
33,82
34,92
34,207
35,63
36,166
36,193
37,189
37,230
39,273
40,151
41,264
41,293
42,53
45,48
46,130
46,265
47,249
48,77
48,238
51,4
51,29
51,63
52,178
53,256
53,270
53,281
54,208
56,97
57,121
60,132
60,262
61,14
63,251
64,255
65,9
65,192
65,246
65,294
67,0
67,103
67,279
68,107
69,201
69,296
70,258
71,105
71,153
72,195
73,159
74,52
74,149
76,204
76,288
78,95
78,214
78,240
83,117
83,238
83,298
84,65
86,64
86,194
87,140
88,59
88,144
90,123
91,71
93,224
94,116
96,152
96,284
97,251
98,266
101,248
104,13
104,181
104,231
105,24
107,213
108,152
110,263
111,2
111,20
111,38
111,43
112,73
114,241
119,87
119,276
120,48
121,260
122,165
123,81
123,272
124,144
126,185
127,190
128,259
129,47
130,33
130,89
130,147
130,291
131,34
131,263
133,21
133,116
133,278
134,32
135,244
136,111
137,67
138,72
138,79
138,228
139,62
142,118
142,174
145,92
147,168
148,220
148,235
150,225
150,279
151,50
151,165
152,115
153,135
154,96
155,145
158,54
158,233
159,176
160,191
160,267
162,124
162,221
163,224
167,55
167,154
173,37
173,51
174,191
177,30
178,27
180,164
180,283
181,103
183,28
183,109
184,157
184,169
185,60
185,174
185,203
185,222
188,172
188,216
190,6
190,151
190,243
190,287
191,270
191,272
193,66
197,285
198,68
199,150
200,202
200,290
201,25
201,80
201,148
201,209
202,156
202,171
203,127
205,24
205,215
206,293
207,35
208,219
210,134
211,17
213,70
213,119
213,169
213,248
216,245
216,286
218,18
218,23
218,296
219,15
219,113
219,206
220,46
220,177
220,182
222,32
222,252
223,83
224,47
226,179
226,196
226,234
232,258
235,58
236,31
236,271
237,81
240,7
240,10
240,170
241,183
242,128
243,16
243,98
244,163
244,242
245,52
245,62
245,131
246,182
250,124
251,217
252,100
253,75
253,280
254,93
254,212
255,3
256,141
257,277
259,175
259,253
260,91
260,162
260,200
261,217
261,288
263,99
266,57
268,188
269,87
269,163
271,106
272,102
273,254
274,289
276,143
276,187
277,235
278,274
279,193
280,158
282,250
283,295
284,282
285,161
285,202
289,49
289,86
295,19
295,78
295,179
297,276
299,247
