source,target
0,298
4,285
6,115
7,104
10,60
11,100
11,131
12,61
13,187
13,204
14,32
14,217
15,87
15,147
15,235
18,50
18,97
18,214
18,299
21,163
21,168
22,173
22,291
27,182
30,36
30,128
30,144
31,130
33,243
34,259
34,293
38,201
38,249
39,152
41,122
41,125
43,27
43,217
44,71
44,163
44,267
46,220
48,98
48,176
49,103
53,111
53,280
54,114
54,152
55,56
57,76
58,72
59,219
60,198
61,276
65,35
66,268
71,245
74,228
76,223
77,202
78,97
81,110
81,165
82,287
83,145
84,180
84,185
84,277
86,41
87,246
88,234
90,10
91,212
91,242
92,121
93,156
93,195
95,273
97,198
97,211
98,289
100,177
101,51
104,244
104,279
105,90
106,150
106,213
106,253
108,34
108,232
109,275
110,222
110,233
110,263
111,91
112,192
112,205
113,255
114,70
116,297
118,39
119,24
120,26
121,9
121,137
121,260
122,200
123,89
124,30
124,272
126,154
126,194
127,197
128,82
128,191
129,47
129,94
129,191
129,261
130,13
130,241
133,18
133,96
135,170
136,1
136,180
138,247
139,26
142,120
144,252
144,267
145,193
145,205
145,254
146,78
147,31
147,79
149,199
149,218
150,153
150,190
152,102
152,237
153,84
155,99
155,112
155,203
157,21
157,67
158,227
160,246
162,208
163,29
163,37
166,36
167,81
167,268
169,99
170,118
171,141
172,149
173,120
173,128
173,264
174,258
174,277
177,220
178,296
179,195
179,290
181,5
181,151
181,179
182,7
183,95
184,146
185,58
185,143
185,230
185,260
186,6
186,162
186,228
187,8
187,28
187,122
187,158
187,177
187,216
188,160
189,236
189,283
191,63
191,148
193,107
193,140
194,25
194,123
194,141
195,221
196,70
198,80
199,161
199,265
201,197
201,240
206,45
208,51
208,204
210,77
211,132
212,59
213,119
214,216
215,23
218,175
219,229
220,257
223,3
224,61
224,124
226,102
227,19
227,20
227,282
229,73
229,241
230,266
231,157
231,159
234,65
234,75
235,16
236,106
236,259
237,138
238,23
239,11
239,275
240,2
241,164
241,215
241,265
243,207
244,56
244,274
245,284
245,289
248,85
249,40
249,52
249,112
249,189
250,43
250,64
250,123
251,142
255,42
255,116
256,224
259,68
259,202
260,178
262,4
262,134
263,295
265,206
266,95
266,114
266,269
267,288
268,103
269,209
269,223
270,232
271,93
274,0
274,256
277,17
278,117
278,175
281,64
282,108
284,155
284,225
284,243
285,62
285,133
286,201
290,213
292,293
294,58
294,248
295,20
297,38
297,69
298,65
