source,target
1,154
6,141
7,203
10,135
11,92
12,113
13,26
14,71
14,256
15,61
15,101
16,48
16,223
19,9
19,165
21,64
23,116
26,10
27,4
28,85
29,46
31,38
31,56
31,198
32,170
33,156
34,240
35,207
37,77
39,284
40,42
41,94
41,234
43,236
44,119
45,133
45,161
46,17
47,147
49,69
51,97
52,203
55,244
57,271
59,261
61,286
62,67
62,139
63,127
63,188
63,280
66,149
66,246
70,263
71,54
74,258
76,115
78,16
78,124
78,173
82,27
82,151
83,66
84,105
84,222
85,181
85,227
86,50
88,184
90,241
91,174
91,185
91,245
92,41
92,143
94,172
95,207
96,137
97,28
97,126
97,287
98,44
98,77
99,155
100,159
101,22
101,132
103,6
103,268
104,7
104,134
104,231
105,272
106,136
107,297
108,140
108,220
109,57
109,114
109,204
109,278
110,69
111,15
111,240
112,141
113,36
113,294
114,75
114,106
114,108
114,199
114,208
114,253
114,275
116,6
116,107
116,289
117,221
118,72
118,111
119,118
122,291
124,152
125,38
127,226
128,191
128,241
128,260
129,273
130,24
130,257
130,295
133,24
134,31
137,167
138,79
140,121
140,201
141,146
144,14
144,190
145,205
147,275
148,65
150,22
150,68
153,20
153,154
153,196
155,281
156,78
156,264
157,138
157,216
158,265
158,298
160,51
163,259
164,264
166,229
167,43
169,45
169,227
170,104
171,132
173,179
175,40
176,63
176,283
179,237
180,109
180,197
182,220
184,5
184,35
184,70
184,172
186,53
186,120
189,138
189,225
190,243
191,115
191,129
192,37
192,178
194,86
195,199
196,80
196,123
196,200
197,58
197,251
198,0
198,176
200,32
200,232
201,128
201,189
201,224
202,2
202,64
202,131
202,177
202,205
204,219
208,60
208,279
209,149
210,283
211,219
212,102
212,183
213,230
214,65
214,89
216,102
218,10
218,190
221,93
223,23
224,3
228,276
229,187
230,30
230,292
231,175
232,162
233,74
233,117
233,142
234,81
235,30
238,7
239,158
242,88
244,289
246,82
246,285
247,179
248,4
248,101
248,214
249,251
250,255
252,189
255,110
256,195
256,206
258,174
258,224
259,47
259,229
261,160
263,8
263,163
263,193
264,87
264,159
266,146
267,215
267,270
268,49
268,120
268,242
270,252
272,73
272,233
272,254
273,96
274,2
275,25
275,262
276,98
276,217
277,29
277,269
280,18
280,90
281,12
282,127
282,288
284,59
286,130
289,86
290,213
291,296
292,139
292,208
293,17
293,33
294,168
294,239
295,180
295,202
296,165
296,267
298,248
299,185
