source,target
0,2
0,95
0,248
1,29
3,116
4,281
5,20
5,117
5,125
8,110
8,159
8,161
9,80
11,18
11,60
11,271
13,150
14,32
15,235
15,246
15,262
15,271
16,188
16,224
17,46
17,152
19,70
19,248
22,56
23,3
23,47
24,28
24,65
25,275
29,210
29,226
30,189
30,197
30,217
30,233
31,68
31,88
33,102
34,54
34,143
35,0
35,89
37,192
38,114
38,244
39,267
40,273
42,187
43,202
43,236
44,121
47,61
47,104
47,292
48,218
49,212
51,211
52,173
52,208
53,144
56,287
57,23
58,135
58,184
59,182
59,183
62,41
62,137
63,13
63,14
63,142
64,73
65,90
66,26
66,184
66,211
67,37
68,126
69,147
70,87
70,124
72,176
74,7
75,263
77,264
78,60
78,111
78,274
81,149
82,158
82,281
83,5
84,259
85,252
87,138
91,286
92,221
92,272
96,133
96,146
96,153
98,67
100,12
105,260
107,50
107,225
108,145
110,230
112,12
116,245
117,106
117,220
119,125
121,48
123,216
127,239
128,27
130,62
130,178
134,21
135,88
137,63
137,118
137,285
139,32
143,9
143,122
143,199
143,205
145,74
145,228
145,229
147,265
147,298
149,33
149,177
149,266
150,78
151,8
151,99
152,162
152,268
155,56
155,172
157,82
158,109
160,209
161,232
162,39
164,101
164,126
164,261
165,1
165,280
167,41
168,17
168,79
170,202
171,179
172,54
172,107
172,223
174,91
174,187
174,189
175,95
175,196
176,284
177,290
179,55
179,85
180,21
180,251
180,256
181,92
181,109
183,222
185,291
186,256
187,10
188,198
188,293
189,148
190,64
190,156
190,181
191,129
191,285
192,97
193,66
193,120
194,93
194,131
194,218
195,69
195,76
199,276
200,154
201,44
203,115
204,234
205,6
205,108
205,132
207,213
208,27
208,107
208,284
209,194
209,273
214,204
216,75
218,97
218,103
220,257
223,294
226,36
226,127
227,170
228,94
229,130
229,166
230,190
230,249
231,253
233,242
234,288
236,53
236,59
236,127
236,131
236,177
237,139
238,243
239,133
240,19
241,249
242,180
243,86
243,250
243,269
244,40
244,55
244,71
245,185
247,255
251,254
253,140
254,52
254,65
254,68
254,115
255,200
257,136
259,47
259,163
263,201
264,24
264,138
265,105
265,155
267,215
269,58
269,113
269,213
270,112
271,169
272,43
273,100
274,151
276,141
277,49
277,100
278,175
279,174
281,206
282,25
282,215
282,223
282,258
283,16
283,72
284,154
289,61
291,45
291,282
292,231
294,234
295,129
296,111
296,219
297,81
297,117
299,247
