source,target
0,107
0,121
1,161
2,24
2,126
4,27
4,245
4,248
5,211
6,155
6,172
10,25
10,161
10,204
10,205
12,120
14,37
14,149
15,95
15,210
16,78
16,137
16,151
16,160
17,141
19,174
20,35
21,158
21,213
22,72
23,65
23,238
24,41
24,246
28,101
29,27
29,188
29,194
29,229
30,255
33,221
34,28
34,207
34,298
37,22
38,285
40,103
43,202
43,285
45,115
45,280
47,124
47,253
48,183
48,281
49,46
49,237
52,95
52,249
53,38
55,61
55,209
56,248
57,259
60,208
60,295
62,225
63,233
64,97
65,278
67,219
67,276
68,8
70,62
70,235
70,277
72,184
73,229
74,146
78,30
80,114
80,176
80,231
81,199
82,250
86,54
87,66
89,94
90,31
92,44
92,86
93,52
93,273
96,272
96,280
96,284
97,83
97,178
99,185
102,173
103,14
103,210
108,15
109,32
109,69
109,138
109,163
109,206
109,240
110,131
110,217
110,288
112,73
112,224
113,127
114,143
116,6
116,290
117,180
118,135
120,292
121,293
122,68
122,287
124,96
124,239
127,273
128,20
128,200
129,261
130,88
130,264
130,279
130,291
132,108
132,227
133,34
135,81
136,11
138,79
140,169
142,274
145,83
146,299
147,79
147,168
148,42
150,125
151,9
154,170
154,247
155,195
157,58
157,189
157,262
159,47
160,174
162,286
163,269
163,289
164,26
165,206
165,271
169,60
169,139
170,70
170,77
171,163
172,93
172,226
173,50
173,179
173,193
173,196
176,39
176,265
176,270
176,297
177,157
177,202
182,136
183,212
184,99
185,263
185,299
186,171
187,92
188,213
189,190
189,241
193,36
193,75
193,294
196,192
197,77
198,179
200,80
200,85
201,1
203,7
205,82
205,216
206,245
207,243
211,138
215,23
215,134
215,252
216,237
217,43
217,228
218,252
219,144
221,258
222,182
223,129
224,98
224,256
225,152
225,265
226,141
226,234
227,91
229,119
229,166
229,181
230,3
230,191
231,71
232,155
234,145
236,199
236,244
240,111
240,164
240,201
241,2
241,144
241,214
242,86
242,116
243,264
244,40
246,18
246,117
246,182
248,84
250,16
250,51
250,100
250,104
250,123
250,180
250,220
250,258
251,33
251,175
254,50
255,266
256,7
257,18
258,129
258,282
259,106
259,128
260,68
260,148
260,215
263,10
263,31
268,153
268,167
268,218
273,3
274,76
274,156
275,231
276,55
277,13
278,142
279,105
279,150
279,233
279,235
281,130
281,142
283,186
284,102
286,48
292,253
294,89
294,242
295,87
295,267
295,283
296,59
296,107
296,113
297,109
