source,target
0,150
1,32
1,112
1,218
2,207
2,274
4,162
5,126
5,168
5,221
6,212
7,80
8,11
9,76
11,141
11,296
13,294
14,152
14,203
15,239
16,80
16,221
16,250
17,152
18,23
19,9
19,71
19,106
21,158
21,284
24,138
24,195
24,237
25,218
26,84
26,192
27,264
28,48
29,55
31,290
33,237
33,258
34,154
35,131
36,255
38,133
39,100
41,269
43,272
44,171
44,266
45,115
47,159
47,292
50,235
52,72
52,121
53,236
54,39
54,208
55,54
55,57
55,257
56,230
56,240
59,231
59,282
61,58
61,259
61,289
63,13
64,96
64,161
65,122
65,210
66,18
66,51
66,215
67,70
68,144
69,61
69,119
69,240
70,19
70,147
75,42
75,213
76,15
76,62
78,146
78,153
80,163
80,214
81,111
81,191
82,156
82,252
84,186
84,267
85,16
86,297
87,140
87,226
89,214
93,48
93,181
95,167
97,78
97,83
99,125
99,263
101,28
101,164
102,87
104,185
107,8
107,286
108,227
109,271
110,93
111,73
111,77
111,103
112,26
112,238
113,175
113,254
114,47
114,60
116,184
117,176
118,130
118,137
120,5
120,129
120,202
120,236
120,247
124,102
125,210
125,265
126,4
127,254
130,176
132,216
133,183
133,260
135,105
139,46
140,10
142,204
142,251
144,245
146,57
146,274
149,64
151,114
154,103
155,201
156,86
159,268
160,164
162,68
162,253
165,280
167,97
168,22
168,31
169,188
170,99
171,180
172,0
173,33
173,128
174,160
175,45
175,56
178,49
179,244
180,189
181,228
182,257
184,21
185,30
187,12
188,136
188,209
189,131
189,283
190,34
193,115
196,24
197,98
197,241
199,66
200,110
200,232
201,18
201,96
201,140
201,197
201,275
203,74
203,155
204,262
205,69
205,212
206,127
208,205
209,113
211,174
213,36
213,279
217,60
219,32
219,298
220,145
223,149
224,199
225,120
225,242
225,280
226,145
227,20
227,124
228,151
229,166
229,234
231,14
233,183
234,226
243,105
244,177
244,247
245,132
245,150
245,157
245,248
246,92
246,182
248,39
248,90
248,178
248,256
248,285
249,31
258,6
259,116
259,123
259,198
260,41
260,72
261,299
262,118
264,233
264,243
265,1
266,15
266,117
266,187
267,30
267,44
268,153
269,37
269,88
269,156
269,270
270,225
271,173
271,222
273,3
273,27
273,40
275,139
276,59
276,94
277,29
278,117
278,134
279,52
281,202
282,79
283,276
284,224
287,43
287,91
287,256
288,287
290,235
291,211
293,277
294,249
295,246
296,148
296,200
298,73
298,143
298,194
299,10
