source,target
0,144
2,273
3,0
3,214
5,90
10,103
10,280
12,210
15,263
18,108
20,106
21,68
21,133
21,185
21,208
21,270
22,30
22,182
26,66
27,173
29,8
29,110
29,260
31,153
31,293
32,141
32,170
35,213
36,193
37,249
38,28
38,114
38,119
39,57
40,42
44,198
45,48
45,175
45,201
45,291
48,286
49,127
51,45
51,160
52,120
53,156
54,172
58,256
62,285
63,137
65,235
67,85
67,187
68,65
68,85
69,82
69,297
71,189
72,95
74,1
74,17
74,216
74,272
76,140
76,204
76,207
77,12
77,111
80,7
80,9
80,97
80,196
81,203
83,61
83,230
83,267
87,118
88,223
88,269
89,217
92,147
94,242
96,59
96,111
97,1
97,161
98,25
99,63
99,276
100,83
101,241
102,152
102,201
103,20
105,123
107,253
108,74
108,78
108,92
108,279
109,57
109,240
110,234
111,226
112,64
112,129
112,217
115,199
115,275
116,254
118,39
118,257
119,107
119,246
120,193
121,34
121,151
122,56
122,143
122,200
124,102
125,24
125,174
126,146
127,126
128,208
132,21
132,44
133,71
133,120
134,218
136,106
136,148
138,40
138,249
139,246
139,261
144,60
144,243
146,274
147,69
147,130
147,135
147,159
147,178
149,70
150,289
151,3
153,248
156,84
158,46
158,227
158,295
159,79
159,220
161,41
163,122
164,288
165,219
168,279
169,19
170,62
171,153
172,282
173,81
173,123
176,198
177,117
179,113
179,195
180,2
180,70
180,73
183,222
184,91
186,131
186,157
186,228
188,203
189,162
189,212
190,291
192,221
193,30
193,75
194,5
194,29
194,64
197,78
198,169
200,80
202,164
202,231
204,223
204,271
205,233
206,215
206,255
209,290
210,284
211,177
212,4
212,49
212,183
212,268
213,181
213,245
215,184
218,47
218,258
220,63
220,100
221,5
223,50
224,197
229,17
229,23
229,166
230,93
230,173
230,194
231,0
231,16
231,90
232,169
233,214
236,144
239,156
239,219
239,283
240,77
240,262
242,8
242,86
243,13
244,104
244,131
245,267
247,9
250,281
251,33
251,142
251,211
252,11
252,128
252,209
253,138
254,43
254,228
254,238
254,239
255,74
256,174
258,180
258,298
259,11
260,225
262,25
263,58
264,15
265,67
266,145
271,95
271,109
271,155
272,167
272,296
273,115
273,241
273,266
274,40
274,76
274,191
275,139
277,199
277,237
278,134
280,287
281,53
282,6
282,113
282,183
283,132
284,14
284,18
285,38
285,46
286,47
286,117
287,32
287,154
287,256
287,294
289,165
292,55
292,192
293,34
297,26
299,157
