source,target
0,191
1,9
1,15
1,106
2,180
2,184
3,141
3,261
4,135
6,145
7,238
8,38
11,204
11,219
12,236
13,249
15,74
15,111
16,100
17,72
17,211
20,200
20,202
21,292
22,20
22,182
24,237
26,143
26,174
27,156
29,71
29,162
29,199
30,47
31,68
31,134
32,16
32,283
34,248
35,184
35,245
37,116
37,129
42,260
43,93
49,218
50,193
51,21
53,177
54,167
54,281
55,49
56,175
56,181
57,173
59,63
59,102
59,137
61,257
64,154
64,285
65,254
67,2
68,4
68,253
69,240
70,118
72,48
72,146
72,284
73,230
74,210
77,92
78,185
80,7
80,10
83,84
83,150
83,201
84,244
85,75
87,101
87,132
87,179
90,297
92,172
93,285
94,280
96,254
96,296
97,83
102,95
103,209
103,282
104,61
104,206
106,115
107,234
110,207
110,220
111,16
111,287
112,41
113,66
113,67
113,89
115,226
116,272
118,133
121,55
121,140
121,147
121,233
122,236
123,23
123,90
125,37
126,133
126,194
127,203
128,11
129,273
129,294
130,158
131,163
131,194
131,195
133,0
135,77
136,257
137,32
137,91
137,164
138,275
139,176
139,271
140,28
140,75
140,269
141,239
142,57
142,227
143,125
144,252
144,291
145,188
149,84
150,119
150,243
151,50
151,58
151,97
151,120
152,14
152,44
152,74
152,260
152,288
154,1
155,274
158,5
158,66
159,8
159,222
160,30
162,42
164,114
165,242
166,229
167,96
168,31
168,79
168,247
169,108
171,12
171,276
173,264
175,241
177,108
178,52
180,17
180,275
181,151
181,172
183,164
185,81
187,99
188,109
188,223
188,256
189,25
189,190
190,187
192,156
192,178
192,297
195,34
195,192
195,277
197,30
198,80
200,99
202,170
202,279
205,163
206,210
208,114
211,59
212,62
212,197
213,36
213,45
213,126
215,130
215,268
216,78
216,215
217,26
217,161
218,153
219,251
220,159
221,138
222,178
222,258
224,127
225,39
225,293
228,117
228,229
228,290
230,148
230,177
230,213
231,64
231,157
232,146
233,186
234,192
234,202
237,34
238,188
238,228
239,6
239,86
240,262
242,221
243,98
243,144
243,235
246,60
246,82
246,270
248,18
249,47
250,258
252,88
252,131
252,214
254,278
255,129
260,19
261,259
262,46
262,104
263,88
264,121
265,12
265,233
266,139
267,170
268,33
270,112
270,200
271,207
271,295
272,122
274,0
275,204
277,103
279,105
280,51
282,28
282,160
284,289
285,196
286,161
287,168
290,56
290,179
292,40
292,198
293,183
296,113
296,124
297,76
298,127
298,147
299,261
