source,target
1,135
3,102
3,109
3,182
3,183
4,59
4,140
5,2
5,87
5,166
7,159
8,186
8,197
11,154
12,20
13,39
15,49
15,129
15,167
15,184
16,156
17,88
18,62
19,12
19,44
22,34
23,37
25,7
29,128
29,162
30,197
31,12
32,29
33,158
35,15
35,44
35,150
36,115
36,151
36,195
37,6
37,58
39,100
39,149
42,113
43,32
43,91
46,191
46,193
47,74
47,91
49,71
50,5
50,34
52,9
52,92
55,165
56,97
58,105
59,53
59,138
61,50
61,168
62,83
62,110
64,132
64,139
67,13
68,127
69,11
70,60
70,112
70,172
72,33
73,178
75,35
76,18
77,100
78,184
80,14
80,67
81,66
82,187
83,111
84,36
85,60
86,10
86,17
88,27
88,125
88,136
88,177
90,73
90,144
94,90
94,155
95,0
95,93
95,137
95,192
97,118
97,155
97,160
98,76
99,108
99,119
99,147
100,114
101,41
103,89
105,56
106,121
107,45
107,171
109,57
110,189
112,75
113,132
113,170
115,45
116,185
117,1
120,104
120,117
121,143
122,22
123,96
124,98
125,16
125,149
127,198
128,28
128,51
130,138
131,72
131,190
134,153
139,124
140,86
140,96
140,116
141,80
142,38
142,64
142,180
143,136
146,3
147,110
148,183
149,54
149,63
149,169
149,193
149,196
150,171
152,10
153,77
153,126
154,188
155,79
156,163
157,84
157,173
158,116
159,106
160,65
161,29
161,85
161,103
161,164
161,181
163,92
163,161
163,175
165,31
167,2
167,8
167,48
167,133
174,102
176,181
177,83
178,25
179,95
181,21
183,145
186,101
186,117
187,24
187,94
191,81
192,26
192,59
192,109
194,57
197,40
198,19
198,154
199,120
