source,target
1,31
2,27
2,140
3,57
3,109
5,87
5,185
6,123
7,27
8,129
10,113
12,15
12,19
14,36
14,37
14,98
14,196
15,167
16,39
16,77
16,183
17,88
17,144
18,13
20,65
20,75
20,149
20,177
20,188
22,140
24,70
25,170
26,101
27,38
28,196
29,119
29,156
31,0
32,43
32,50
33,35
33,84
33,125
35,11
35,53
36,136
37,6
37,94
39,124
39,180
40,4
43,5
44,116
45,60
45,149
46,48
47,105
47,171
48,7
48,59
48,179
49,101
53,3
53,95
54,157
55,17
56,194
58,7
58,30
59,23
63,124
64,120
66,12
67,164
68,114
69,82
70,13
70,151
71,112
72,125
73,10
73,126
74,21
74,142
75,197
76,63
79,81
79,90
81,66
81,155
82,61
82,73
83,47
84,78
85,65
86,190
87,46
88,51
88,103
89,131
93,175
93,181
94,110
94,155
94,160
96,61
97,14
99,9
101,41
102,161
103,39
103,153
104,52
104,132
106,44
106,80
106,121
108,135
109,10
111,44
111,83
112,25
113,62
114,100
114,104
114,169
115,128
115,159
117,187
118,121
118,131
118,168
125,166
126,120
126,172
127,68
128,34
129,42
129,158
130,178
134,31
134,85
134,161
138,152
138,193
141,19
142,134
142,139
143,118
143,150
145,16
146,192
148,24
151,115
154,79
155,56
156,148
157,59
157,99
158,20
158,153
158,170
158,190
159,106
159,122
159,135
161,117
161,133
162,29
162,107
162,147
163,92
163,102
164,84
165,55
167,8
167,40
167,132
171,177
173,184
176,113
176,198
178,138
179,111
179,137
181,45
182,36
184,91
184,154
185,26
186,165
189,110
189,191
192,93
195,123
196,178
197,69
198,174
199,133
