source,target
0,2
0,71
0,79
0,95
0,113
0,168
1,58
2,46
2,58
2,147
6,28
6,73
8,164
8,196
9,52
12,47
12,143
13,39
13,66
14,98
15,35
15,129
16,183
17,69
18,13
18,62
19,158
19,185
21,12
21,181
22,122
22,187
26,114
26,144
26,195
31,18
32,29
33,9
34,128
36,180
37,14
37,25
37,65
39,4
40,88
42,113
43,151
44,106
44,134
45,66
45,74
45,107
45,132
48,115
50,32
52,82
52,83
52,92
53,96
55,25
56,135
56,155
57,194
59,67
60,70
62,138
64,11
64,103
66,7
71,183
72,125
72,139
72,180
75,45
75,197
77,100
78,189
79,61
80,63
83,21
84,15
84,51
84,102
86,4
88,33
90,185
91,53
91,184
93,169
94,90
96,3
96,27
96,141
96,160
97,182
100,39
101,26
105,56
106,80
106,99
106,131
107,162
108,135
109,154
109,168
110,72
111,49
111,137
111,153
113,10
113,23
113,188
115,36
115,191
117,85
117,186
118,8
118,103
118,166
123,6
123,60
123,140
124,98
125,117
126,89
127,179
128,29
129,20
131,121
133,17
133,20
133,40
133,171
136,191
139,130
141,5
141,19
142,38
142,59
142,75
143,118
143,128
144,68
144,90
144,152
145,79
146,69
147,65
147,99
147,110
148,89
149,120
150,104
150,119
151,87
151,178
151,196
152,133
153,77
156,71
156,148
157,59
158,54
158,190
159,27
159,41
159,122
160,76
160,97
161,164
162,34
163,92
163,177
165,161
167,188
169,116
169,149
169,192
170,158
173,1
175,74
176,64
179,48
179,119
180,112
186,101
187,24
189,108
189,123
189,142
191,81
193,7
194,61
196,149
196,172
196,174
197,30
198,154
199,54
