source,target
0,71
0,95
2,27
2,116
3,102
6,75
6,93
9,99
11,125
12,143
13,160
16,54
17,79
18,76
18,94
19,4
19,103
23,96
24,82
26,185
28,6
28,85
28,128
28,196
29,22
29,32
29,73
29,105
29,162
30,3
31,118
31,165
34,43
34,128
36,14
36,84
37,16
38,27
40,97
42,57
42,154
44,25
45,62
45,121
46,48
46,153
48,31
49,15
49,184
50,34
51,119
52,9
55,13
55,17
55,30
55,69
56,88
56,194
58,33
58,52
59,17
60,79
61,96
61,168
62,167
62,179
64,11
66,81
67,150
68,127
69,21
69,134
70,170
70,182
71,112
72,2
72,89
73,173
74,33
75,64
76,63
76,115
76,119
79,145
80,106
82,69
83,10
83,29
84,51
86,4
86,190
88,177
90,73
90,197
91,109
91,111
91,125
91,131
92,108
94,155
95,87
95,137
95,192
99,5
99,101
100,39
101,41
101,49
101,70
102,161
103,89
104,114
104,132
104,156
105,183
106,44
106,107
106,189
108,58
113,86
114,26
114,77
117,181
118,133
119,98
120,186
122,159
123,195
124,148
127,171
127,198
129,8
129,47
131,19
131,110
131,129
131,166
133,20
135,76
137,92
139,124
140,46
140,100
141,8
142,180
142,191
143,53
143,72
146,147
147,65
147,100
147,148
149,176
149,192
151,60
152,2
154,78
154,109
155,81
157,193
158,113
159,7
159,135
161,107
161,163
164,67
165,90
165,138
165,164
167,0
167,193
168,157
170,54
170,144
170,158
175,118
175,187
178,50
178,130
180,35
180,45
180,169
181,1
186,117
186,139
188,53
189,142
190,126
192,26
193,66
194,12
195,110
195,136
196,172
197,40
197,55
198,28
198,174
199,103
