source,target
0,20
1,68
2,103
4,95
4,131
5,43
8,157
8,168
9,79
11,106
12,133
13,28
13,166
14,150
15,139
17,69
18,62
19,198
20,161
21,35
22,122
23,22
23,113
23,141
24,70
25,2
26,30
26,195
27,148
27,172
28,42
29,118
29,156
29,173
29,179
30,109
31,58
31,86
31,97
32,50
33,100
34,128
35,77
36,136
37,94
40,88
40,181
42,57
46,48
47,149
50,43
51,84
51,146
51,178
52,92
54,16
54,72
54,84
54,196
57,45
57,143
59,185
59,192
60,37
60,70
61,31
61,50
62,78
62,138
65,79
65,85
66,13
67,110
72,2
72,132
74,175
75,59
75,64
76,34
76,115
79,159
80,67
81,49
82,14
83,64
83,177
84,91
84,97
84,164
85,66
85,190
87,76
89,194
91,53
94,12
96,3
96,144
97,155
97,182
97,191
98,124
99,5
101,41
103,35
103,163
104,81
104,114
104,150
105,10
106,116
110,52
110,89
110,189
111,44
112,71
113,188
114,61
115,21
117,68
117,134
117,186
117,197
118,158
119,99
120,8
124,156
125,142
125,149
126,72
126,73
126,107
126,152
127,171
129,147
130,152
134,93
135,33
137,134
138,165
139,157
140,22
141,129
142,33
142,38
142,91
143,6
145,10
147,25
147,112
147,121
149,90
149,101
151,87
153,46
153,95
153,96
153,123
153,126
153,165
154,42
154,171
154,197
157,17
158,75
158,116
160,96
161,29
161,102
161,183
162,34
164,133
167,130
168,113
171,63
172,178
174,102
175,0
176,74
176,169
178,108
180,45
181,111
181,176
184,4
186,54
187,86
188,55
190,39
191,145
191,170
192,104
193,7
193,46
194,82
195,58
197,56
198,127
198,136
199,145
