source,target
0,71
1,117
1,181
2,93
5,142
5,166
6,191
7,27
8,20
8,48
8,131
8,168
9,23
9,79
11,69
11,85
12,194
15,2
15,185
16,82
18,116
23,37
24,41
25,70
25,193
26,39
26,61
26,195
27,38
27,99
27,148
28,85
29,156
31,58
31,59
32,25
32,151
35,180
36,43
36,123
37,14
37,16
42,138
43,47
44,106
45,60
46,100
46,107
47,161
48,115
49,167
50,17
51,50
51,87
51,140
51,178
53,83
54,143
54,184
56,33
57,171
60,26
60,149
61,113
62,14
62,138
62,160
64,103
66,13
66,130
66,146
69,169
71,145
71,183
72,64
73,111
74,154
74,175
76,72
76,163
77,114
78,62
80,51
82,24
82,87
83,10
83,74
86,54
89,126
90,197
91,11
91,58
91,125
91,137
92,52
93,55
94,90
95,26
95,30
96,123
96,153
97,155
99,21
101,9
101,35
101,70
106,131
107,35
108,135
110,52
110,89
111,34
111,49
112,75
112,180
113,152
114,104
114,132
115,21
115,56
115,101
117,68
118,65
119,98
122,22
123,121
124,98
125,88
126,4
126,80
127,63
129,118
129,177
131,97
132,8
132,72
132,120
133,158
133,199
134,44
134,164
135,76
137,179
141,22
141,157
141,182
142,189
143,12
143,118
143,134
143,150
144,10
144,170
145,86
145,162
146,95
147,2
148,124
148,187
149,15
149,63
149,165
149,186
149,192
151,128
157,84
157,139
159,94
161,20
161,29
165,67
166,57
167,193
169,116
171,177
172,129
173,157
174,102
174,148
175,183
176,45
181,176
182,36
183,3
183,105
185,19
185,40
185,77
188,30
190,96
191,81
191,136
192,109
195,136
195,196
197,1
197,69
198,19
199,5
