source,target
0,71
0,79
0,173
0,177
1,68
1,117
1,135
2,0
2,83
3,57
3,96
6,148
7,48
8,48
8,192
10,91
10,109
10,113
10,139
12,53
13,28
14,46
14,98
15,49
16,117
16,166
19,67
19,131
20,8
21,83
24,41
24,187
25,147
28,143
29,119
31,97
32,25
33,9
33,72
35,101
38,27
39,52
40,185
42,95
43,36
44,116
44,149
45,20
45,69
45,75
45,90
46,5
46,193
47,111
50,51
51,87
51,128
53,13
53,74
54,157
54,191
55,188
56,125
58,108
59,138
60,84
60,160
61,79
62,18
62,47
62,129
64,39
64,89
64,153
65,118
66,193
70,172
71,183
73,82
75,175
77,100
78,12
79,15
79,154
81,66
81,155
82,24
83,103
86,19
90,176
91,35
92,102
92,163
93,190
95,4
95,30
96,2
96,95
97,28
99,5
99,21
99,27
99,140
99,184
101,58
104,132
106,80
106,159
109,22
111,59
112,156
113,23
114,77
114,123
115,37
116,40
116,106
118,1
119,179
120,126
121,140
122,159
123,121
124,98
125,74
125,88
125,133
126,162
126,184
127,68
128,151
129,76
133,85
133,134
133,161
134,54
136,198
138,152
138,195
139,107
141,64
142,171
145,16
146,105
146,109
147,162
148,24
148,124
149,17
149,63
149,186
150,180
150,191
151,14
151,36
151,115
151,196
152,10
152,130
153,72
153,189
156,44
157,19
157,99
158,75
160,115
162,34
163,67
164,90
164,190
165,11
165,45
167,114
167,132
170,70
170,144
171,42
172,178
173,29
178,108
179,62
179,137
181,6
181,16
182,3
184,94
185,168
186,120
188,158
189,78
191,110
192,26
192,81
194,141
197,55
197,169
198,127
198,174
199,145
