source,target
0,173
1,173
2,37
3,193
5,185
6,191
7,159
8,5
8,106
8,166
9,113
10,40
12,19
13,53
15,177
18,115
19,103
19,161
20,65
20,75
20,177
23,183
25,7
25,55
26,60
26,90
27,35
28,197
28,198
30,55
30,109
31,134
33,36
33,100
34,60
35,77
35,101
36,136
37,16
37,160
37,170
39,28
39,124
39,190
41,24
42,129
42,189
43,32
43,105
44,59
45,107
49,56
50,32
50,76
50,111
51,87
54,125
54,184
56,115
56,135
57,143
59,31
59,48
60,137
61,82
62,78
64,11
64,142
66,13
69,8
69,146
70,24
72,47
72,84
72,132
74,33
75,72
75,142
75,149
76,14
79,81
79,118
81,150
82,73
83,47
86,145
89,91
90,17
90,88
90,164
91,4
92,52
93,23
96,3
96,144
97,155
98,15
98,119
101,41
101,149
101,153
104,52
104,156
105,68
106,154
107,171
110,12
110,91
111,73
114,66
114,135
115,22
116,18
116,140
117,85
117,131
118,29
118,58
118,97
119,99
123,126
124,139
125,63
125,166
126,94
126,96
131,83
134,117
135,1
136,118
136,191
141,182
143,93
145,79
147,63
147,113
148,27
148,128
149,67
149,120
150,14
150,44
152,138
153,152
153,176
154,188
157,120
158,133
159,41
159,122
160,42
160,62
160,171
161,102
161,133
162,147
162,156
163,86
164,165
165,2
168,57
172,112
172,178
174,148
175,74
176,169
178,51
178,108
179,62
179,127
180,39
181,21
181,40
181,186
182,70
183,71
187,94
188,20
188,66
189,108
189,110
189,183
192,26
192,38
192,95
193,46
193,121
193,157
193,167
195,123
196,54
196,80
196,130
196,151
197,10
197,69
197,161
199,5
199,194
