source,target
1,169
2,37
2,96
2,131
3,183
4,40
4,128
5,180
6,148
8,0
8,118
8,129
10,30
10,73
10,117
12,52
12,114
12,133
15,26
16,39
16,67
16,90
17,55
17,178
18,13
19,157
22,34
22,115
22,122
23,192
24,41
25,70
26,144
28,145
29,83
29,156
31,53
31,59
31,97
36,136
36,180
38,27
40,181
41,159
42,121
44,111
45,197
46,3
46,100
46,179
47,138
50,61
53,58
53,150
57,45
59,45
59,48
61,31
61,43
61,79
64,15
65,37
66,81
66,146
68,127
70,170
72,44
73,173
74,35
74,113
74,142
78,62
78,123
81,11
81,104
82,43
83,2
83,47
84,59
84,184
85,66
85,190
87,95
89,64
90,165
90,177
92,163
93,190
94,160
96,27
96,95
97,14
97,109
97,131
97,182
99,46
99,108
101,186
103,54
103,96
104,106
104,132
106,116
107,171
108,189
110,72
110,155
110,191
112,130
112,147
113,9
114,77
114,135
115,101
118,32
118,105
118,121
118,136
119,98
119,99
120,199
123,126
123,140
125,74
126,80
129,91
129,141
131,126
132,167
133,75
134,137
134,142
137,17
139,168
141,12
142,120
142,166
144,134
144,170
145,162
147,25
148,29
148,124
149,76
149,88
149,164
149,176
150,85
150,143
153,152
153,158
154,57
155,97
157,56
157,173
158,19
158,20
159,94
159,106
161,21
161,33
161,107
162,156
163,177
164,84
165,11
165,13
167,49
167,185
167,188
167,194
168,185
171,60
171,133
172,196
178,51
178,172
181,105
182,102
183,161
185,7
186,1
186,139
187,86
189,127
190,86
191,71
192,69
192,93
193,130
194,89
194,157
196,8
196,63
196,151
196,175
196,195
198,33
198,174
