source,target
0,173
2,72
2,131
3,46
3,57
3,96
3,183
5,143
5,166
6,128
7,66
8,143
8,167
10,145
12,15
12,110
14,138
15,26
16,70
16,77
16,156
16,170
17,84
17,142
18,115
22,122
24,70
27,38
27,148
27,159
28,65
28,198
29,179
30,58
31,18
31,48
31,86
32,29
34,128
35,74
36,111
37,16
39,4
39,13
39,28
39,91
39,103
39,158
42,129
44,25
44,111
44,185
46,99
47,54
49,20
51,50
51,119
53,35
53,160
53,188
54,175
55,91
56,157
57,75
58,53
59,40
60,45
60,81
60,171
62,22
62,78
63,125
64,141
65,161
66,139
67,59
67,80
68,144
69,55
71,112
71,181
71,186
72,64
76,87
76,149
79,60
80,63
80,106
81,49
81,155
82,73
85,44
88,56
88,125
90,20
90,88
90,177
91,95
91,109
92,102
92,137
92,163
96,0
96,27
96,61
96,123
97,105
97,182
100,39
101,50
101,75
102,3
104,83
105,146
107,11
107,97
108,92
108,178
110,89
110,126
111,23
111,34
114,26
115,37
115,151
116,8
117,1
117,85
119,29
120,10
121,2
124,98
125,54
125,149
126,73
126,94
126,152
126,172
127,198
132,113
132,120
133,164
134,114
135,33
135,108
138,31
138,136
139,124
139,168
140,170
141,19
141,187
141,193
142,100
144,90
145,86
147,176
148,5
149,42
149,62
149,118
149,165
150,14
151,43
152,79
152,133
153,83
154,11
154,184
156,71
157,150
159,41
160,76
161,21
161,181
162,107
163,44
167,194
168,121
169,197
170,52
176,45
178,174
180,36
181,153
183,196
184,15
184,197
186,9
186,117
187,148
189,5
190,30
190,93
191,6
192,104
195,196
196,130
199,103
