source,target
0,95
2,186
3,96
3,192
5,157
6,75
7,66
10,144
11,107
12,52
12,143
12,194
14,47
14,119
15,168
16,181
17,133
20,177
21,74
22,122
23,9
26,61
27,7
28,198
29,22
29,32
30,26
30,55
30,95
34,76
36,21
37,115
39,58
40,116
43,179
44,88
44,156
45,56
45,107
45,180
47,74
48,8
48,167
49,56
50,101
53,31
54,16
57,199
58,33
58,101
58,195
60,137
60,171
61,194
62,48
62,160
63,125
64,132
64,142
69,103
70,13
71,0
73,10
73,82
73,111
75,158
76,18
76,50
76,87
76,135
79,155
80,89
80,126
80,138
81,171
82,14
82,43
83,29
83,133
84,54
84,72
90,175
90,185
91,63
92,108
95,4
95,121
96,19
97,160
97,168
98,119
99,9
99,117
99,184
100,77
103,35
103,161
104,192
105,146
106,159
108,135
113,42
113,188
114,15
114,68
116,2
116,169
117,120
117,187
120,64
123,60
124,39
125,88
126,79
126,94
126,110
127,68
128,4
128,51
129,131
131,118
132,47
132,114
133,20
134,85
134,164
136,191
138,62
138,140
139,1
141,12
141,22
141,102
142,67
142,100
142,139
143,6
145,71
145,78
146,66
147,129
148,128
149,28
149,44
150,53
150,193
151,46
151,51
152,130
153,72
154,189
156,124
156,163
157,17
159,41
159,94
161,65
161,134
161,165
162,147
163,86
164,84
166,97
167,2
167,49
168,57
168,96
168,131
170,113
170,130
172,178
173,184
176,121
178,196
180,112
180,150
181,40
182,36
182,70
183,118
183,175
186,197
187,24
189,80
189,123
190,30
190,93
190,113
191,115
191,170
192,38
193,7
193,25
193,149
193,196
194,59
194,109
195,141
196,174
