source,target
0,120
2,11
2,96
2,115
5,131
5,183
6,143
7,27
8,106
10,40
10,68
10,181
10,188
12,21
12,47
12,64
14,150
15,177
16,15
16,117
16,132
18,94
20,83
20,134
21,99
22,49
22,122
22,187
24,41
28,6
28,65
29,119
29,156
31,18
31,48
32,29
33,46
33,135
34,43
34,76
36,151
38,142
39,26
42,95
43,82
44,104
44,185
46,3
47,83
48,8
50,17
51,30
52,110
56,155
58,1
58,57
58,108
59,4
60,70
61,79
61,138
61,194
62,22
62,167
63,127
64,35
65,123
66,13
66,130
66,188
67,150
69,55
69,161
70,182
71,112
72,89
73,126
74,21
74,142
75,175
76,14
76,149
79,37
80,51
80,141
81,171
82,87
84,36
84,54
84,184
85,39
85,190
86,163
88,103
90,17
90,20
90,175
91,43
91,53
91,163
92,137
93,158
95,51
97,107
98,15
99,9
99,27
100,39
100,77
101,104
103,44
105,146
107,46
107,162
110,147
111,34
115,159
116,186
117,125
117,145
118,139
121,116
121,193
124,148
126,172
127,189
129,131
130,178
133,164
134,133
134,153
134,165
135,114
137,199
139,124
140,116
141,33
141,187
141,195
143,72
143,128
143,136
144,140
145,105
147,121
149,169
149,172
149,196
152,113
153,72
153,77
153,97
153,168
154,171
154,197
156,16
156,71
157,139
157,173
158,52
159,50
160,28
161,65
166,5
166,8
169,93
169,114
169,180
170,130
173,73
174,196
175,0
176,59
181,56
181,111
181,179
182,198
183,23
183,105
183,185
184,58
187,24
188,113
189,78
189,191
191,81
192,23
192,59
192,90
192,109
193,25
193,102
194,69
197,10
197,45
198,19
198,154
199,57
199,60
