source,target
0,120
2,61
3,183
4,23
5,43
8,1
9,186
11,85
11,125
13,166
14,98
14,167
17,55
17,144
18,115
19,96
20,129
20,177
21,55
21,74
22,34
22,115
22,122
22,140
23,93
23,168
25,7
25,32
26,114
27,35
27,38
28,6
28,10
28,49
28,149
28,198
29,22
29,32
29,105
30,105
31,0
31,12
31,47
36,151
37,42
39,81
39,149
44,91
45,118
47,171
50,34
50,135
51,88
51,111
52,58
55,69
57,58
57,194
58,89
59,53
59,73
60,36
64,83
64,132
64,142
65,37
66,130
67,14
67,134
68,52
68,127
70,24
70,60
71,186
71,189
72,44
72,96
72,163
73,82
75,67
75,197
77,185
78,145
79,145
83,74
86,4
90,15
90,17
90,79
90,164
95,20
95,53
95,87
97,182
99,101
100,142
101,41
102,92
102,141
103,88
105,97
106,159
109,30
109,91
109,154
110,190
111,137
112,180
113,9
113,126
113,181
113,188
114,66
115,101
117,49
118,11
118,35
118,158
119,99
121,123
121,147
125,63
125,72
126,94
126,116
126,152
126,172
128,4
128,28
129,76
129,83
129,116
131,2
131,8
133,85
136,138
137,179
138,130
138,195
139,107
139,124
139,157
140,2
140,121
140,170
141,157
141,187
143,54
143,191
147,146
147,176
148,29
150,46
150,104
151,128
153,64
154,192
155,56
155,154
156,117
157,84
157,173
159,135
160,62
160,65
160,94
161,47
161,133
162,107
163,108
163,175
165,75
166,110
167,45
167,48
172,70
174,102
174,178
176,113
179,46
179,95
180,39
181,16
184,78
185,3
185,5
185,15
187,86
190,57
191,153
193,25
194,109
195,196
196,80
196,193
197,40
197,169
198,33
199,43
