source,target
0,168
2,140
2,146
2,152
5,143
7,48
8,20
8,132
8,190
9,111
10,120
13,166
14,67
15,64
15,78
18,116
19,89
20,149
21,36
23,40
25,37
25,58
26,30
26,39
26,60
27,7
27,38
27,148
27,159
28,6
28,19
28,123
28,198
29,32
29,83
33,88
33,161
34,43
34,50
34,111
35,107
36,136
39,16
39,58
39,100
42,121
45,90
45,118
46,87
46,99
46,191
47,199
48,34
49,11
50,101
51,196
52,82
52,158
54,175
55,93
56,88
57,3
58,12
58,31
58,33
59,75
61,15
61,79
62,22
62,113
62,138
62,160
71,28
72,133
73,59
75,112
75,165
76,129
78,176
79,65
82,24
84,36
84,164
85,66
85,134
86,145
89,110
89,195
90,144
92,137
93,169
94,18
94,90
94,187
95,91
96,53
96,72
96,97
96,126
96,141
98,14
98,124
99,27
99,108
99,184
100,77
100,114
101,41
101,49
101,70
101,186
102,84
102,182
103,131
104,156
105,68
106,44
106,80
107,46
109,10
112,25
112,180
113,74
114,104
118,55
118,149
119,98
121,192
122,22
125,16
128,29
128,115
128,151
129,109
131,97
133,2
133,17
133,171
135,1
135,76
137,179
138,0
138,14
142,191
143,150
145,17
146,105
146,147
149,81
149,85
150,44
150,85
151,51
153,95
153,152
155,43
155,79
156,163
157,84
157,141
158,170
162,29
163,92
163,177
166,125
167,49
168,57
168,96
168,139
168,185
169,197
170,130
171,63
171,127
173,184
174,148
178,73
179,4
179,62
181,117
181,135
183,3
183,23
184,54
186,71
186,120
189,153
189,170
192,69
193,130
194,56
195,26
196,172
196,178
197,69
197,154
197,181
199,54
199,188
