source,target
0,261
1,53
1,114
1,162
2,241
3,73
4,233
5,194
6,253
7,113
7,152
9,67
9,71
9,140
9,237
10,41
10,73
12,88
14,87
16,109
16,248
16,268
18,247
19,26
21,108
21,173
24,167
25,104
25,223
25,284
28,111
29,100
30,191
30,273
31,221
31,294
32,126
32,240
35,29
36,200
37,124
38,163
39,172
41,98
41,155
41,230
42,297
44,42
45,30
50,2
50,239
52,9
52,279
54,57
54,216
54,269
55,186
55,194
55,292
56,168
59,79
59,220
60,26
64,181
66,145
66,148
68,238
69,13
70,236
71,135
71,153
72,36
74,17
74,80
74,164
79,64
79,88
79,108
79,160
79,192
79,212
81,14
82,274
84,28
84,193
85,34
85,56
87,16
88,263
91,11
91,211
91,218
92,183
93,246
93,249
94,23
97,197
98,15
100,25
100,267
102,58
104,189
105,119
108,129
112,198
114,280
114,289
115,272
116,169
116,204
118,165
118,208
118,258
118,276
121,101
121,149
121,261
121,278
122,120
122,129
124,86
125,75
130,151
131,229
131,266
132,40
133,28
135,177
135,182
136,65
136,117
137,31
138,39
138,118
139,7
142,201
144,109
144,232
145,0
145,95
145,265
146,222
147,232
149,35
149,288
150,51
151,76
151,85
151,241
151,242
152,97
155,22
156,20
159,48
159,90
159,296
160,127
161,38
161,110
161,236
162,62
163,92
164,1
166,158
167,94
167,160
168,141
168,183
168,235
170,78
170,121
174,77
174,102
175,295
176,81
178,82
179,237
180,58
181,43
181,255
182,130
184,245
184,291
185,27
185,46
185,146
186,89
187,298
188,186
188,244
192,61
192,215
193,199
195,47
195,52
197,21
197,33
199,104
201,214
202,171
202,250
204,65
204,206
204,260
205,276
206,8
206,154
207,98
209,195
209,272
210,162
215,170
216,68
216,112
216,134
216,299
218,67
218,281
219,112
220,143
221,63
222,36
222,190
222,213
223,196
225,125
226,139
226,225
227,203
229,254
230,60
230,223
230,287
232,166
233,18
234,271
235,96
235,106
235,277
238,37
238,128
238,159
238,217
240,286
240,288
243,132
245,269
246,69
246,224
247,82
247,105
247,131
247,214
248,157
249,140
249,227
251,105
252,74
253,275
254,91
254,228
256,144
256,231
257,177
259,174
260,54
260,150
261,40
262,212
262,258
264,83
264,142
266,99
268,137
269,290
270,179
271,107
272,107
273,263
275,45
277,59
279,103
283,60
284,202
284,259
284,282
285,84
287,123
289,93
292,180
293,205
294,175
295,169
295,213
296,187
297,46
297,49
297,156
298,209
