source,target
0,157
0,259
4,233
4,273
5,111
5,151
6,69
7,37
9,127
11,230
12,145
14,34
16,171
16,281
17,278
19,96
20,262
21,200
23,210
24,7
25,138
25,202
26,239
27,42
28,117
28,166
28,268
29,183
30,85
30,263
31,111
32,160
33,248
36,108
36,256
37,66
37,131
38,35
38,162
38,291
39,253
40,208
43,154
44,61
46,20
47,223
48,98
49,228
52,195
52,227
53,104
53,146
54,91
54,261
55,9
55,116
55,180
55,186
56,172
56,269
56,283
62,199
66,5
66,243
67,68
67,201
67,250
71,65
71,150
72,26
72,45
72,208
73,63
74,95
74,220
74,296
75,86
76,75
77,183
78,110
79,146
80,22
80,256
81,48
81,203
83,174
84,158
86,21
90,255
96,215
97,47
98,224
98,227
99,213
100,81
100,238
101,265
102,54
102,260
104,76
104,189
105,30
105,144
105,285
106,50
106,67
106,168
107,94
107,272
108,33
108,129
109,186
109,219
109,276
112,198
112,216
112,271
113,90
114,18
114,252
115,291
117,213
117,286
118,264
119,64
119,249
119,279
120,209
121,206
121,216
122,139
122,276
123,42
124,245
126,270
127,87
128,88
130,189
130,292
132,258
133,89
133,218
134,52
134,212
135,73
135,90
136,251
137,298
138,38
141,8
143,70
146,218
148,24
150,299
152,82
154,3
154,26
154,121
154,164
155,41
156,92
157,187
161,14
161,63
161,77
161,236
161,245
163,196
165,152
166,153
167,260
169,128
170,44
171,9
172,119
172,211
173,155
175,226
176,4
176,82
177,244
178,19
179,2
179,167
180,39
181,169
182,293
184,288
185,161
186,157
187,159
187,298
188,100
190,27
191,6
191,197
191,234
193,36
194,162
196,141
196,266
198,8
198,214
199,60
199,246
200,80
201,142
201,177
208,118
210,114
214,124
216,35
216,92
217,257
220,143
220,158
220,174
220,190
221,13
221,235
221,242
222,133
224,109
225,125
226,88
226,93
226,94
226,225
226,267
228,47
228,166
229,240
230,41
231,137
232,173
234,1
234,268
235,168
236,193
240,143
241,266
242,103
244,188
245,5
246,160
246,274
247,12
247,71
248,290
251,289
252,53
253,56
254,51
256,44
256,54
262,43
262,140
263,184
267,10
267,211
267,286
269,147
269,209
270,132
270,136
271,254
272,237
273,58
273,112
273,192
274,101
274,102
276,205
277,105
277,110
279,74
280,176
280,287
281,59
281,207
282,15
282,40
282,204
284,237
285,215
286,17
287,275
288,149
288,191
288,217
289,107
290,55
290,57
293,11
293,77
294,175
295,243
297,255
299,29
