source,target
0,131
1,18
1,53
1,210
2,36
3,223
4,24
9,129
11,47
12,19
13,172
15,113
15,124
15,223
16,197
16,203
17,272
19,95
21,126
21,173
22,292
23,95
25,49
25,219
28,3
30,191
31,188
34,51
36,209
38,178
38,265
39,274
40,174
41,10
41,98
41,190
43,96
44,81
45,29
45,46
48,227
51,75
51,150
54,45
54,97
54,224
55,116
57,289
60,246
61,212
62,136
63,213
65,225
67,158
67,163
68,241
68,273
69,253
70,36
71,22
72,84
73,262
78,230
79,78
79,243
80,141
83,52
83,111
83,291
84,228
85,200
86,167
87,207
87,236
88,107
88,184
89,157
92,163
93,101
96,215
99,27
99,28
100,183
102,58
102,165
103,37
104,127
105,61
106,67
106,144
107,59
108,111
108,114
108,252
109,186
109,281
110,60
110,175
113,14
113,134
113,189
115,53
115,74
116,86
118,206
118,275
119,96
119,298
120,179
121,153
121,238
122,32
125,44
125,239
127,5
127,91
127,106
127,256
129,38
129,149
130,50
130,259
132,0
132,170
134,185
135,89
138,208
138,279
139,90
140,166
141,169
145,35
146,69
146,79
146,102
147,150
147,261
148,48
149,86
149,276
151,123
151,155
151,162
151,194
151,220
151,232
152,7
152,94
152,224
152,278
155,124
155,204
157,117
157,187
157,242
157,271
159,148
161,110
164,33
164,225
164,234
169,31
169,64
170,56
170,229
170,264
171,25
172,21
172,181
172,211
174,114
176,249
177,73
178,168
179,2
180,122
180,205
182,41
183,77
183,186
183,282
184,6
184,151
184,287
187,222
187,290
187,296
188,135
188,181
189,56
189,161
189,233
191,70
191,202
192,220
193,139
193,236
194,32
195,137
197,281
198,257
198,296
199,88
200,244
200,254
200,258
201,62
201,248
202,295
206,143
206,294
207,218
207,299
212,4
212,232
213,94
213,266
214,195
214,201
215,47
216,35
216,68
217,100
217,128
219,109
221,164
221,226
221,235
227,105
228,268
229,286
231,55
234,156
234,229
235,196
237,22
237,80
237,179
239,91
242,160
243,12
243,66
245,126
246,237
247,147
248,16
248,20
248,133
250,193
252,134
254,176
254,177
256,76
259,64
259,67
259,154
260,65
261,256
262,140
263,221
265,15
265,18
265,280
266,277
267,152
268,54
268,238
269,8
269,37
269,62
270,250
272,226
272,255
273,120
273,166
274,104
275,283
277,57
277,112
278,42
279,17
282,293
284,204
285,176
287,142
288,121
288,240
289,39
289,93
289,251
293,71
294,194
296,26
296,41
296,82
297,123
298,2
299,19
299,251
