source,target
2,250
6,202
7,24
8,54
11,0
12,129
13,101
13,199
13,285
13,289
16,149
16,157
17,134
17,279
18,1
19,95
19,120
19,160
20,144
20,164
23,210
24,207
24,294
25,219
26,59
29,262
30,105
32,31
32,52
33,178
33,248
35,145
36,10
36,126
37,288
41,176
42,85
42,195
42,241
42,290
43,58
43,81
43,147
43,212
43,273
45,192
47,51
48,15
48,216
49,191
50,34
50,247
51,68
51,130
53,104
54,224
55,131
59,220
60,235
60,258
63,76
63,106
63,295
64,259
64,284
65,39
65,71
65,102
66,11
68,22
69,136
69,253
70,63
71,261
71,269
72,209
73,177
75,18
75,186
75,188
78,179
78,278
79,12
79,38
79,45
79,108
81,123
83,215
84,89
84,228
84,254
84,298
86,81
87,16
87,238
92,135
92,148
93,62
94,47
97,54
99,297
100,111
100,227
101,277
103,239
103,279
107,6
107,240
109,276
110,206
110,235
111,21
112,271
113,28
113,275
113,287
114,98
114,214
115,222
116,194
117,69
118,32
118,132
118,170
118,190
118,208
119,167
121,25
121,86
121,229
122,264
125,183
126,32
127,87
127,155
127,276
128,198
130,64
131,229
132,74
133,88
136,104
136,112
137,98
137,151
137,263
137,268
138,199
139,3
140,119
140,196
140,213
140,243
141,80
141,256
142,92
143,291
144,124
145,249
146,158
147,48
147,265
150,204
152,201
153,22
154,8
154,37
154,106
154,223
155,233
156,280
157,228
159,60
160,187
162,281
163,156
164,196
165,181
165,274
166,257
168,132
169,164
169,273
171,25
171,77
173,252
174,244
176,4
177,268
178,245
182,127
182,143
183,117
183,162
183,225
184,138
185,113
187,7
187,111
187,122
187,176
187,296
189,19
191,100
192,203
192,217
193,236
194,110
195,84
197,83
197,218
198,142
201,128
202,50
202,158
203,55
203,82
203,96
204,237
205,77
206,8
207,175
208,79
209,154
211,215
212,210
213,93
217,282
218,234
223,42
226,172
226,275
229,145
230,219
231,151
231,169
232,30
232,166
232,286
234,270
236,17
236,37
236,173
237,9
239,293
242,91
242,92
242,197
244,190
246,26
246,46
246,189
246,237
248,49
251,188
253,90
255,272
256,18
256,94
257,259
259,2
260,67
260,150
262,43
263,88
263,221
264,212
265,66
265,72
266,205
267,226
268,56
268,61
269,9
269,44
270,231
271,50
271,242
272,7
272,139
274,185
276,180
278,152
280,41
283,165
284,137
287,40
287,89
289,14
290,27
290,57
290,200
292,95
292,115
293,161
296,5
297,73
299,14
299,29
