source,target
0,191
1,114
1,196
3,246
3,254
4,41
6,240
6,253
9,16
9,123
10,121
11,47
11,109
12,79
15,100
15,227
17,89
17,163
17,272
18,114
19,189
21,221
23,226
24,155
25,219
26,296
27,159
27,187
27,257
32,10
32,157
34,214
36,10
39,185
40,106
41,176
43,58
43,141
43,187
43,286
44,238
44,293
45,25
46,3
47,119
48,217
49,209
49,297
50,179
50,212
50,235
51,288
52,292
53,113
53,230
54,94
55,67
55,180
57,277
59,49
60,115
62,136
64,216
64,255
66,61
67,9
67,99
67,164
67,218
69,270
72,56
74,237
75,16
76,135
76,160
78,66
78,138
78,229
79,38
80,75
81,127
82,81
83,32
83,107
85,195
87,197
89,154
90,193
91,282
95,278
98,15
99,277
99,297
100,96
101,53
101,93
102,71
103,38
107,88
108,169
110,159
111,73
112,42
113,223
113,234
113,289
115,231
116,228
117,90
117,200
122,147
122,201
124,144
124,294
126,37
127,194
128,33
129,12
130,95
131,13
132,258
133,134
133,271
134,14
134,63
134,123
136,242
136,246
137,143
138,140
138,165
139,7
139,122
141,164
144,129
145,249
146,78
149,182
150,253
151,85
152,69
152,104
154,206
155,151
155,204
156,224
156,289
157,59
158,92
158,220
161,20
161,50
161,245
162,211
164,243
165,283
166,111
166,244
167,52
171,5
171,13
171,247
173,35
173,40
173,70
173,118
173,170
173,236
174,83
176,285
179,2
181,48
183,31
183,86
183,162
183,177
184,142
184,298
185,263
186,60
186,185
186,256
188,111
189,62
189,119
190,112
191,33
191,183
191,288
192,45
192,79
193,28
193,184
193,244
195,238
195,269
196,120
197,174
199,104
201,152
202,219
202,295
203,8
203,19
203,215
206,23
206,168
207,24
208,30
208,40
208,261
212,43
212,64
212,105
213,203
214,72
214,130
214,273
218,0
219,259
221,99
222,213
222,233
223,102
223,173
225,22
225,94
225,181
225,275
226,210
226,225
227,4
227,61
227,205
229,77
231,37
231,55
232,180
234,169
237,137
237,279
239,208
240,149
240,250
241,5
243,148
244,153
246,237
246,267
247,126
247,265
248,11
248,120
248,172
250,202
251,299
252,20
252,29
252,178
254,48
254,117
254,228
257,296
260,97
262,211
264,170
266,291
268,91
269,81
269,98
270,192
270,236
270,258
272,260
273,21
274,133
276,76
280,198
281,68
281,207
282,65
282,132
283,125
284,265
285,6
285,84
285,280
287,118
287,145
290,248
291,252
292,160
292,220
292,266
295,175
295,186
298,27
299,112
299,188
