source,target
0,230
1,177
3,117
3,240
4,41
6,225
7,24
10,161
10,267
11,293
15,33
17,39
18,198
19,178
20,294
21,55
21,108
21,111
24,41
25,223
26,258
30,241
31,30
32,194
33,160
35,168
37,126
38,67
40,249
42,27
44,43
44,81
44,147
44,256
45,49
45,72
47,273
48,28
48,159
48,217
48,297
50,51
52,129
53,222
55,196
56,36
56,93
56,199
56,218
56,289
57,281
58,95
59,49
59,272
60,115
61,15
62,26
64,181
65,102
65,107
65,204
66,9
67,77
67,127
67,216
69,285
72,114
73,51
73,240
74,220
74,221
75,50
79,70
79,207
83,70
84,298
85,148
86,71
86,124
87,238
88,133
89,0
89,154
90,122
95,17
95,235
95,299
96,81
96,202
97,211
97,255
98,2
98,106
99,221
99,275
99,287
100,234
103,201
103,242
103,250
104,119
104,172
105,160
106,215
107,88
108,187
109,186
110,262
113,73
114,44
119,60
119,105
119,137
121,170
123,7
123,152
124,264
125,172
127,157
130,75
131,151
131,190
134,212
136,62
136,92
137,58
137,237
137,263
138,25
138,269
139,69
139,101
140,12
143,78
144,109
144,141
146,267
147,273
149,35
150,261
150,288
154,4
154,227
155,127
155,233
156,280
158,284
159,279
160,194
161,63
161,110
162,48
163,129
164,103
167,272
168,282
169,61
169,116
170,14
171,80
171,132
171,265
172,210
173,236
174,102
176,246
176,280
180,23
180,37
183,29
183,166
184,298
189,64
189,166
191,183
191,197
191,252
192,121
192,281
195,25
195,164
196,20
197,21
198,135
200,43
201,128
203,8
203,120
203,173
203,260
205,16
207,84
207,206
207,290
207,294
207,299
208,54
209,120
211,3
211,243
212,142
212,179
213,46
213,205
214,217
214,247
215,107
215,182
218,45
218,268
220,22
220,158
220,292
221,13
221,245
222,268
225,179
226,134
227,265
228,90
228,254
229,4
231,82
231,153
231,193
232,180
232,249
234,1
234,165
234,289
235,34
235,78
235,277
238,159
239,295
240,257
241,2
241,5
243,150
244,228
245,178
246,224
246,226
247,12
247,100
248,105
251,37
251,248
253,38
253,101
254,85
254,91
254,193
255,18
256,104
258,118
258,291
259,42
260,85
260,94
260,214
260,216
262,163
262,195
264,68
264,142
264,219
264,244
266,99
266,151
269,9
269,54
269,98
269,112
269,230
270,258
271,199
274,133
274,185
276,271
277,138
278,121
278,145
280,16
281,175
282,266
283,56
283,62
285,188
286,22
288,191
290,27
290,76
292,162
293,52
294,186
295,26
296,200
299,145
