source,target
0,16
1,39
3,99
3,185
4,271
5,77
5,220
8,36
9,52
12,19
15,226
17,163
18,237
18,255
19,26
20,82
22,128
22,245
24,41
24,102
25,42
26,265
26,292
28,111
29,35
29,216
30,49
31,188
31,280
33,160
33,234
37,231
40,222
40,223
40,287
41,178
42,85
42,217
43,155
43,212
45,16
47,11
51,214
51,288
52,10
52,33
52,185
53,252
55,181
59,281
60,0
64,50
64,77
66,36
67,9
68,203
68,256
71,253
72,244
73,3
74,67
74,96
75,34
75,192
77,161
79,78
79,94
83,32
84,8
85,204
87,207
89,133
89,169
89,267
90,189
92,148
92,158
94,107
94,298
98,80
98,115
100,95
100,191
101,112
103,268
107,233
110,76
112,10
112,156
115,291
116,193
117,69
118,120
118,229
118,254
118,287
119,96
119,114
119,141
120,122
123,125
124,154
125,166
127,144
127,205
127,254
128,277
130,83
131,285
131,290
133,88
133,199
133,274
134,23
134,146
135,166
137,21
138,230
140,164
142,49
143,206
145,240
146,124
148,104
148,286
149,176
150,24
150,247
151,241
152,7
152,202
152,283
155,65
155,117
156,162
159,238
160,106
160,174
163,92
163,240
164,74
164,221
166,28
166,30
166,201
167,56
168,47
169,61
169,261
171,98
171,132
172,6
172,227
173,118
175,38
176,89
178,79
179,167
179,168
179,294
180,122
180,236
181,66
182,44
182,127
183,179
184,58
185,46
187,103
188,201
188,299
189,14
189,289
190,13
190,143
191,90
194,86
195,284
196,12
196,86
196,237
197,97
202,101
202,259
206,31
208,62
208,119
209,288
210,175
211,162
213,263
214,195
214,242
215,0
215,48
215,61
215,192
216,51
216,198
218,91
218,109
218,263
218,297
219,121
223,54
223,113
223,123
223,196
224,160
225,6
226,93
226,260
228,130
228,165
228,296
230,187
230,269
231,153
231,246
232,124
232,273
234,20
234,289
235,110
235,200
235,243
238,151
238,257
239,40
239,115
239,197
239,293
241,87
243,44
243,66
245,126
246,152
246,157
246,172
248,133
249,215
250,116
250,144
251,47
251,105
252,224
253,20
253,38
253,150
254,81
256,76
258,63
258,84
259,297
260,43
261,208
262,70
262,186
262,285
263,136
264,108
264,134
265,147
266,129
266,140
266,292
266,295
268,139
268,177
269,71
269,170
270,50
270,239
271,1
271,228
272,17
273,21
273,27
273,138
273,184
275,283
276,72
276,184
277,265
278,121
278,255
279,22
281,221
282,241
282,259
283,69
284,125
289,104
289,167
290,249
297,57
297,130
298,2
298,25
