source,target
0,64
1,83
1,114
1,234
3,268
5,202
6,56
7,211
7,283
8,162
9,52
9,161
9,247
12,16
14,208
15,97
16,31
16,280
17,278
18,42
18,258
20,59
20,101
20,294
21,23
21,118
22,279
23,134
25,46
25,85
29,58
29,88
29,299
31,292
34,298
35,245
35,252
36,119
39,253
40,229
41,184
42,217
42,297
43,70
43,186
43,261
45,72
45,79
45,295
47,49
49,142
53,103
54,11
56,94
56,139
56,167
56,198
56,260
58,43
59,157
60,159
60,199
60,235
62,17
62,104
64,22
64,212
65,275
66,243
67,96
68,51
68,197
68,256
69,213
70,19
70,240
71,51
72,26
73,153
74,96
76,57
76,276
78,66
78,143
79,0
79,78
80,22
81,86
82,176
83,11
83,111
84,4
84,36
84,112
85,13
89,28
91,218
92,74
94,17
95,35
97,267
97,274
98,75
98,89
100,1
100,254
102,261
103,30
103,239
103,250
106,154
107,45
108,178
108,251
109,224
110,296
111,122
113,14
115,286
116,171
117,113
119,196
119,246
120,40
120,192
121,206
121,269
122,139
124,143
127,77
127,87
127,299
129,149
130,135
130,163
130,173
131,44
131,55
131,285
132,266
133,69
133,274
136,25
136,231
137,126
137,263
138,78
142,95
142,264
144,10
144,170
146,191
147,71
150,225
152,134
152,188
154,41
154,259
155,24
155,55
155,105
156,180
157,127
160,31
160,33
160,130
163,205
165,267
166,262
168,47
169,141
170,18
170,86
170,153
170,182
170,262
171,265
172,133
172,162
172,199
172,248
176,81
180,32
181,48
181,255
183,27
183,29
183,92
183,140
183,266
185,28
185,277
186,109
186,174
187,108
188,114
190,131
191,6
193,254
196,164
196,290
198,128
198,216
199,244
200,258
201,99
201,177
203,68
203,194
204,129
205,295
207,61
207,236
208,34
208,125
208,138
209,34
210,201
212,2
212,181
212,251
213,222
214,62
214,247
215,203
218,57
219,230
220,158
221,281
222,187
223,123
223,237
226,13
227,100
227,148
227,265
228,92
228,271
231,137
231,151
232,150
233,159
236,169
237,284
238,232
238,257
240,107
240,201
242,136
246,152
249,38
249,40
249,145
249,242
249,291
250,183
250,270
252,146
252,230
256,25
260,65
260,195
260,272
261,93
263,184
263,270
266,32
266,273
267,189
267,241
268,91
269,50
269,144
269,202
269,293
270,149
270,179
271,63
275,39
276,124
277,53
281,197
282,241
283,39
283,90
283,172
284,44
284,158
285,20
285,37
286,8
286,175
287,5
288,37
289,46
295,169
296,82
297,135
299,150
