source,target
1,143
4,56
6,3
6,93
6,185
8,98
8,164
9,0
9,182
15,74
15,180
15,189
17,138
19,23
19,110
20,100
20,186
22,77
24,105
24,135
25,173
26,199
27,169
29,19
29,33
29,91
30,5
30,47
30,67
33,117
33,167
36,160
37,21
38,27
39,38
39,44
39,119
40,130
41,128
41,184
42,17
43,37
43,109
44,81
48,127
48,138
49,2
49,14
49,124
50,195
52,145
54,18
55,85
56,88
58,108
59,22
59,169
61,121
62,29
62,115
63,81
63,86
64,43
65,91
66,141
67,13
67,36
68,32
68,112
70,170
71,79
72,192
75,126
75,198
76,178
77,62
77,196
78,31
78,50
80,137
80,178
80,184
81,136
83,107
83,108
83,168
84,64
84,123
87,54
88,51
88,57
88,119
89,9
89,31
90,189
92,161
93,28
93,53
93,118
93,183
94,84
95,82
95,177
96,49
97,103
98,150
100,89
100,122
101,82
103,92
104,142
105,66
105,71
106,4
112,83
113,10
113,158
114,57
116,144
117,150
117,163
118,10
120,196
129,191
130,16
130,162
130,181
132,39
132,111
132,149
133,95
134,45
135,102
135,197
137,17
137,69
142,65
144,80
145,11
145,14
145,176
147,46
147,99
148,113
148,152
153,192
153,193
155,146
156,92
156,166
157,1
157,30
158,59
159,125
160,24
161,188
165,172
166,1
168,25
168,155
169,12
170,139
170,154
171,66
171,78
171,109
171,179
173,132
173,140
174,35
174,42
174,60
174,165
175,34
175,96
176,151
176,156
176,170
177,99
178,134
180,106
181,55
181,87
184,7
187,44
187,137
190,135
191,46
192,131
193,120
193,159
194,73
194,163
195,148
196,121
198,71
199,18
199,171
199,191
