source,target
0,98
1,60
1,161
1,181
4,107
5,138
5,139
6,57
7,189
9,87
10,144
10,159
10,184
11,10
11,23
12,32
12,44
13,129
15,117
15,133
16,34
16,84
17,86
18,65
19,27
20,44
20,199
21,151
21,193
22,56
22,180
23,24
23,136
23,156
24,20
25,11
27,26
28,68
29,142
29,143
29,167
29,188
30,67
30,189
31,124
33,80
33,97
33,192
36,41
36,153
37,21
38,49
38,69
39,35
39,70
39,122
39,184
44,14
44,191
45,99
45,106
45,149
50,155
52,102
53,93
54,105
55,35
56,20
57,15
59,115
62,122
64,128
65,87
65,150
69,62
69,146
71,134
73,52
74,42
74,182
77,82
78,37
80,9
81,136
82,31
82,72
82,154
83,30
83,169
84,18
85,174
86,63
86,126
87,52
88,114
89,100
89,128
90,118
91,88
92,176
92,181
93,142
94,2
95,88
95,90
95,123
95,190
96,2
99,107
100,61
100,177
101,54
102,74
102,79
103,108
105,116
108,83
110,147
111,166
111,198
112,85
113,40
115,3
116,97
117,53
117,145
118,19
119,34
119,179
121,141
122,58
125,43
125,55
127,48
127,104
128,162
129,170
130,134
132,112
132,157
134,195
135,6
135,160
137,152
138,132
140,71
140,135
141,63
141,110
147,71
148,187
150,25
152,26
152,158
153,183
155,4
155,47
157,8
158,94
158,115
159,66
159,108
159,111
163,172
164,0
165,75
165,144
168,103
170,30
170,120
171,31
171,40
171,164
172,197
173,127
174,33
175,50
176,165
177,178
178,17
179,155
183,79
184,51
185,76
185,175
186,32
186,46
187,77
188,48
188,137
190,109
192,131
193,0
193,22
194,29
196,39
197,78
198,68
198,194
