source,target
1,60
1,65
2,64
3,47
3,93
5,138
7,157
8,102
10,20
10,70
11,38
12,92
12,113
12,148
13,67
14,196
16,94
18,62
19,87
19,117
19,186
21,43
21,151
21,182
21,190
22,3
22,116
25,173
26,115
27,3
27,33
30,91
30,150
31,26
31,34
31,82
31,86
31,194
33,156
33,183
35,169
35,181
36,99
37,21
37,142
39,110
40,77
41,61
41,118
41,128
41,195
42,95
42,125
46,2
48,188
49,189
51,9
51,108
51,137
54,19
55,143
55,188
55,192
56,191
57,17
58,109
59,171
62,53
63,58
64,162
66,155
67,180
68,80
68,161
70,177
70,198
71,79
71,130
71,134
71,153
73,24
74,187
75,88
77,0
77,39
77,42
77,179
78,72
78,91
79,197
82,154
83,23
84,152
85,56
85,63
85,100
89,41
95,133
96,36
97,141
98,74
99,35
99,55
99,65
101,175
103,24
104,16
105,14
105,50
105,158
105,194
107,105
109,44
109,136
111,159
112,29
112,138
116,28
116,51
117,40
117,144
119,96
120,29
121,102
124,49
124,172
125,57
125,166
126,46
127,123
127,178
128,11
129,52
129,156
132,97
132,100
133,22
133,104
134,83
134,106
134,131
135,89
136,12
137,62
137,170
140,4
145,32
145,44
145,120
146,14
146,69
147,130
148,15
148,107
149,128
150,176
155,163
157,8
157,119
158,4
158,27
158,73
159,7
160,81
160,150
160,152
162,48
162,81
164,10
165,131
167,59
167,155
168,25
168,122
169,68
170,45
170,167
170,193
171,88
171,111
173,132
175,54
177,129
178,39
180,98
184,20
185,112
186,76
187,23
187,85
187,114
188,89
188,139
189,90
189,144
190,135
190,174
191,199
198,6
