source,target
1,15
1,116
1,122
3,0
3,142
3,163
4,129
5,118
5,151
7,10
7,51
8,13
9,3
9,85
10,100
10,111
11,25
11,140
14,81
14,114
16,138
17,135
18,51
18,76
20,85
22,33
23,24
24,37
24,56
24,156
26,40
26,109
27,29
28,53
28,165
29,77
30,20
31,44
31,171
31,194
33,61
33,192
34,154
35,87
36,153
36,159
37,164
37,193
38,119
41,150
42,55
42,69
42,90
43,104
44,28
44,79
45,163
46,186
48,110
50,83
51,136
51,143
51,172
53,62
55,10
55,99
57,8
58,72
58,132
59,91
59,104
59,169
62,22
62,108
68,70
68,112
68,174
70,198
72,96
73,38
73,127
74,181
77,42
77,84
78,83
78,90
80,97
80,107
81,155
82,128
83,180
84,46
85,191
86,49
89,39
91,11
93,133
94,40
94,64
95,113
95,190
96,34
96,36
97,65
99,48
99,82
99,102
101,54
103,75
103,125
103,193
103,195
105,41
105,141
105,155
105,196
106,169
106,177
107,170
112,121
112,151
115,168
116,100
117,164
119,199
120,139
122,2
124,126
124,188
127,47
127,178
129,18
133,187
135,67
135,78
137,52
137,60
138,48
139,176
140,130
141,157
142,127
142,179
144,45
145,60
146,35
146,54
147,71
147,161
148,105
149,19
151,63
152,4
155,88
155,167
156,175
157,103
157,160
158,115
159,6
159,7
159,39
159,92
160,184
162,35
162,92
162,147
163,8
163,12
163,98
165,66
165,131
168,19
168,25
168,32
168,68
170,165
173,43
173,123
173,166
176,9
179,82
179,158
181,30
182,148
183,93
185,144
187,80
187,109
188,194
189,145
189,183
190,26
192,27
193,21
194,49
195,5
195,134
197,79
