source,target
0,59
1,193
3,86
3,169
3,174
4,106
4,129
5,30
5,85
5,98
5,187
6,15
9,7
10,184
14,112
14,114
14,137
19,23
19,61
19,87
19,164
20,13
20,143
20,186
21,50
21,190
22,89
22,97
22,103
22,114
23,33
24,155
24,195
25,39
25,144
27,9
29,88
30,3
31,109
32,108
35,54
36,153
37,78
38,28
38,118
38,147
39,70
39,196
41,61
42,69
42,174
43,46
43,104
44,93
45,188
51,3
51,161
51,167
51,178
52,83
52,172
53,197
55,169
56,179
57,8
58,150
60,11
62,18
62,55
64,48
64,127
64,139
65,47
65,137
66,133
67,36
68,194
69,125
71,45
73,2
73,158
74,4
75,154
77,25
77,187
78,67
79,71
80,185
81,94
81,183
82,101
83,14
83,146
83,170
85,44
89,105
96,34
96,166
97,159
97,182
99,181
100,38
102,15
102,73
105,90
105,148
105,149
105,173
106,180
107,144
109,43
109,117
110,19
112,156
114,91
114,108
117,51
117,168
120,29
120,124
121,141
122,2
123,84
123,125
124,163
126,138
126,152
127,142
128,26
128,140
130,178
132,9
132,115
132,173
133,132
134,136
135,85
136,131
136,171
137,59
142,87
143,42
145,60
146,145
147,161
148,31
150,57
151,5
152,62
153,74
154,34
155,116
158,10
158,22
158,40
158,113
159,111
159,141
159,157
160,150
160,184
161,72
161,119
163,12
163,102
164,10
165,63
165,66
166,119
171,26
171,43
174,92
175,50
176,49
176,151
176,162
177,16
177,52
179,82
179,189
180,20
181,128
184,35
184,81
185,76
185,183
188,17
188,72
188,194
190,95
190,176
191,100
192,138
193,91
193,189
195,37
197,79
198,54
199,126
