source,target
0,58
1,98
2,40
3,14
4,6
4,114
4,140
6,50
6,165
6,198
7,184
7,192
10,27
11,191
12,1
12,26
13,129
15,158
16,94
16,130
17,5
19,181
21,17
22,51
22,120
23,19
23,164
25,114
28,93
29,53
29,188
29,196
30,91
30,187
31,135
33,156
34,31
35,174
36,74
36,96
36,175
39,132
39,159
40,158
41,11
41,122
41,153
42,117
43,104
43,173
44,57
45,180
46,16
47,3
47,22
48,49
49,189
51,172
55,4
55,62
55,117
56,63
56,111
57,60
57,125
59,3
59,80
59,142
61,41
61,129
62,78
63,67
64,48
64,127
64,131
64,161
65,10
65,91
65,103
67,178
67,197
69,22
70,30
70,40
71,99
71,149
73,20
73,38
73,163
75,43
75,154
77,110
78,24
79,152
80,150
81,9
81,190
82,128
87,136
88,56
89,73
90,118
91,124
91,185
92,119
94,81
95,105
97,65
98,5
98,42
99,32
100,68
102,8
102,182
107,170
108,33
109,72
109,169
109,176
110,35
111,84
111,145
111,167
111,186
112,121
115,118
115,143
115,168
119,101
119,140
120,141
121,194
122,70
122,116
123,102
124,19
124,169
125,159
126,185
127,144
128,89
132,47
132,58
133,23
134,83
134,109
135,184
136,60
137,88
139,130
142,66
143,7
146,12
147,45
147,166
148,39
149,54
151,8
151,9
152,26
155,179
156,175
157,160
158,199
159,93
159,100
162,11
162,37
163,74
163,155
170,96
171,133
173,55
174,85
174,151
178,18
178,148
179,116
179,189
180,195
183,44
183,180
185,76
185,138
185,177
187,137
187,160
188,52
188,97
188,105
190,106
190,197
192,29
192,86
193,115
194,123
197,113
198,54
198,111
