source,target
0,97
0,165
1,181
3,55
3,198
4,170
6,28
6,134
6,159
7,182
8,93
9,56
11,51
12,21
12,135
13,22
14,153
15,8
15,163
16,138
17,148
18,41
18,65
18,122
19,23
19,149
19,164
20,35
21,33
22,132
24,156
26,104
26,109
26,141
26,197
26,199
27,120
27,133
29,53
31,34
31,86
38,49
40,76
42,89
42,91
42,165
42,184
42,185
43,37
43,46
43,104
44,35
44,81
45,147
45,162
45,183
48,30
48,99
48,195
49,64
49,121
51,172
54,60
57,54
59,10
59,167
62,29
63,58
63,113
64,84
64,130
65,181
67,36
67,78
68,112
68,174
69,14
69,115
72,6
73,90
73,146
74,179
75,82
76,67
78,42
78,59
78,168
79,180
80,3
80,52
81,94
82,31
82,101
82,154
82,166
82,196
84,2
85,33
86,124
87,44
87,54
87,129
88,56
88,80
88,171
90,47
91,188
92,166
93,32
93,87
93,142
95,83
96,175
97,173
98,73
100,61
100,119
102,163
103,25
105,24
105,114
106,4
106,99
108,173
109,134
110,38
110,39
112,26
116,97
118,5
118,88
119,174
120,118
121,111
122,105
122,190
124,18
124,44
124,113
125,123
127,43
130,77
131,50
132,103
132,128
132,161
137,29
139,71
139,130
140,128
140,185
141,137
144,114
144,178
148,145
150,108
151,106
152,25
153,74
153,192
155,15
155,47
156,139
157,103
158,133
158,136
159,66
160,150
162,11
163,135
165,70
165,131
168,83
169,141
170,176
170,187
175,50
176,45
176,117
177,144
177,198
183,79
185,126
186,20
186,138
188,17
188,51
188,69
189,183
191,40
191,109
192,7
192,107
192,143
192,155
193,194
194,149
194,189
196,125
