source,target
6,72
7,192
9,46
9,109
10,35
11,38
11,41
11,60
13,113
14,135
15,8
15,141
17,40
17,170
18,148
20,89
20,121
20,140
21,48
21,85
21,162
24,122
24,131
25,65
26,100
27,10
28,53
29,120
29,194
30,31
30,65
31,102
32,145
33,157
33,160
41,115
43,133
43,154
44,81
44,87
45,149
47,50
49,124
51,42
52,40
53,54
54,101
54,175
55,97
55,114
57,17
58,0
58,150
58,190
59,78
59,167
60,93
61,184
63,117
64,73
64,130
65,62
66,119
66,142
66,164
67,13
68,3
68,100
68,111
68,182
69,137
70,97
70,177
71,105
71,161
73,2
73,90
74,130
75,139
78,37
78,160
78,171
80,139
81,189
82,107
83,127
83,134
83,176
88,118
89,88
92,12
92,32
92,103
92,196
93,44
96,34
99,1
99,181
100,39
102,49
102,155
102,180
102,189
106,9
106,45
106,123
107,30
107,76
107,173
108,39
109,2
109,23
110,61
114,158
114,179
116,58
117,47
117,88
117,143
118,163
119,166
123,79
126,185
127,43
129,191
131,72
131,136
131,161
131,186
132,111
133,187
136,164
137,14
137,18
137,22
138,16
138,186
141,29
141,61
144,57
144,95
145,99
147,64
150,98
151,174
152,4
153,51
153,74
153,86
154,22
154,75
155,56
155,63
155,84
155,174
156,92
156,112
157,5
157,125
158,27
158,94
158,104
159,45
166,82
166,152
168,184
170,129
171,26
172,28
172,36
173,91
174,165
175,24
175,96
177,106
178,51
178,113
179,128
179,146
180,19
181,55
182,172
183,168
184,77
184,169
185,198
187,52
188,23
188,66
189,162
190,25
191,20
192,42
193,38
194,188
195,41
197,156
198,70
199,158
