source,target
0,97
1,219
3,44
3,46
3,91
3,168
3,212
4,0
4,208
6,294
8,133
9,65
9,87
9,123
9,230
10,15
10,119
11,149
12,243
14,249
15,110
16,246
18,33
18,141
18,231
19,145
19,176
20,16
21,139
21,281
22,88
22,267
23,38
23,284
24,94
25,165
25,223
27,117
27,190
29,137
30,265
31,44
32,116
34,82
36,112
36,122
36,235
36,284
37,43
37,298
39,27
41,105
42,234
42,296
43,147
45,220
46,76
46,250
48,191
48,263
48,296
50,240
51,80
51,297
54,158
54,273
54,292
55,226
56,65
57,164
58,194
59,95
60,11
61,18
62,222
62,287
63,37
64,71
64,229
67,252
68,58
70,7
70,26
70,257
72,102
72,184
72,237
73,77
77,120
78,264
79,118
79,255
81,232
82,238
83,50
85,92
85,111
86,175
87,276
88,129
89,233
89,295
91,114
92,271
92,275
94,93
95,45
95,126
97,49
97,166
97,181
98,130
98,142
99,124
99,172
100,42
101,26
101,259
102,104
107,52
109,128
109,153
109,207
110,20
110,57
112,227
112,299
114,36
115,13
117,251
118,34
118,172
120,29
120,74
120,85
120,174
121,87
122,13
122,14
123,225
125,108
125,215
126,73
126,239
126,258
128,131
128,193
130,202
131,3
131,35
131,225
135,66
136,40
136,99
138,232
138,258
139,61
140,47
141,220
143,138
144,11
144,96
144,148
145,152
146,25
147,198
150,9
150,260
151,140
151,247
155,241
156,24
156,214
157,32
157,52
157,219
158,132
158,160
160,83
160,282
160,285
162,106
162,196
163,239
164,75
165,204
166,105
169,55
169,210
171,134
174,274
175,79
176,72
177,29
177,144
178,28
178,167
179,157
179,185
181,157
181,209
181,236
183,228
185,289
188,76
188,113
189,127
190,212
191,39
192,189
194,72
194,90
194,290
195,46
196,24
196,98
197,32
198,224
200,161
200,171
200,203
201,106
203,48
204,28
204,213
204,283
205,111
206,256
208,5
209,63
211,66
212,17
215,68
216,69
217,211
218,135
218,277
219,84
219,272
221,282
224,177
224,199
226,2
226,192
226,193
226,294
228,137
228,253
229,162
230,12
230,69
233,53
237,261
238,159
238,269
240,146
240,290
241,150
241,246
241,286
242,107
244,57
244,154
248,33
248,173
249,47
249,64
249,287
254,145
256,200
257,231
259,180
259,187
262,273
264,135
265,103
265,245
265,268
265,279
265,281
269,170
273,186
274,270
275,109
277,156
277,293
278,167
280,133
280,192
281,182
282,67
283,23
284,129
284,238
288,53
291,298
295,116
296,266
297,86
