source,target
2,180
3,44
3,105
3,232
4,51
5,227
7,49
10,52
10,254
13,33
13,42
16,65
16,79
18,259
19,120
19,145
23,30
23,261
24,45
24,94
27,82
27,108
32,41
32,116
32,220
35,90
35,185
36,209
38,21
39,109
39,294
41,164
45,103
45,229
46,8
48,113
50,159
51,71
51,80
52,152
53,233
54,89
54,156
55,61
55,141
56,43
56,111
56,163
56,280
56,284
57,132
57,244
58,74
58,75
58,131
59,120
60,294
61,292
62,279
63,94
65,289
66,169
67,119
70,257
71,79
71,298
72,139
72,207
72,243
73,106
73,253
74,255
76,8
78,17
78,204
83,160
83,297
85,32
87,190
88,30
88,115
88,150
88,242
89,186
90,230
91,115
91,147
92,143
93,67
93,241
93,262
94,183
96,40
96,124
96,125
97,95
99,295
101,85
102,258
102,287
103,174
103,244
103,248
104,178
104,287
106,201
107,195
108,26
109,275
110,277
112,12
112,88
112,179
118,52
118,251
121,222
126,202
126,266
126,296
127,201
130,60
131,166
132,112
132,239
132,286
133,245
134,212
134,237
135,3
135,14
135,218
136,23
138,112
142,77
146,240
149,11
151,204
151,247
151,264
151,290
153,260
154,92
155,22
155,128
155,138
155,176
158,179
159,20
159,81
160,68
160,282
161,200
162,39
162,148
162,169
163,265
166,56
166,133
166,213
168,32
168,209
168,216
169,291
171,226
172,73
173,248
175,86
175,255
176,19
178,167
178,224
180,0
180,228
181,236
184,261
185,238
186,7
186,55
189,35
191,6
191,123
191,288
192,22
192,177
193,280
195,64
196,33
196,98
196,162
196,187
197,158
198,21
199,12
200,130
201,92
202,184
205,70
205,231
206,223
210,187
211,217
214,2
214,142
215,46
215,225
216,144
216,199
216,227
217,31
217,221
219,272
221,4
222,70
222,123
223,122
224,171
225,47
225,194
225,195
226,193
228,18
228,25
228,196
228,256
228,298
230,100
230,191
231,177
232,81
232,93
233,134
234,245
236,37
237,69
237,235
238,9
240,114
241,10
241,96
242,1
242,34
242,84
243,46
243,148
245,97
245,181
249,67
250,265
253,268
254,172
254,208
255,149
259,182
260,28
260,57
260,203
261,237
263,113
263,242
264,88
267,140
268,151
269,135
269,165
269,252
270,49
270,117
270,153
270,276
271,150
271,274
272,257
273,55
274,15
275,270
277,285
277,299
278,16
278,146
278,157
278,279
279,188
280,108
281,234
282,87
282,91
283,137
283,155
283,198
283,246
283,267
284,78
284,170
285,269
287,129
293,53
295,281
297,29
299,223
