source,target
0,130
2,298
6,153
6,294
9,117
9,143
10,15
12,25
12,52
13,260
15,248
16,43
16,65
16,185
19,145
19,176
20,206
23,170
25,222
25,228
27,21
27,52
27,125
27,167
29,101
29,271
30,283
31,66
32,219
33,295
34,69
35,110
35,189
36,144
36,232
37,24
38,47
38,112
40,81
40,109
43,220
44,103
45,7
45,229
46,100
46,188
48,184
49,127
49,132
49,234
50,68
52,118
52,260
53,196
53,226
54,172
55,253
56,40
57,68
58,75
58,181
60,80
62,26
62,111
63,83
65,159
66,210
67,227
74,287
75,290
76,4
76,240
77,223
77,259
81,61
83,173
85,144
86,220
88,28
88,42
89,186
89,233
90,102
90,249
91,115
93,64
94,80
94,93
95,241
99,133
99,172
100,76
100,164
104,3
105,129
106,155
106,236
108,135
109,215
110,124
115,38
115,123
115,240
117,212
118,92
119,131
120,174
120,221
121,84
122,245
122,278
124,194
124,216
125,53
127,165
128,41
129,254
130,33
130,51
131,30
133,230
135,104
136,121
139,21
140,180
141,210
141,238
142,5
142,98
142,196
144,116
144,177
144,252
144,296
146,6
147,50
148,284
149,163
151,247
152,18
152,224
153,267
155,62
155,119
156,292
158,50
158,154
158,238
158,265
159,35
160,270
161,200
162,147
163,20
166,38
166,190
166,269
168,78
168,199
170,285
171,9
171,69
172,179
175,79
176,22
176,70
176,97
176,193
178,36
180,259
182,2
183,94
183,208
183,217
184,250
186,91
187,294
190,105
191,48
191,258
192,161
193,95
194,56
195,191
197,105
198,197
200,203
202,96
202,126
202,169
202,192
203,178
204,149
204,235
205,70
206,7
206,277
207,16
209,4
209,134
211,151
212,268
213,99
213,148
215,122
218,142
221,19
221,255
221,282
222,107
223,138
223,171
224,47
225,184
226,49
226,77
228,73
230,12
230,84
231,228
232,3
232,264
233,298
234,114
235,32
236,71
237,261
239,82
239,112
240,1
240,17
240,75
241,93
241,286
243,41
243,279
244,103
246,146
246,243
247,262
247,263
248,59
248,120
249,225
251,42
256,291
256,293
257,231
257,272
260,287
261,166
263,243
264,78
264,88
264,137
265,27
265,83
265,87
265,242
266,82
267,113
267,293
268,106
269,88
269,278
269,289
270,276
271,136
271,157
272,214
273,22
274,145
275,55
275,185
276,72
276,246
277,218
278,39
280,11
280,291
281,158
281,244
283,90
283,267
286,14
286,281
286,285
287,67
288,183
289,299
291,201
293,175
293,292
295,279
297,108
299,8
299,24
299,150
299,213
