source,target
0,97
1,13
2,214
4,59
5,103
5,142
9,114
9,150
9,243
10,118
11,14
11,278
13,104
13,150
13,215
15,20
15,263
16,177
16,197
16,250
18,265
19,234
21,155
22,119
23,105
24,299
25,284
27,117
27,122
27,190
27,246
29,106
30,0
31,77
32,235
34,122
36,112
36,235
36,237
37,147
38,35
38,283
40,184
40,230
41,181
41,193
43,37
43,45
44,3
44,5
45,197
46,166
46,190
46,296
48,57
48,154
48,174
48,249
49,102
52,12
52,87
52,92
52,107
52,265
53,288
53,294
54,63
55,2
55,218
56,91
56,111
56,267
58,225
58,270
61,206
64,93
64,195
67,124
67,137
67,162
67,262
69,76
70,192
71,51
71,238
72,233
73,176
73,205
76,270
77,98
77,273
77,277
79,95
80,156
80,211
81,90
81,260
82,10
83,173
86,30
86,175
87,211
87,264
88,11
88,195
89,54
89,60
89,186
89,251
91,286
94,24
95,144
96,213
96,245
97,40
97,187
99,42
99,68
99,78
99,119
101,43
102,1
102,39
106,232
107,88
108,26
108,27
108,193
108,258
109,9
109,136
110,57
112,287
113,46
116,169
117,160
118,52
119,170
120,32
121,117
124,135
125,18
125,292
126,54
127,49
128,261
129,58
129,249
131,124
132,234
132,275
137,73
137,208
138,94
138,279
139,231
140,146
142,220
143,33
144,85
145,152
147,129
149,225
150,47
151,130
153,133
157,25
157,271
159,36
160,84
161,200
162,185
164,41
165,72
167,23
168,69
168,199
169,202
171,50
171,121
172,99
172,254
173,183
174,224
180,101
182,244
186,189
188,158
188,290
189,127
191,168
196,180
196,248
197,90
200,203
201,91
202,130
202,165
203,125
206,7
206,116
207,17
207,109
208,4
208,254
209,236
210,187
211,66
212,242
213,148
213,247
213,252
215,28
215,68
215,216
216,204
216,222
216,239
217,31
219,157
221,217
222,8
222,96
223,171
225,62
225,284
226,65
227,79
228,214
228,298
229,218
230,87
230,123
231,61
231,85
231,257
232,131
233,89
233,134
233,289
234,183
236,266
240,158
241,115
241,282
242,264
244,174
244,238
245,178
245,191
245,194
245,280
247,285
248,33
248,220
249,70
249,226
253,196
254,100
255,34
257,272
259,65
261,75
261,132
263,152
263,155
263,223
265,163
266,67
267,140
267,167
269,23
269,38
269,74
269,179
269,188
274,94
274,141
275,179
276,115
277,255
278,6
278,241
279,113
281,237
282,221
283,198
287,42
290,108
291,201
293,256
293,292
294,38
295,164
296,48
296,133
296,268
297,156
298,86
