source,target
1,115
2,182
2,226
3,265
4,104
4,199
5,231
8,76
9,277
10,172
11,131
12,15
12,276
16,254
16,283
18,82
18,228
19,221
21,39
22,161
25,213
27,46
27,170
27,287
28,212
28,230
29,43
32,16
35,7
35,20
35,38
35,166
35,189
36,23
37,63
39,9
39,107
40,286
41,136
41,193
42,128
43,65
44,31
45,197
47,225
48,30
50,87
53,44
53,85
53,106
53,288
54,158
55,169
55,273
56,78
56,280
58,198
59,241
60,35
61,218
65,113
65,291
66,211
67,98
67,104
67,124
68,134
68,223
69,164
69,251
70,102
72,154
72,184
72,194
72,207
73,148
77,151
78,246
82,69
82,166
84,121
84,241
85,101
85,111
86,175
88,154
89,75
90,79
90,225
90,249
91,282
91,289
92,173
94,24
94,80
94,217
95,106
96,157
96,258
97,0
98,130
99,172
99,245
100,219
101,116
101,145
101,192
103,44
106,193
109,48
109,110
113,74
114,281
115,25
115,150
115,247
115,294
118,92
118,295
119,264
121,136
122,1
122,240
122,276
124,143
124,265
124,284
126,296
128,30
128,34
129,287
132,286
135,53
138,72
138,113
139,12
140,131
140,181
140,190
140,237
141,248
142,220
144,137
144,177
146,102
146,275
147,94
148,13
149,81
149,163
149,250
151,91
154,244
154,261
156,162
157,25
157,153
160,132
160,274
161,148
161,159
161,200
163,158
165,260
167,194
169,66
169,116
173,183
174,139
174,219
176,70
177,125
179,203
179,233
179,238
181,298
183,64
183,174
184,122
185,117
186,89
187,97
187,141
187,236
188,46
191,57
191,235
192,255
194,155
195,8
196,98
197,27
198,96
200,256
202,126
202,127
204,81
204,168
205,73
206,54
208,24
209,168
209,215
212,268
214,176
217,203
218,55
219,180
220,196
223,90
223,178
224,32
224,162
226,140
227,269
229,201
229,273
231,61
232,133
233,89
233,224
235,41
235,222
236,67
238,51
238,171
240,50
241,216
241,262
242,58
245,88
245,112
245,181
245,234
246,22
250,141
251,68
251,117
252,14
252,99
253,33
254,119
255,33
255,34
255,149
255,221
256,253
256,293
257,205
257,272
258,108
259,77
260,17
260,28
260,210
263,15
263,152
264,137
267,283
268,135
269,109
270,285
271,37
275,132
275,270
276,76
276,264
277,100
277,105
277,271
278,6
278,74
278,243
279,261
280,123
280,133
280,239
281,52
281,83
281,175
281,191
282,266
283,49
283,62
284,23
285,71
285,118
285,170
289,179
290,188
292,125
294,26
294,187
296,93
296,165
296,249
297,29
297,120
299,59
