source,target
0,4
0,254
1,177
5,103
5,208
7,192
7,201
8,128
10,8
11,105
12,9
15,271
16,227
18,120
18,210
19,221
21,181
21,242
22,144
22,222
22,257
22,280
24,45
24,196
25,97
27,76
27,117
27,215
29,180
30,244
30,265
31,55
32,24
32,167
33,34
33,295
36,163
36,209
39,198
40,28
40,157
42,25
43,37
43,140
46,88
46,250
47,140
48,82
48,249
50,81
50,83
51,208
52,84
52,150
52,245
53,29
53,44
53,293
55,53
55,273
56,114
62,113
62,283
64,93
65,56
67,27
67,98
67,252
68,89
70,203
70,294
72,172
72,237
72,243
74,119
75,261
76,133
76,251
77,73
77,151
77,169
77,217
77,273
78,20
80,83
81,232
81,233
84,1
86,275
87,69
87,282
88,30
88,207
89,111
90,36
90,159
90,184
90,212
94,63
96,116
98,60
99,23
100,52
101,182
101,259
102,104
103,156
103,174
103,248
104,178
104,195
104,287
108,96
109,150
109,269
110,136
112,12
112,38
113,190
114,46
116,43
118,73
119,78
119,275
120,297
121,175
122,13
122,154
122,243
122,276
124,41
128,148
128,246
132,49
134,285
136,151
138,155
141,61
141,171
142,196
142,214
143,124
144,85
144,95
144,137
144,216
144,296
148,21
149,230
149,254
152,100
153,58
154,92
155,165
155,263
157,10
158,87
158,132
158,238
158,279
159,35
160,79
160,168
164,295
165,147
166,48
168,3
168,32
169,54
169,66
170,270
171,50
171,200
172,146
173,45
174,15
174,57
174,68
174,139
174,160
175,210
176,258
177,224
177,231
178,247
179,289
181,94
181,142
183,225
185,255
187,268
188,264
189,85
189,186
191,23
191,281
193,22
194,115
197,11
198,107
200,161
201,127
202,169
203,260
204,74
204,112
204,129
206,127
211,5
212,17
213,105
213,277
214,176
215,47
215,125
215,287
220,64
220,199
220,226
223,25
223,206
223,239
224,34
224,199
225,28
225,234
226,2
226,135
226,205
226,223
227,122
227,284
228,253
229,218
230,40
230,90
232,123
232,191
235,6
236,67
236,71
236,130
238,141
238,291
239,133
239,149
239,216
240,145
241,59
241,162
241,278
244,18
247,26
249,14
251,6
251,240
253,256
253,288
255,79
255,221
258,126
259,65
261,185
261,198
262,247
263,70
264,158
264,286
265,124
265,131
266,282
267,111
268,98
268,106
268,253
270,122
270,274
272,219
272,222
277,218
277,299
278,58
278,78
278,188
281,75
282,91
284,90
284,289
285,178
287,115
287,166
290,62
290,204
293,80
294,215
297,61
297,292
298,86
299,16
