source,target
0,4
0,130
1,5
8,193
9,282
11,213
11,247
12,84
13,58
13,172
13,213
15,199
16,132
20,121
21,52
22,123
24,101
24,176
25,13
25,234
26,263
27,168
27,216
27,236
28,23
28,260
30,96
32,120
32,199
33,9
33,141
34,136
34,152
38,96
38,146
39,78
39,215
40,197
41,157
41,294
42,281
45,19
45,172
46,16
46,164
46,279
47,163
48,249
49,7
49,287
50,9
51,297
53,44
53,145
54,63
54,297
58,113
59,173
60,98
60,200
62,124
62,283
65,280
66,31
67,22
67,197
67,266
71,86
73,29
73,228
74,68
74,116
75,89
75,152
75,178
75,233
75,290
76,12
76,27
76,134
77,65
77,142
77,226
79,198
79,271
80,51
82,76
82,93
82,204
82,272
87,48
88,128
88,157
89,186
90,102
90,207
92,117
92,275
94,138
97,104
102,89
103,80
105,97
106,73
107,20
107,52
107,109
109,75
109,153
111,246
112,110
112,190
112,227
113,90
114,225
114,268
115,188
115,260
117,251
118,34
118,251
120,54
120,77
120,221
122,36
122,179
122,243
123,241
127,201
128,144
128,155
131,129
133,82
133,249
137,7
137,162
137,187
138,223
139,285
140,70
140,229
140,242
141,171
143,74
144,3
144,67
144,212
144,222
145,147
145,271
146,11
147,43
147,73
148,161
151,294
154,122
156,54
156,292
158,79
159,299
162,140
162,219
165,17
165,148
165,258
166,184
167,8
167,252
170,160
170,218
171,224
174,244
175,148
176,14
176,189
180,229
180,259
181,158
181,173
181,194
182,2
182,101
184,100
184,168
185,136
188,16
189,35
189,192
190,95
190,126
190,166
191,12
192,106
192,255
193,83
193,214
193,269
194,270
195,99
195,119
197,240
199,4
200,169
200,203
203,6
205,24
206,143
207,10
210,18
210,85
210,111
211,66
215,289
215,296
216,165
217,31
217,94
217,183
218,177
220,64
223,206
224,47
224,174
224,201
226,205
229,208
229,218
229,273
230,247
231,139
232,133
233,72
236,209
238,71
238,159
241,267
242,1
242,107
242,150
244,53
245,81
245,99
245,261
246,88
248,61
248,156
248,220
250,225
253,33
253,55
253,196
254,149
256,288
256,293
257,32
258,26
260,57
261,237
262,125
262,202
262,265
263,25
263,68
264,135
264,222
265,129
265,167
267,56
267,232
268,39
268,106
268,203
269,38
269,179
269,238
269,278
271,37
276,6
276,235
277,255
279,62
281,118
281,237
282,69
283,137
283,254
284,239
285,105
288,228
289,46
289,91
290,108
290,284
293,274
295,198
295,286
296,285
298,61
298,291
