source,target
1,30
2,180
5,103
5,231
6,72
6,222
8,283
10,284
11,76
12,139
13,172
14,3
14,85
15,201
15,274
16,69
16,89
16,223
18,125
20,110
23,193
24,37
24,41
24,94
25,12
25,160
27,246
28,215
29,271
30,0
30,184
32,116
32,189
33,255
34,122
34,199
35,7
36,195
37,236
39,104
42,35
42,165
42,166
42,232
43,89
44,31
45,43
45,173
45,286
46,265
47,242
48,38
48,40
50,143
50,147
50,240
50,245
51,238
52,92
52,152
53,29
54,281
54,292
56,247
58,215
58,230
59,101
61,141
63,209
66,31
67,64
69,62
71,86
71,298
72,207
74,124
74,193
75,146
76,121
77,151
78,90
78,170
79,227
80,200
80,293
81,149
81,155
81,159
81,172
82,99
82,219
82,228
83,93
86,17
87,125
87,178
89,49
89,186
90,119
91,127
93,241
93,266
95,126
95,280
96,258
97,176
99,167
100,69
100,233
101,71
101,259
102,25
102,104
106,287
107,96
109,58
112,88
112,110
112,138
112,203
112,277
113,23
115,176
115,250
117,279
119,70
119,117
120,74
120,77
123,3
123,285
123,296
124,115
125,108
125,135
128,164
129,113
129,202
130,98
130,297
131,52
131,250
132,55
132,57
133,261
134,228
135,218
140,22
140,91
140,264
141,196
143,68
144,243
144,268
146,278
147,91
148,282
152,34
152,65
153,112
154,88
154,261
157,150
157,204
158,16
158,84
158,289
159,20
159,299
160,158
161,4
162,156
163,239
163,248
164,114
166,144
167,22
167,269
168,21
175,131
178,109
178,128
178,224
178,263
179,171
179,251
179,289
180,111
180,219
181,209
182,54
183,142
184,107
185,46
187,214
188,163
190,73
190,87
191,57
191,123
191,181
192,169
194,195
196,4
196,53
197,154
198,171
199,216
203,9
204,220
204,290
205,183
205,249
206,61
206,80
208,86
208,137
210,60
210,175
210,187
211,77
212,48
213,148
216,105
219,231
219,272
223,47
223,295
225,140
226,2
227,38
227,112
229,36
230,168
230,191
230,246
230,249
234,19
236,130
238,44
238,82
238,174
239,252
239,257
240,118
241,95
242,1
242,148
247,136
247,213
248,173
254,128
254,177
255,149
255,221
256,127
256,253
258,190
258,294
260,100
261,235
262,26
265,36
265,188
268,182
269,121
269,162
269,275
270,153
270,216
270,274
271,42
273,226
273,262
273,267
274,145
275,206
276,41
278,170
279,72
279,134
280,39
280,67
281,197
281,237
281,244
283,155
284,78
284,234
285,288
287,212
290,75
291,116
291,169
291,203
291,217
296,81
297,83
298,291
