source,target
0,33
1,192
1,214
1,264
3,138
8,133
8,213
9,99
9,277
12,75
15,2
16,32
17,78
17,91
17,170
18,259
19,176
21,1
21,198
22,42
22,167
23,222
25,26
27,16
27,109
32,116
34,216
35,20
35,34
36,30
36,49
36,250
38,225
40,13
40,56
41,102
41,104
44,80
45,280
46,76
47,175
47,255
50,9
53,55
53,65
58,90
59,142
61,55
61,298
62,111
63,94
65,52
65,159
66,31
66,63
67,123
67,226
68,57
68,92
69,84
70,89
70,205
71,95
71,106
72,39
72,251
74,281
75,152
77,98
79,8
80,51
80,256
81,184
82,216
82,271
83,93
86,219
87,33
87,164
87,211
88,107
88,115
89,62
89,186
89,295
90,150
90,283
91,41
91,201
91,286
92,244
94,24
94,83
95,190
95,294
96,40
97,23
97,165
98,130
99,29
99,199
99,251
99,252
100,21
100,134
100,219
100,233
101,59
102,158
103,64
104,287
105,113
105,195
107,25
107,198
108,125
111,240
111,267
111,281
112,110
112,249
114,168
116,74
116,103
118,79
118,182
120,154
121,87
121,175
121,239
122,178
123,46
123,275
123,285
124,143
124,242
126,296
127,80
127,189
128,50
128,166
129,265
132,52
135,108
135,268
137,29
137,187
138,279
139,76
139,160
140,155
140,229
140,276
141,292
142,181
144,180
146,11
147,43
147,73
147,101
147,148
147,232
149,38
149,243
151,290
152,200
158,84
158,117
158,289
159,171
162,5
163,270
164,57
164,235
165,27
167,177
168,78
169,66
169,77
169,120
171,223
171,290
172,148
174,68
176,245
177,140
179,112
181,173
182,259
183,94
183,173
183,224
184,238
184,261
185,82
188,10
189,35
190,48
191,3
191,28
191,234
192,2
192,202
194,136
194,227
196,248
197,45
197,67
197,113
197,237
200,161
200,169
201,291
204,30
206,275
207,85
208,183
209,4
209,289
213,58
214,272
215,207
215,230
215,294
215,296
215,299
218,110
219,34
219,162
220,197
220,199
221,282
223,90
223,121
224,100
224,178
225,47
225,119
225,284
226,14
227,124
227,212
228,73
228,231
228,253
229,208
230,69
230,131
233,60
234,203
234,217
235,237
236,37
236,53
238,256
240,104
240,145
241,10
242,112
245,252
246,42
247,286
248,156
248,220
249,56
250,278
254,283
256,288
258,272
260,210
262,170
262,188
263,70
263,193
264,36
265,22
269,46
270,263
271,157
271,260
273,226
274,139
276,153
278,124
278,215
279,49
282,69
282,266
285,125
285,129
288,7
292,293
292,297
293,267
294,11
294,144
294,257
296,6
297,54
