source,target
0,30
2,277
5,211
5,227
6,230
6,265
7,201
8,21
8,190
9,171
10,52
10,183
12,25
12,121
13,48
14,91
15,201
15,248
15,274
16,132
16,162
16,166
17,42
18,61
21,148
22,14
22,232
23,227
24,196
26,140
29,106
29,120
29,177
29,214
30,41
31,77
32,235
33,34
33,253
35,7
35,159
37,63
38,36
38,170
38,233
39,114
39,198
39,289
40,27
40,136
40,261
41,181
42,94
43,16
43,161
43,180
46,199
48,72
48,275
51,4
51,208
52,92
52,117
53,288
54,63
54,156
54,172
54,200
60,179
62,12
62,89
64,67
65,113
66,31
67,104
67,137
67,176
67,262
70,203
71,45
71,59
71,64
71,174
73,22
73,223
74,29
74,236
75,124
75,178
77,223
77,273
78,185
79,90
79,213
81,155
82,69
84,160
85,32
87,281
88,128
88,243
90,68
91,11
94,83
96,47
96,232
97,195
98,130
98,268
99,14
100,139
100,254
101,24
101,95
102,146
107,108
109,207
109,242
110,20
111,56
112,17
116,169
116,220
116,244
119,155
119,263
120,210
122,28
122,279
123,222
127,70
127,80
127,165
128,241
129,105
129,119
129,134
130,71
131,40
131,175
134,108
134,228
135,3
138,143
138,194
141,187
142,98
144,73
144,151
145,271
146,10
146,149
146,184
147,43
150,260
152,34
152,216
153,278
154,57
155,97
156,103
157,225
157,271
160,36
160,79
162,18
164,238
165,245
166,109
167,239
169,54
172,299
173,257
175,255
176,190
176,192
176,291
177,85
177,125
178,23
178,188
178,247
179,157
179,200
179,206
181,236
182,259
183,205
184,153
184,158
187,145
187,259
188,290
189,35
191,23
192,1
192,134
194,58
194,252
196,248
197,138
198,171
199,15
201,19
202,96
204,39
204,78
208,59
210,297
212,209
212,296
213,258
213,263
215,46
215,295
216,3
216,75
216,269
217,152
219,84
219,86
224,162
225,140
225,191
226,49
227,112
229,45
230,12
230,13
230,74
231,5
231,218
232,56
232,150
232,280
233,186
235,102
235,222
237,69
238,44
238,65
238,244
239,81
239,285
240,251
241,115
242,163
242,215
243,10
243,237
245,76
245,249
246,267
249,99
250,115
251,6
251,118
254,224
256,53
256,127
256,293
257,205
258,96
258,126
258,147
258,193
261,49
261,219
263,276
264,135
266,93
270,20
270,58
270,168
272,82
274,221
276,246
277,55
277,112
278,138
278,212
279,117
280,93
281,123
282,91
283,90
284,27
284,114
286,68
287,129
290,57
290,131
292,156
294,299
295,50
296,133
296,202
296,234
298,86
