source,target
0,22
0,50
0,84
1,48
1,65
1,69
4,49
5,99
7,75
8,23
8,34
10,0
10,37
10,51
11,19
12,1
13,43
13,65
13,66
14,2
14,76
14,94
15,73
16,45
18,56
18,79
19,29
20,6
22,5
22,32
23,78
23,94
25,78
26,4
27,54
28,15
30,48
38,35
38,47
38,72
40,52
40,64
41,68
41,71
42,79
43,17
44,29
44,41
45,44
45,76
49,10
49,77
49,86
53,92
53,96
55,60
55,74
56,11
56,46
57,14
59,81
62,98
63,41
64,57
68,58
69,97
70,6
70,61
72,50
72,53
73,36
73,87
75,95
79,39
80,40
83,63
84,31
85,9
85,67
87,88
88,21
88,80
89,68
90,16
92,24
92,33
95,9
95,27
95,38
95,81
97,3
97,8
97,70
97,74
97,91
98,25
98,82
98,93
99,39
