source,target
1,12
1,24
5,62
5,67
6,32
7,51
9,19
9,56
10,2
10,37
10,44
13,69
14,97
15,86
16,45
17,11
19,18
20,39
21,83
24,48
24,51
24,70
24,72
25,16
25,65
26,37
26,49
26,61
26,98
27,54
27,81
27,95
28,47
29,82
35,10
35,31
35,96
36,52
38,80
38,90
39,21
39,52
41,1
41,68
42,99
43,9
45,5
45,20
46,76
47,43
48,30
49,3
49,4
50,72
50,82
50,86
51,42
52,79
53,8
53,92
57,14
57,34
58,23
59,96
63,81
64,17
64,58
64,77
64,93
66,57
68,89
69,84
70,6
71,8
72,33
72,40
73,0
73,22
73,60
74,53
75,7
76,38
77,13
78,94
80,88
83,41
85,9
85,46
88,87
90,93
92,12
93,55
94,73
95,17
97,22
97,50
97,64
97,91
98,33
