source,target
0,10
3,29
4,39
6,20
8,30
9,85
11,80
12,24
13,62
14,57
14,92
15,28
15,84
16,76
17,52
17,75
18,56
20,17
20,39
22,51
24,34
24,72
24,91
24,97
25,3
25,35
26,90
31,88
32,6
32,22
32,67
32,76
34,48
35,73
35,78
37,26
42,51
43,40
43,47
45,5
46,27
46,32
49,84
50,86
51,7
51,99
52,79
53,2
54,17
55,60
55,74
55,93
56,41
56,46
59,81
60,38
62,15
62,22
62,69
62,77
63,83
64,1
64,19
64,43
64,44
64,58
66,12
68,20
68,58
68,71
69,50
70,61
70,63
71,8
72,33
72,40
74,45
80,38
81,31
82,35
82,94
83,41
85,21
85,36
85,42
87,78
88,60
89,68
92,15
92,53
93,25
93,64
93,90
95,27
95,65
96,23
96,74
97,0
98,25
