source,target
5,16
6,30
8,53
8,71
9,56
10,37
12,0
12,15
13,23
13,66
14,8
17,11
17,38
17,59
18,19
18,32
20,49
22,73
22,94
23,15
23,82
23,96
24,34
24,35
24,77
25,74
25,98
26,25
26,99
27,54
28,81
31,81
32,51
33,65
34,48
35,5
37,85
38,22
38,47
38,90
39,4
40,9
40,64
40,72
40,80
41,68
44,29
45,37
45,52
45,86
49,69
49,78
50,82
51,67
53,3
54,17
57,14
58,6
58,28
58,64
58,68
60,73
61,26
62,23
63,21
63,83
64,1
64,44
66,57
67,9
68,89
69,50
70,61
70,84
72,92
72,97
73,36
75,7
75,79
76,24
76,46
77,40
79,18
79,42
83,41
84,4
86,42
88,19
91,12
92,2
93,90
94,55
94,62
94,87
95,43
95,75
97,13
98,44
98,65
