source,target
0,44
0,86
0,92
1,29
4,39
6,30
8,97
10,2
10,4
10,76
11,29
13,25
15,1
15,12
15,84
17,54
17,77
19,9
19,38
20,45
21,51
24,91
25,3
26,37
27,46
27,95
28,57
28,58
30,48
32,22
32,85
33,47
33,65
34,8
35,98
36,1
36,61
38,53
39,5
41,66
42,86
42,99
43,80
43,95
45,74
46,6
48,84
49,10
49,20
50,72
50,97
52,36
56,11
56,41
62,55
63,81
63,83
64,87
65,49
65,60
68,17
68,89
69,62
70,63
71,68
72,24
72,40
72,51
73,40
73,58
73,87
75,7
76,14
76,16
76,26
77,33
78,23
78,53
79,18
80,31
81,0
82,23
82,50
82,98
83,75
88,80
90,16
91,12
92,14
92,15
92,67
93,55
93,90
94,22
94,78
95,18
96,35
96,59
98,25
