source,target
0,26
0,70
1,36
1,96
2,93
3,53
5,36
5,62
6,20
6,32
8,97
9,57
10,22
11,29
11,81
12,24
15,1
15,92
17,11
17,49
17,80
22,5
23,13
23,88
23,94
25,13
25,16
25,37
25,78
26,4
26,61
27,81
29,23
32,67
33,65
35,44
36,85
36,87
38,19
38,33
38,60
40,49
40,77
41,56
42,39
42,51
42,79
43,65
47,40
48,30
48,76
49,4
49,86
50,0
51,7
51,10
51,21
51,99
52,42
52,45
53,12
53,93
54,27
55,35
56,18
57,34
57,66
62,55
63,70
64,3
64,19
64,57
67,17
68,58
68,71
68,89
69,3
69,6
69,48
71,41
72,50
73,15
74,35
75,20
76,46
81,28
81,59
82,98
83,21
83,41
84,31
84,38
90,48
91,82
91,97
94,55
95,75
97,14
98,69
