source,target
0,12
0,22
0,98
1,24
1,96
4,84
7,75
9,19
9,67
10,2
10,6
10,44
11,80
11,81
12,1
12,91
13,43
14,8
14,94
15,28
15,84
15,86
16,90
17,38
17,54
17,56
19,88
20,70
21,51
21,63
24,92
26,4
32,6
32,18
32,67
32,85
34,57
35,0
35,55
36,5
38,29
38,69
38,74
38,95
40,47
41,66
41,83
42,39
43,65
45,17
45,82
46,27
48,76
50,77
51,8
52,20
52,32
52,39
52,40
53,40
53,78
56,99
57,14
57,66
62,55
64,43
64,87
65,60
68,71
68,89
70,61
73,36
75,68
75,79
75,85
76,10
77,33
77,58
77,93
80,65
81,31
84,72
85,37
86,5
86,42
86,49
93,2
93,25
94,23
94,30
94,62
94,87
96,53
96,59
96,74
97,3
97,24
97,90
99,46
