source,target
0,12
0,64
3,53
3,78
6,30
8,71
10,4
13,25
13,77
15,35
16,32
17,11
17,59
17,80
19,64
20,16
21,83
22,10
23,3
24,70
25,16
26,61
26,76
27,54
27,81
28,15
31,46
32,67
33,98
35,10
35,40
35,73
37,26
38,47
38,72
38,90
40,38
41,1
41,68
41,83
41,97
42,86
44,29
46,27
48,24
48,34
49,17
49,65
50,84
52,32
52,45
53,2
53,12
53,13
55,60
55,94
56,11
56,99
57,1
57,9
58,6
58,88
58,92
60,73
60,88
63,21
64,43
66,55
68,89
69,62
71,68
73,36
75,7
75,41
76,8
79,39
79,52
81,28
81,29
82,94
84,31
85,67
86,50
87,36
93,33
94,14
94,62
94,98
95,18
95,65
96,23
97,20
97,70
97,74
97,90
97,91
99,5
99,42
99,51
