source,target
0,78
1,3
1,4
2,81
3,73
4,12
4,93
5,71
5,80
6,51
7,48
8,14
8,60
8,98
9,25
10,76
10,83
11,15
11,64
13,36
13,61
15,89
15,99
17,57
17,70
18,14
19,3
19,50
20,43
20,45
20,85
21,35
21,53
24,30
26,45
28,68
29,11
29,12
30,82
31,34
31,68
35,94
36,34
36,63
36,69
37,79
38,44
39,32
39,86
42,67
42,84
45,9
45,77
47,24
47,27
48,29
48,92
52,22
52,38
52,95
53,87
54,21
55,40
56,61
57,23
57,40
57,90
58,5
59,74
60,46
60,77
60,82
62,33
64,0
64,75
65,26
65,71
66,56
69,93
70,20
73,49
77,16
79,39
83,62
83,96
84,55
85,41
85,72
88,76
89,10
89,81
89,86
91,13
94,43
95,75
96,6
96,17
97,38
97,74
