source,target
1,18
2,88
2,91
3,61
4,40
5,39
5,65
6,27
8,23
10,49
11,7
11,14
11,40
12,29
14,63
15,11
17,0
17,57
17,84
18,74
19,50
19,97
20,99
21,86
22,33
23,60
26,5
28,80
30,57
30,89
31,28
32,16
32,73
34,42
35,53
36,24
37,10
41,55
43,87
44,59
44,79
46,2
47,70
48,26
51,20
51,54
52,22
52,92
54,68
56,66
57,70
58,32
58,67
60,71
61,13
61,56
62,98
63,72
63,78
64,36
64,85
68,25
68,89
69,94
72,41
73,93
74,45
75,64
75,79
77,42
77,96
79,81
79,87
80,10
80,39
82,25
83,9
83,34
84,55
84,77
84,90
85,20
85,66
86,3
88,95
92,48
93,5
93,60
93,69
93,76
95,35
95,52
96,6
96,94
97,29
97,38
97,45
97,67
98,15
