source,target
0,30
0,49
0,51
1,3
1,64
2,76
3,74
4,82
5,10
5,65
5,78
5,88
6,85
7,11
7,96
8,23
8,86
10,83
14,80
16,85
17,20
17,55
18,50
18,92
20,9
20,45
21,54
22,52
23,0
24,27
24,47
26,43
27,25
27,36
28,31
29,48
29,65
30,13
30,89
33,72
34,33
36,43
36,77
36,87
36,94
38,73
39,15
39,32
39,80
42,34
42,37
43,67
44,74
46,33
50,75
51,3
52,29
52,35
53,59
53,79
54,68
56,30
57,17
57,40
57,82
58,5
60,8
60,90
62,48
65,39
65,71
66,19
66,42
68,61
70,47
73,12
73,63
74,59
75,14
76,9
76,88
77,93
78,6
80,28
81,2
83,11
83,34
83,60
84,57
86,38
88,99
89,69
91,26
92,41
93,58
93,68
95,97
98,55
98,97
