source,target
1,42
2,44
2,76
3,1
5,90
7,55
7,99
9,8
9,13
9,71
10,40
10,49
11,4
11,84
12,75
13,6
13,25
13,50
14,1
14,17
15,5
18,14
19,70
20,49
20,63
20,67
22,21
23,26
23,57
23,86
26,78
27,24
28,9
28,31
30,4
30,43
32,39
32,58
33,46
34,33
36,29
37,12
38,35
38,73
39,10
39,16
39,17
40,51
41,48
41,72
41,85
43,79
46,69
47,89
48,11
52,19
53,74
54,51
55,83
57,16
59,24
59,44
59,66
60,46
60,82
60,87
61,53
62,2
64,0
64,13
68,85
73,69
74,29
75,21
75,52
75,95
75,96
76,32
76,43
77,45
77,93
80,63
80,65
81,10
81,56
81,60
87,37
88,20
89,81
90,30
91,45
91,50
92,47
94,36
95,28
97,74
97,98
98,62
99,3
