source,target
0,85
2,91
3,21
3,51
3,61
4,36
5,68
5,82
5,90
9,13
9,69
11,0
11,55
12,37
12,73
14,63
15,83
15,98
16,9
16,41
16,63
18,1
18,14
18,34
18,92
19,97
21,35
21,54
22,33
22,75
23,26
23,53
23,93
25,45
25,70
28,25
29,48
30,89
31,34
31,44
31,49
32,31
32,39
32,73
35,38
36,6
36,59
36,65
36,72
40,4
41,10
42,58
43,94
45,13
45,75
45,97
47,5
47,27
48,47
48,50
52,24
52,95
56,61
58,32
59,53
59,66
62,7
63,8
65,57
67,42
68,0
69,46
69,64
69,89
69,94
71,60
74,86
78,64
80,3
81,2
81,79
83,62
84,17
84,77
84,99
86,28
87,17
88,11
90,16
91,29
93,60
93,68
93,76
94,38
95,44
96,7
96,43
99,20
99,88
