source,target
1,64
2,98
3,21
3,74
4,12
6,72
7,2
8,23
10,32
10,37
10,55
10,80
10,83
10,98
11,0
11,48
12,91
13,5
14,66
17,60
18,34
20,58
20,71
20,93
22,33
23,32
25,28
25,45
27,90
28,9
28,68
28,95
29,35
29,88
34,42
36,29
36,72
36,78
36,82
38,35
40,4
41,16
42,1
43,4
43,36
44,52
45,16
45,97
46,26
47,92
50,75
51,65
53,3
56,45
59,24
59,26
59,49
60,31
60,54
62,89
64,30
65,84
66,25
67,42
67,77
68,24
68,61
68,81
70,3
70,17
71,39
72,33
73,38
75,79
77,93
77,96
79,44
79,87
80,14
83,90
84,40
84,60
85,57
85,64
85,99
87,43
88,11
88,20
89,10
89,15
89,86
92,18
93,5
93,69
93,76
94,69
96,7
97,19
98,63
