source,target
0,17
0,49
0,64
1,64
1,72
2,16
3,73
4,93
7,96
8,28
8,80
10,37
10,89
11,14
11,15
11,58
12,16
12,61
16,90
17,6
18,30
19,53
19,70
23,24
23,66
24,27
25,9
25,39
25,82
26,48
27,74
28,23
29,88
30,13
31,60
33,22
34,32
34,33
35,29
35,95
36,34
36,47
36,94
38,12
38,73
39,57
43,79
43,87
44,25
45,91
49,9
52,75
56,66
57,85
59,31
60,46
60,54
60,87
60,90
61,50
61,68
62,48
62,81
63,58
65,7
67,21
68,20
68,36
71,83
72,41
74,29
74,70
77,32
78,0
78,5
82,42
83,7
83,62
83,99
84,51
84,55
85,11
85,20
85,51
86,8
86,40
86,97
88,69
89,2
89,30
92,86
93,76
93,80
94,21
95,44
95,52
97,45
98,63
99,35
