source,target
0,2
0,68
1,3
1,84
3,18
3,19
3,21
3,53
5,0
5,90
7,76
8,86
9,46
9,89
10,32
10,37
12,61
14,11
15,11
15,89
17,0
17,40
19,97
20,6
22,52
23,13
24,4
26,45
27,25
27,47
27,74
28,80
29,12
29,35
29,36
33,22
37,62
38,86
38,95
39,30
39,69
39,79
40,93
41,72
41,92
43,67
44,31
45,9
45,20
45,35
45,77
46,88
47,91
48,41
49,2
49,65
50,96
52,44
52,75
55,40
56,30
59,74
60,5
60,54
60,81
62,16
62,34
62,83
63,58
63,87
63,98
64,78
67,20
67,42
69,4
69,94
70,57
72,33
72,85
73,63
73,69
76,64
80,82
82,60
83,84
84,57
85,51
85,66
87,70
88,7
88,13
88,99
90,27
91,29
95,28
95,44
96,43
96,71
97,38
