source,target
0,66
4,80
5,4
5,10
5,15
5,63
5,93
8,9
9,5
9,30
9,69
9,88
11,0
11,4
11,64
14,18
16,32
16,57
17,68
18,3
19,35
19,45
19,66
20,28
22,33
22,75
23,24
25,6
27,81
28,86
28,95
30,81
30,92
35,22
36,58
37,34
37,42
41,85
42,16
44,79
46,26
47,48
48,7
49,51
49,65
49,70
50,52
51,6
51,14
52,97
53,86
54,36
55,40
55,41
57,39
57,82
59,31
60,46
61,13
61,50
64,76
65,71
66,56
66,59
66,85
67,21
68,54
68,60
68,71
73,12
74,70
75,49
75,87
76,2
77,60
78,64
79,37
82,11
82,43
82,73
83,1
85,7
85,72
86,21
86,23
89,15
90,83
90,84
91,47
94,74
95,38
95,44
96,83
96,87
97,19
97,29
98,8
98,62
99,20
