source,target
1,18
1,72
3,19
5,6
5,13
5,88
5,90
5,93
7,65
8,45
10,41
11,0
12,16
12,29
14,75
16,2
17,57
20,67
20,84
21,53
22,35
25,27
27,47
28,25
30,1
30,27
30,56
32,31
32,76
33,88
35,99
36,24
36,34
36,64
36,78
38,44
38,94
43,4
43,87
45,9
45,20
45,26
45,35
45,91
46,26
47,48
47,70
50,96
51,11
52,38
52,92
52,97
53,74
57,5
58,51
58,67
60,77
61,56
62,34
64,22
64,75
66,14
66,19
66,59
67,43
68,54
68,85
69,46
70,49
71,42
72,33
72,83
72,85
73,38
74,44
76,7
76,10
76,30
79,39
79,81
80,65
81,89
82,36
82,60
83,15
86,3
86,23
87,63
88,37
88,95
89,23
90,9
91,29
92,86
96,71
96,83
98,15
98,40
98,55
