source,target
1,5
1,58
3,13
4,12
7,11
9,23
9,71
13,72
14,44
14,48
14,57
14,69
14,97
15,95
18,27
18,50
19,0
19,18
20,52
21,77
22,47
24,2
24,16
24,88
25,31
26,33
29,64
29,88
30,67
30,96
31,38
31,74
33,21
33,70
34,53
34,61
37,62
41,23
41,87
42,17
42,29
42,36
43,49
43,81
43,96
44,32
46,6
46,39
47,68
48,45
49,28
51,10
55,51
55,66
55,93
56,85
57,35
58,30
61,32
61,40
62,55
62,56
62,99
63,73
64,84
65,40
66,4
66,52
68,44
68,93
69,7
69,31
69,60
70,59
70,92
72,1
72,98
73,85
73,90
77,49
77,76
78,8
78,57
79,9
79,95
80,7
81,22
82,43
84,98
85,39
87,48
89,97
90,75
91,14
91,86
93,54
93,83
94,4
96,0
