source,target
0,20
0,26
1,5
2,24
2,93
4,56
4,93
6,45
6,46
7,20
8,92
9,3
9,23
9,28
9,32
9,86
11,69
12,38
13,34
13,72
16,23
16,89
17,52
18,51
20,54
24,41
24,63
24,88
24,99
25,66
25,68
26,11
27,60
27,79
28,53
28,77
29,64
31,49
33,36
33,95
34,59
34,66
35,76
38,19
38,40
39,27
39,31
40,16
42,1
42,61
42,67
42,97
43,22
43,75
43,82
45,15
45,84
47,68
48,17
50,13
51,10
52,0
55,96
57,29
57,58
58,14
60,18
62,55
63,21
63,35
69,62
71,46
71,65
73,25
74,12
76,37
76,92
77,39
77,70
78,8
79,50
79,76
80,7
82,33
83,9
83,30
84,87
85,60
90,73
94,15
94,32
94,44
95,42
96,81
96,83
96,91
97,14
97,48
98,31
