source,target
1,5
1,10
1,12
1,79
2,21
3,54
6,65
9,14
12,11
12,82
15,98
16,89
16,92
17,16
18,13
18,38
20,2
22,1
23,9
23,41
24,97
25,74
26,30
27,18
27,37
27,46
28,91
32,7
33,38
33,50
33,70
35,31
36,42
36,59
38,24
38,40
39,27
43,4
43,75
43,81
43,93
44,30
44,39
46,80
48,8
48,97
49,31
52,0
53,28
53,34
55,62
56,19
56,43
56,60
57,35
57,58
58,99
60,45
62,74
62,94
63,9
63,85
64,18
64,72
65,32
65,71
66,68
67,61
68,0
68,3
69,20
73,44
73,67
75,3
76,51
76,73
76,90
78,57
80,84
80,98
81,47
82,71
83,19
83,94
85,21
85,60
85,77
86,11
87,41
88,29
91,32
91,56
92,53
92,58
93,59
93,76
93,88
95,33
96,55
