source,target
0,25
0,32
0,43
2,0
4,54
4,93
5,64
6,45
7,20
7,69
7,86
9,44
11,7
11,51
13,3
13,68
14,45
15,73
15,94
16,41
16,92
17,66
17,84
17,99
20,52
21,30
22,53
24,63
25,31
25,34
28,1
30,88
33,49
33,70
33,91
35,26
39,21
40,58
41,23
41,24
43,3
43,4
44,12
44,73
45,8
46,86
46,95
48,14
48,98
50,55
50,83
51,90
52,17
52,37
52,38
53,48
54,83
55,69
55,71
57,14
58,57
58,64
58,65
58,97
59,36
60,46
60,62
60,82
61,92
66,59
67,15
70,56
71,75
72,18
72,27
74,25
76,10
77,76
78,96
79,11
79,76
80,2
83,19
84,29
85,60
86,28
88,16
89,47
89,81
89,87
89,97
91,35
91,79
94,85
95,42
96,24
96,67
98,33
98,72
