source,target
3,26
3,31
6,65
8,78
10,39
10,82
14,98
15,36
17,70
17,84
19,56
20,54
23,41
24,5
24,61
24,88
25,0
25,74
26,0
26,11
26,18
28,21
29,5
29,41
32,21
32,46
32,94
33,49
33,72
35,31
35,63
37,4
37,74
37,76
37,77
37,79
38,12
40,17
40,38
40,65
40,67
42,40
43,49
43,68
46,25
47,22
47,81
48,16
48,87
50,79
51,37
51,90
52,38
54,2
54,59
58,76
58,92
59,44
59,66
59,68
61,42
64,84
67,53
68,13
69,62
69,91
70,33
71,27
72,3
72,15
72,30
73,32
74,85
75,55
76,9
76,48
76,55
78,45
78,67
80,2
80,7
81,88
82,60
83,30
83,93
86,24
88,99
89,1
89,47
91,12
93,34
94,56
94,57
95,94
96,83
97,48
97,71
98,80
98,82
