source,target
1,5
3,68
4,39
7,11
8,78
9,1
9,3
9,23
9,71
11,49
13,55
14,53
14,57
14,75
15,21
15,54
17,52
18,19
18,58
20,52
21,38
21,77
25,55
26,83
27,37
27,96
28,53
30,48
30,67
30,83
31,70
32,7
32,86
34,59
34,66
35,36
37,60
37,85
39,77
40,24
41,23
44,33
45,6
45,16
45,84
48,76
48,78
48,98
50,18
51,9
53,29
54,2
56,11
56,43
58,16
58,65
58,97
59,20
61,24
61,42
61,91
62,39
62,74
63,73
64,29
68,47
69,14
69,46
69,62
70,33
72,13
73,30
74,25
74,35
74,56
76,12
78,87
79,1
80,20
80,32
81,22
81,89
82,10
82,38
83,0
83,93
85,69
85,70
88,40
89,92
90,75
91,50
92,88
94,56
94,95
97,14
98,27
98,68
99,96
