source,target
0,58
2,59
2,249
3,14
3,38
3,171
3,205
3,256
4,39
5,178
5,206
7,6
9,55
10,297
12,255
14,47
15,295
18,22
18,265
20,37
20,203
20,274
21,278
23,63
23,179
23,185
24,282
25,94
25,197
25,210
27,108
29,134
29,196
30,263
31,276
33,115
34,89
34,95
34,215
34,279
36,288
40,84
42,74
42,261
42,276
45,77
45,83
45,240
48,98
48,257
49,85
49,107
51,54
51,130
53,239
55,118
55,154
56,189
57,192
57,224
61,96
62,68
62,281
63,136
63,198
64,57
64,213
66,27
66,75
66,87
67,101
67,162
68,13
68,48
68,189
70,7
73,143
74,169
74,236
76,121
78,224
79,243
80,8
80,219
80,225
81,3
82,287
83,175
84,129
84,152
84,165
85,15
85,148
86,5
86,31
87,18
92,52
92,120
93,79
93,111
93,176
93,193
96,58
99,113
99,167
99,242
100,284
102,25
103,96
103,101
103,137
104,135
105,246
107,245
109,156
110,73
111,43
111,282
113,231
114,277
115,114
118,212
119,174
120,140
120,204
123,4
123,104
123,183
124,5
125,211
126,290
127,64
127,172
127,177
127,201
128,100
128,214
129,16
129,250
130,8
130,262
131,99
132,50
132,153
139,71
139,173
144,236
145,234
146,44
146,248
148,41
149,280
151,157
151,285
153,7
153,223
153,299
155,166
155,286
156,45
156,106
156,247
158,67
159,56
160,19
160,90
160,126
160,268
160,298
161,232
162,80
163,110
164,36
164,180
164,228
166,142
166,150
166,291
167,91
167,146
169,170
170,267
176,92
176,272
181,98
182,29
182,60
183,230
184,133
186,202
188,88
188,107
189,117
190,123
191,119
191,139
192,227
194,116
195,15
196,82
199,49
199,65
199,198
200,61
201,46
202,294
204,127
204,244
207,53
208,33
208,209
210,72
210,238
211,180
213,122
214,254
215,178
218,293
220,55
220,218
222,4
223,81
225,273
225,283
226,71
227,30
227,141
229,188
230,66
230,121
232,112
232,283
235,217
235,233
235,268
236,73
237,160
237,167
238,62
238,250
239,51
239,271
240,168
240,199
241,128
242,26
242,69
246,118
249,32
249,125
251,14
252,42
253,103
253,234
254,122
255,35
255,116
255,207
257,93
258,1
258,221
259,59
260,146
264,6
264,28
265,30
265,216
266,226
266,237
268,147
269,144
270,151
270,187
272,203
273,17
273,149
273,266
277,79
278,85
278,227
278,252
278,294
279,275
285,138
287,164
288,3
288,133
288,253
289,11
290,21
291,289
292,299
293,102
293,291
296,86
296,270
297,97
297,258
297,296
