source,target
1,64
1,89
1,211
2,18
2,274
3,57
4,39
6,61
7,242
8,239
9,115
10,246
11,42
11,232
12,191
12,240
14,223
14,272
16,129
16,189
16,210
17,11
17,166
19,62
20,134
24,231
27,92
30,8
31,163
32,30
32,158
32,182
33,187
34,219
35,102
37,12
37,13
37,25
38,79
39,140
40,241
41,299
42,65
42,117
43,21
43,104
43,121
43,153
45,36
46,37
47,295
48,69
48,173
49,98
51,60
51,67
51,194
52,95
54,56
55,20
58,149
59,168
61,52
61,171
62,217
64,103
65,126
66,122
69,54
69,86
70,110
72,25
73,258
74,22
75,78
75,88
76,22
77,93
79,83
79,99
79,285
80,269
84,243
86,118
86,151
86,178
87,3
87,224
88,196
88,277
90,160
91,190
93,257
94,138
96,58
97,237
100,215
101,96
102,60
103,15
103,16
104,159
105,109
108,238
109,9
110,267
111,257
114,177
115,114
115,124
115,183
116,93
116,226
118,270
120,172
123,27
123,28
123,87
124,5
124,247
124,281
125,265
126,188
126,231
126,286
128,52
129,212
130,270
131,209
132,146
134,123
136,23
137,38
138,50
138,167
138,240
141,205
149,55
152,181
153,172
153,249
154,150
155,159
156,101
156,297
157,29
158,107
159,142
161,35
161,112
162,59
162,63
162,68
162,267
163,54
164,252
167,165
167,222
168,71
169,40
169,73
169,148
169,201
171,4
175,174
176,127
177,145
180,283
182,143
183,0
184,255
185,33
186,23
186,26
187,80
187,200
189,74
189,185
190,43
190,154
190,284
192,227
193,205
193,279
195,166
197,53
197,268
198,36
199,41
202,144
202,245
203,292
204,170
205,133
207,268
207,280
208,45
209,201
213,161
215,195
216,233
217,13
218,97
220,72
222,6
222,296
225,136
225,197
226,248
227,77
229,181
230,5
233,235
234,127
234,147
235,210
236,146
236,294
237,17
237,82
238,111
239,169
240,44
240,203
240,228
240,272
241,175
242,135
242,260
242,266
243,105
244,106
244,262
245,271
247,29
247,137
247,234
248,71
248,236
248,293
249,94
250,125
251,49
251,85
252,45
253,260
254,155
255,50
257,66
258,84
258,102
258,139
258,208
258,221
258,298
259,80
259,214
261,121
262,130
263,179
263,218
264,214
264,287
266,10
266,254
266,265
268,160
273,46
273,86
274,206
274,259
275,194
276,271
276,290
277,32
277,229
278,100
279,81
279,230
280,234
280,251
282,182
283,154
285,91
286,288
287,142
288,113
288,207
289,27
289,291
290,170
290,208
291,177
293,119
294,298
295,120
298,256
299,66
299,219
