source,target
0,96
1,109
3,24
4,183
6,242
7,14
7,276
8,252
8,293
9,102
11,293
12,26
14,187
16,129
16,233
16,288
17,99
19,250
19,270
21,216
21,291
22,261
25,37
28,34
28,78
28,274
29,39
30,258
31,170
31,284
31,290
32,47
32,81
33,232
36,265
38,135
38,162
38,296
39,113
40,169
40,297
42,51
42,188
44,3
45,80
45,172
45,247
46,124
47,95
48,88
48,107
48,257
49,247
50,177
50,211
53,241
55,81
55,89
55,166
56,29
58,159
58,285
59,120
60,180
61,12
61,271
62,215
63,23
64,138
65,89
66,4
66,168
68,54
68,173
68,262
69,48
69,72
69,131
70,7
74,277
76,287
77,125
78,35
78,263
79,212
79,249
80,17
80,52
82,228
84,68
84,75
85,167
86,5
86,206
87,125
87,178
87,264
87,299
88,196
90,59
93,83
93,154
94,62
94,194
95,151
96,97
96,200
98,73
99,12
99,101
99,113
99,136
99,137
99,171
99,254
100,121
103,15
108,259
108,292
110,227
111,127
111,292
112,8
112,21
112,71
113,241
114,82
115,9
115,198
116,87
117,276
118,133
118,157
119,97
120,295
121,73
121,219
122,54
123,178
124,20
124,213
124,232
127,67
127,279
128,98
129,115
130,240
132,122
132,190
134,63
135,141
135,189
137,267
138,46
139,44
139,164
140,139
142,166
144,192
146,256
147,156
147,191
148,239
149,58
151,66
151,134
151,237
152,9
153,183
155,160
156,106
157,91
157,225
157,243
158,107
160,253
162,268
163,56
166,185
169,201
169,221
170,158
174,119
174,242
176,40
179,266
180,204
181,126
182,197
183,103
184,235
186,76
186,93
187,86
187,222
189,163
191,117
193,11
193,36
193,234
197,104
197,161
197,280
198,64
199,185
200,18
200,28
202,269
203,45
203,253
204,127
204,222
204,235
205,34
208,41
208,140
208,286
209,69
210,203
211,298
212,246
213,118
215,100
216,16
216,145
216,229
217,86
217,209
219,2
219,24
219,231
220,176
223,153
224,78
225,236
226,116
226,248
227,13
228,255
231,49
231,92
231,126
238,182
239,1
239,188
239,271
240,123
240,260
241,258
241,275
243,84
243,105
243,169
244,133
245,278
249,130
251,25
252,27
254,289
255,50
255,218
256,114
256,144
257,146
261,77
262,4
262,207
262,230
264,214
264,283
266,193
270,164
273,137
273,225
274,186
274,195
274,202
276,110
277,93
278,60
280,2
281,264
282,5
283,10
285,94
285,150
285,167
286,165
287,175
287,294
288,57
288,272
294,281
295,210
298,43
298,143
298,226
299,20
299,37
