source,target
1,239
1,298
3,151
4,3
5,159
7,14
7,22
7,257
8,274
9,68
9,115
9,221
10,167
11,14
12,226
12,276
14,260
15,229
16,144
16,224
16,270
17,253
20,23
20,65
23,92
25,33
25,251
26,32
27,274
27,285
27,292
28,280
29,207
30,8
30,52
31,22
33,230
35,268
36,97
36,175
36,289
37,180
39,153
40,101
42,181
43,30
43,177
45,77
45,109
45,242
45,259
47,133
48,137
49,162
49,259
50,184
50,288
51,21
51,42
53,88
54,60
54,143
54,181
55,38
55,78
55,81
55,206
55,244
56,47
56,88
56,243
57,132
59,283
62,129
62,215
63,69
63,262
64,6
64,38
66,123
68,189
68,297
70,272
72,225
73,158
73,233
74,189
74,290
76,93
78,227
81,222
84,67
84,163
84,258
87,151
91,24
92,172
92,191
93,271
94,17
94,130
96,257
97,96
98,100
98,128
99,75
99,283
103,166
104,214
105,293
106,295
107,98
107,140
109,141
110,89
110,132
110,202
111,194
112,261
116,4
118,27
121,161
122,79
122,234
122,254
123,57
123,99
123,108
124,39
124,46
124,49
125,134
125,142
126,165
127,91
128,148
128,278
134,93
134,148
134,154
134,275
136,179
137,71
140,139
141,9
141,135
141,250
144,210
146,115
147,113
147,218
150,297
152,48
154,86
154,199
154,286
155,80
155,83
155,90
155,171
157,105
157,125
157,263
158,117
159,95
159,291
160,126
160,168
161,103
161,265
161,272
164,228
164,262
165,214
165,216
165,280
166,131
169,56
171,15
171,127
172,58
173,35
175,156
176,133
178,230
178,269
179,20
180,211
181,284
182,50
183,55
184,10
184,219
185,149
186,159
186,192
186,252
187,292
188,239
190,96
190,146
191,241
191,267
192,217
192,287
193,40
193,187
195,204
195,227
197,53
199,41
199,122
200,157
202,208
204,19
204,256
205,34
207,13
207,196
208,45
208,231
209,232
211,52
213,18
213,29
213,47
215,264
216,82
218,72
218,174
218,220
221,200
222,250
223,289
225,26
225,152
225,236
226,36
226,216
228,168
230,119
233,62
236,110
237,17
238,111
239,170
239,296
240,138
243,138
245,78
246,18
247,237
248,0
248,129
249,193
250,61
254,155
254,167
254,294
255,12
257,203
258,102
258,245
261,19
261,235
264,86
265,120
266,150
267,173
268,13
268,147
269,73
273,64
273,185
273,277
273,279
274,2
274,198
275,205
280,111
281,68
281,114
282,212
282,247
283,201
285,94
285,183
287,121
287,145
289,85
291,60
292,87
292,161
292,232
295,178
295,270
298,44
298,160
299,94
