source,target
1,199
1,258
3,161
4,34
4,150
5,203
9,35
9,135
9,173
11,21
12,20
16,15
19,184
21,31
21,51
23,79
24,89
26,47
31,73
32,170
33,22
33,214
34,57
34,293
35,78
36,5
36,97
36,289
37,46
37,93
38,52
38,296
39,4
39,29
39,116
39,260
39,295
40,42
40,120
41,297
43,122
43,142
44,228
45,97
47,299
48,209
49,64
49,92
49,107
49,251
52,125
53,210
54,60
54,194
55,33
55,134
56,38
56,48
57,215
58,155
59,66
59,81
60,48
60,156
61,67
61,271
62,280
63,187
63,191
64,109
65,84
66,223
66,272
66,292
68,278
69,53
69,67
70,166
72,268
74,1
74,277
75,273
76,190
77,248
78,263
78,264
83,136
83,250
87,240
89,152
91,118
91,185
93,63
93,96
94,34
94,243
96,2
96,297
97,119
98,128
98,163
99,17
99,123
99,262
99,285
100,239
101,99
102,9
103,192
104,135
108,39
108,287
110,88
111,0
111,127
111,265
112,43
112,256
115,44
117,84
117,242
120,115
121,244
122,132
124,137
133,58
133,62
133,177
139,71
139,231
141,45
142,259
142,284
144,12
144,114
146,121
148,102
148,140
148,271
149,179
151,7
151,140
152,175
155,3
155,216
157,91
157,168
157,184
157,281
158,269
159,180
160,298
161,198
163,189
164,61
164,224
165,287
166,211
167,10
167,123
169,30
169,51
169,110
169,170
169,245
169,290
171,164
172,168
175,174
176,183
178,46
179,56
181,143
182,106
182,236
183,18
183,85
183,167
185,36
185,237
187,19
187,23
187,195
188,128
188,181
189,169
189,239
190,96
192,227
192,273
192,296
193,127
197,194
198,12
198,257
200,160
201,18
202,286
203,49
203,153
204,186
205,80
205,90
206,55
206,274
211,52
211,80
211,268
212,283
213,92
214,207
216,129
216,145
216,226
218,105
220,113
222,82
222,289
223,14
225,13
225,147
225,157
226,86
228,288
229,88
230,87
230,202
231,208
231,253
232,41
232,138
233,100
233,152
235,217
235,233
236,144
238,182
239,8
240,64
241,276
243,28
243,225
243,267
244,106
244,131
246,162
246,173
247,137
248,25
248,234
249,40
250,125
251,50
251,247
253,27
253,160
254,146
254,186
254,242
255,207
256,15
257,26
257,95
257,265
259,37
261,22
261,196
262,281
264,59
264,214
266,136
269,1
271,291
275,255
276,11
276,126
276,180
276,278
277,6
277,94
279,206
282,220
282,251
283,254
288,211
288,234
288,253
288,282
289,105
289,130
290,74
292,238
294,23
294,252
297,221
298,270
299,154
299,219
299,249
