source,target
0,210
2,213
3,38
3,44
3,185
3,220
3,262
5,62
5,131
6,123
7,28
7,46
7,70
7,205
7,222
8,130
9,191
10,4
12,191
12,198
14,64
15,236
16,129
16,224
16,261
17,66
19,77
20,92
20,299
21,15
22,277
22,290
23,186
27,141
29,212
30,98
33,1
33,55
36,193
37,13
37,25
39,27
39,153
40,265
41,299
42,51
42,93
43,79
43,282
45,41
47,272
51,276
52,8
52,66
52,114
52,211
52,285
53,72
57,289
58,85
59,242
60,148
60,278
61,164
62,32
63,33
63,162
64,138
64,185
65,176
66,243
67,257
67,286
68,109
68,169
68,175
68,197
70,111
70,116
73,158
74,22
74,278
76,284
77,237
77,273
78,143
78,263
79,20
79,63
79,115
80,11
80,214
83,250
85,235
87,3
87,49
88,53
88,145
89,53
90,259
91,24
91,265
94,194
95,90
96,127
96,171
96,187
97,172
97,239
98,54
98,89
98,173
98,197
102,249
103,260
104,229
105,113
106,166
107,205
108,266
110,215
110,227
111,187
112,255
113,147
114,42
114,76
117,115
118,283
120,47
120,85
120,116
121,279
123,183
124,109
125,155
127,177
127,201
128,241
131,295
132,288
133,176
133,281
134,29
135,38
137,246
137,248
138,203
139,18
139,173
140,40
140,245
141,45
142,125
145,182
145,271
146,10
146,101
147,1
149,108
149,294
151,37
151,52
151,240
152,293
154,167
154,252
156,60
159,142
161,120
163,189
165,142
167,33
168,69
168,190
169,170
170,56
172,20
172,151
173,35
173,48
174,35
177,14
177,268
179,166
179,273
183,68
184,157
188,128
188,181
188,233
189,110
193,136
196,37
198,285
199,119
199,208
200,122
202,100
202,216
204,192
204,256
206,130
207,165
207,268
209,97
210,8
212,99
213,118
214,181
215,202
216,26
216,74
216,82
216,195
216,254
216,298
217,86
218,297
219,59
220,29
220,150
220,209
221,195
223,80
224,57
226,71
226,87
228,168
230,180
230,253
231,126
231,238
232,23
234,104
234,159
236,146
237,258
238,190
238,199
241,251
242,26
244,78
244,84
244,178
246,34
247,234
248,103
250,63
251,6
254,186
256,4
257,50
258,49
259,91
260,133
261,112
262,81
262,249
263,16
263,19
264,284
265,136
266,12
267,294
269,158
269,257
270,129
271,21
273,86
273,225
274,161
275,134
276,31
276,40
276,75
276,88
279,61
279,275
280,43
280,160
281,96
281,144
281,157
283,121
283,122
286,274
287,31
288,226
288,253
290,208
290,287
291,267
292,7
292,94
293,169
295,280
296,239
297,179
