source,target
3,103
4,187
5,91
7,252
7,275
8,72
8,295
9,289
9,292
10,64
10,146
10,173
12,277
13,227
15,206
17,82
18,259
19,229
19,270
20,272
23,260
24,219
28,109
28,119
28,238
30,263
32,1
32,192
32,235
35,96
36,209
37,60
37,164
39,19
42,65
42,229
43,26
44,237
46,134
47,32
48,54
49,125
49,172
50,182
50,268
53,207
54,98
54,111
55,2
55,62
59,38
59,141
59,292
64,195
66,94
66,108
68,126
68,221
68,262
70,273
71,69
73,88
73,287
76,261
76,294
77,204
78,28
79,20
80,6
80,8
81,16
81,265
83,155
83,191
84,64
86,46
86,296
87,61
87,226
89,34
90,159
91,15
91,81
95,34
95,90
96,52
96,280
98,74
98,236
99,93
100,121
100,274
101,51
101,67
103,137
103,228
103,257
104,255
104,288
105,10
105,109
107,290
111,194
112,232
114,177
115,104
115,122
116,93
117,152
123,114
124,40
124,85
124,115
124,281
125,55
127,43
129,84
132,253
133,36
133,200
133,205
133,248
134,37
138,45
139,17
140,11
140,92
140,187
140,271
142,138
142,185
143,48
144,16
144,203
146,154
147,113
147,297
149,242
150,4
151,157
151,249
152,197
153,183
155,180
157,47
157,125
158,140
158,245
159,45
159,179
162,85
164,283
166,131
166,250
168,69
168,160
169,41
169,189
171,36
171,99
171,217
174,175
175,73
176,274
177,133
177,146
178,153
178,161
179,23
181,75
181,163
182,21
182,25
183,184
184,58
184,211
186,235
187,120
188,43
188,169
190,76
190,210
191,218
191,241
191,258
192,230
192,244
193,299
194,51
196,251
197,27
197,72
198,161
199,135
199,208
200,86
201,148
202,59
207,29
207,180
208,158
211,147
212,18
213,33
213,124
213,222
216,284
218,105
219,3
220,150
223,97
223,213
225,128
225,145
226,99
227,233
231,1
233,100
233,181
233,189
234,118
234,193
237,166
237,167
239,60
239,278
240,130
242,12
243,50
243,102
243,214
244,35
244,204
244,215
246,139
247,156
247,173
247,282
248,22
251,132
251,225
252,198
253,224
253,268
253,279
255,13
255,35
255,131
257,56
257,136
257,151
259,247
260,108
260,230
260,285
262,106
262,288
263,68
264,78
265,275
266,162
266,254
267,170
267,243
268,0
269,70
270,129
270,130
271,67
271,181
271,216
272,14
272,250
272,286
273,201
273,277
274,261
276,31
276,123
276,290
279,44
280,160
281,232
283,63
283,223
287,17
287,155
289,57
290,110
291,88
291,293
294,165
295,66
297,276
297,289
298,256
298,280
299,80
299,273
