source,target
0,186
1,97
3,104
3,148
4,12
5,226
5,228
6,32
7,20
7,120
9,173
10,255
10,266
11,49
11,223
19,252
20,17
20,82
20,159
20,168
22,7
22,16
23,220
24,3
25,131
27,124
27,149
28,270
29,282
30,38
31,21
35,289
36,253
38,46
39,264
41,110
42,74
42,291
43,58
44,171
45,80
45,259
47,95
50,211
50,234
51,239
52,116
53,293
54,52
54,194
55,127
57,261
59,71
59,200
61,240
61,250
61,260
62,73
63,273
64,135
64,214
65,128
65,139
66,56
67,34
68,109
68,183
69,119
69,285
70,58
70,273
70,285
71,137
73,121
75,26
75,66
75,277
76,111
76,248
76,280
78,143
79,223
80,8
80,70
81,262
83,45
84,64
90,231
91,10
92,176
92,276
93,48
93,254
93,257
94,26
95,0
95,243
98,40
99,136
100,294
101,152
102,297
103,222
105,35
107,54
107,126
112,39
113,162
114,172
121,219
121,234
122,66
124,85
124,258
125,46
125,213
127,171
127,201
127,204
128,298
130,15
130,296
131,227
132,79
134,93
134,138
134,275
136,23
136,260
137,146
137,289
138,122
138,203
140,187
143,236
146,6
146,177
146,243
146,256
147,13
147,102
148,89
150,18
151,14
151,231
152,163
152,206
152,209
155,91
157,87
157,89
157,140
157,292
158,41
159,142
160,155
161,232
162,49
162,67
163,88
163,181
164,125
165,195
168,144
168,179
169,74
170,169
173,83
174,218
174,293
175,9
176,93
178,151
179,86
179,272
180,129
181,214
183,99
183,172
184,157
184,263
185,5
185,153
185,167
187,68
190,154
191,92
191,247
192,224
194,207
195,33
197,268
201,108
201,191
201,249
202,178
205,81
207,196
208,240
210,287
212,283
213,168
215,202
216,213
216,229
218,220
219,151
222,61
225,242
225,282
226,230
227,141
227,262
227,278
229,75
230,36
230,117
232,11
232,33
232,112
232,115
233,169
233,189
233,271
235,186
236,31
237,118
238,55
238,182
238,288
239,1
241,193
241,218
241,251
242,90
242,96
244,133
244,254
246,24
248,53
249,2
251,160
252,210
253,134
254,154
256,204
257,180
258,116
258,147
258,241
258,245
258,290
261,76
261,217
262,37
264,110
264,215
265,40
265,118
265,288
266,18
266,141
266,156
266,164
267,278
268,72
268,181
268,279
269,123
269,144
270,62
270,299
271,101
272,286
274,130
274,198
275,145
276,60
276,188
277,221
277,281
279,43
281,77
281,78
283,44
284,47
285,294
287,1
287,244
288,106
288,166
289,12
295,182
296,192
296,199
296,265
298,43
298,178
298,216
