source,target
0,293
2,270
4,14
4,108
4,112
4,213
8,2
8,225
10,118
10,137
10,154
10,167
10,263
12,20
12,238
12,240
13,68
14,11
15,171
16,144
16,233
19,39
22,18
22,277
23,33
23,220
23,242
25,47
27,283
29,118
31,21
31,42
33,187
33,257
34,215
36,115
36,130
36,266
37,66
37,93
38,206
39,79
39,86
39,223
40,241
41,45
41,199
43,6
43,26
43,30
43,188
43,295
45,10
45,156
46,38
46,123
47,75
48,84
48,247
49,107
50,182
52,58
53,282
54,67
54,68
54,69
54,74
54,98
55,265
55,297
56,290
58,219
59,141
61,260
62,217
63,67
63,171
63,237
64,14
66,124
67,51
71,137
72,218
72,248
73,78
77,19
77,99
80,223
81,3
81,12
82,8
82,20
82,293
85,41
86,76
86,87
86,149
86,273
90,24
92,52
92,120
93,116
95,25
96,35
97,94
100,278
101,177
102,9
103,64
104,135
105,127
107,140
109,221
110,32
114,7
115,63
117,135
118,5
120,93
121,73
121,261
122,234
123,72
123,172
124,285
125,191
128,196
129,55
130,152
131,90
132,9
133,113
133,227
134,125
136,219
138,254
139,126
139,173
139,246
142,186
143,78
143,298
144,281
145,177
145,216
149,185
150,104
150,183
151,94
151,203
151,237
152,197
153,299
154,23
157,289
158,245
158,271
159,56
159,104
159,180
160,251
161,29
166,17
166,70
167,249
168,139
168,162
168,190
169,148
169,194
169,236
169,291
170,163
170,204
175,36
176,24
176,98
176,133
178,44
180,230
180,287
181,88
184,183
184,255
185,129
186,22
186,202
186,289
188,28
189,40
192,224
192,253
193,176
193,299
194,46
195,109
195,215
195,252
196,37
198,99
198,119
200,106
200,160
201,172
203,66
203,264
203,272
205,80
205,89
208,229
209,221
212,27
212,144
213,240
214,33
214,179
216,54
216,165
216,252
220,282
226,168
226,204
227,284
228,255
229,181
231,148
232,231
234,263
235,256
236,84
236,182
237,180
239,1
239,60
239,169
241,175
241,181
241,280
242,59
242,155
242,159
242,174
243,102
243,127
244,106
245,128
245,235
245,278
246,266
248,28
248,35
248,57
248,95
250,132
251,49
251,283
252,83
253,147
254,110
254,122
254,146
254,243
254,294
258,211
260,134
260,151
262,195
262,207
264,77
264,211
265,27
265,65
265,111
265,210
265,292
267,152
268,0
268,253
269,202
270,62
270,91
270,296
271,21
271,286
273,17
274,247
274,259
275,145
276,60
277,75
277,114
277,189
279,280
283,44
283,164
288,85
292,222
296,273
298,130
