source,target
1,287
3,122
5,179
5,206
6,59
6,202
8,112
9,35
9,230
10,156
13,203
14,114
15,201
15,204
17,66
18,212
20,82
21,47
22,261
23,240
23,242
23,266
26,124
27,91
28,210
29,196
30,8
31,86
31,148
32,39
32,164
34,215
38,36
38,44
39,28
39,140
39,286
40,14
41,17
43,32
44,298
46,63
46,172
47,272
48,152
49,189
50,0
50,257
50,264
52,151
53,50
54,42
55,144
55,193
55,231
57,261
60,51
62,253
62,262
64,49
66,92
68,97
68,280
69,63
71,137
71,248
73,62
74,18
74,21
74,22
76,154
76,215
77,45
77,204
78,245
78,278
79,23
79,99
79,141
80,4
80,17
80,190
80,197
81,103
82,234
84,40
84,258
85,120
85,263
85,289
86,22
86,154
86,184
88,75
88,276
89,56
91,20
91,260
93,48
94,131
95,96
96,35
98,163
99,265
100,175
102,279
103,95
104,214
106,19
106,78
106,182
108,185
108,275
110,290
112,106
112,244
113,137
114,144
115,125
116,295
119,97
119,174
122,285
123,167
125,81
126,54
128,245
130,147
130,221
132,288
135,77
135,105
136,83
136,179
136,205
139,108
139,176
139,246
140,107
140,232
142,43
143,170
144,129
145,88
146,101
149,38
150,90
151,58
151,171
152,233
152,293
153,45
153,80
153,238
154,127
154,167
155,211
155,225
157,89
157,260
159,180
160,222
161,2
162,87
164,224
165,149
166,37
166,138
166,226
166,250
166,251
168,269
170,85
176,162
180,191
181,241
181,284
183,66
183,71
188,199
192,217
193,259
195,33
195,164
196,145
197,68
199,109
199,297
200,281
202,100
202,178
203,5
203,292
205,2
205,11
206,61
207,29
207,94
207,134
207,194
208,223
209,139
212,46
213,71
213,118
214,102
216,236
218,9
218,255
219,34
220,292
222,20
223,158
225,51
225,102
225,122
225,136
226,146
227,30
227,121
228,256
229,21
229,42
230,85
230,157
230,172
232,108
234,249
236,98
236,135
237,151
237,194
238,25
239,31
239,189
241,251
242,117
242,180
242,198
242,254
243,157
243,267
246,173
246,230
247,134
247,146
252,90
252,187
252,235
253,168
254,243
257,26
257,111
257,299
259,155
260,281
263,16
265,133
266,70
266,192
266,283
267,65
268,207
269,153
270,3
270,295
271,89
272,24
273,70
274,252
276,1
276,7
276,11
276,169
277,75
278,216
280,209
282,177
282,182
287,74
287,100
288,115
288,130
288,187
289,12
290,223
290,294
291,60
291,67
293,72
293,132
294,165
297,55
297,156
298,228
298,237
299,186
299,219
299,296
