source,target
0,267
0,273
0,299
1,26
1,70
2,41
4,129
5,103
5,131
7,59
9,21
9,117
13,234
15,91
19,110
19,167
20,10
21,112
21,216
22,113
24,173
24,236
26,107
27,240
28,111
28,271
30,19
31,86
31,98
33,187
33,221
34,60
35,191
36,240
37,140
37,268
38,68
38,87
39,28
41,268
42,274
42,298
43,23
43,82
44,100
44,172
45,27
45,54
45,212
46,181
47,71
48,282
49,20
49,73
49,199
50,44
51,93
52,39
52,203
53,275
55,29
55,252
57,0
57,217
58,17
58,95
58,210
61,224
61,287
62,294
66,166
67,289
68,65
69,89
70,296
75,16
75,123
76,225
78,21
78,254
79,6
82,143
82,291
84,262
85,283
89,132
90,297
92,14
92,144
92,279
95,65
95,137
95,179
96,1
97,130
97,202
98,64
98,156
98,182
98,235
99,125
100,242
101,77
101,169
104,208
104,293
106,119
108,157
110,162
110,213
110,243
111,272
114,24
114,146
116,149
116,292
117,27
118,81
118,204
119,248
121,34
124,85
124,118
126,145
126,238
126,246
127,90
128,281
129,134
130,3
130,18
130,56
134,92
134,93
134,239
135,118
136,33
136,139
137,209
138,135
142,25
143,288
144,161
145,295
147,43
148,100
149,223
150,50
151,47
151,63
151,69
151,190
152,124
154,216
158,74
158,133
160,38
161,152
166,31
166,37
166,113
166,122
166,123
169,60
169,230
169,237
170,196
170,220
171,51
172,227
172,247
174,206
177,233
179,10
179,177
180,62
180,183
181,76
182,222
184,290
188,77
190,72
190,214
194,207
195,178
195,185
196,289
197,53
199,193
200,94
200,105
200,234
200,277
201,32
201,37
201,109
201,205
202,246
204,12
206,6
206,218
207,30
208,9
212,126
213,45
213,159
214,284
215,200
216,176
218,15
218,115
218,215
221,40
221,106
222,103
223,104
225,263
227,108
228,201
228,226
229,288
231,83
231,165
231,228
232,59
233,66
234,178
236,4
237,182
240,84
240,220
245,80
246,280
247,114
248,165
251,88
251,279
252,230
254,153
255,40
256,180
256,186
257,163
258,154
259,188
260,253
260,264
261,7
261,55
261,141
261,250
263,175
264,138
264,286
265,36
265,120
268,8
268,99
269,245
269,257
269,261
270,11
270,86
271,147
271,249
273,143
273,219
274,265
276,168
276,232
277,194
277,197
277,290
278,211
279,158
279,189
282,198
283,52
283,142
283,263
284,78
284,164
285,131
287,151
287,191
287,266
289,241
290,192
292,211
294,205
294,282
295,150
295,155
295,235
295,244
296,102
296,111
296,281
297,130
