source,target
0,284
1,31
1,54
1,249
2,41
2,59
2,75
2,238
3,210
5,95
5,225
6,43
6,143
7,12
7,45
7,48
7,91
9,11
10,17
12,72
12,153
15,108
16,127
17,20
17,209
17,297
18,118
19,140
19,160
21,78
24,26
24,56
26,102
26,114
26,291
26,292
28,45
29,15
33,134
33,247
38,39
38,235
39,74
39,92
39,236
40,145
40,155
40,197
42,118
42,217
44,16
44,21
44,81
44,248
46,49
46,164
47,15
47,212
52,42
52,51
56,64
57,10
57,35
57,47
62,110
62,237
62,241
65,68
65,172
67,182
67,192
67,294
68,264
72,252
73,141
77,131
79,86
79,203
79,207
80,157
81,234
82,66
82,213
84,152
85,244
85,274
85,288
86,200
86,275
86,277
88,61
88,62
88,93
88,135
88,150
89,226
91,63
92,121
93,112
95,44
95,94
97,174
97,298
98,250
99,273
101,229
101,257
105,40
105,196
106,138
107,174
109,224
110,25
111,5
114,23
114,180
114,289
117,66
119,171
120,65
121,208
122,33
122,166
125,247
126,97
126,186
127,260
127,296
128,9
128,191
128,242
129,71
129,198
130,62
130,255
131,61
132,188
133,32
133,231
134,71
134,90
134,239
137,130
137,140
138,202
142,13
142,88
142,172
144,119
145,37
146,239
147,116
147,198
147,221
148,195
148,220
149,79
150,222
151,199
152,179
153,83
154,186
158,133
161,265
161,293
162,185
162,265
164,19
165,1
166,22
167,149
167,251
168,248
169,3
169,290
170,50
170,74
170,258
172,227
173,278
176,299
177,30
178,38
179,139
179,276
182,270
184,115
184,230
184,250
185,190
188,136
189,18
190,11
191,14
193,35
194,6
194,204
195,42
195,162
197,120
201,99
202,113
202,169
206,34
207,183
210,87
210,232
211,70
211,246
213,111
213,159
214,176
214,188
214,190
214,262
214,278
216,151
218,260
219,57
219,76
219,181
219,286
222,85
222,96
223,236
224,238
226,27
226,168
230,201
231,165
231,228
231,256
231,280
232,132
232,205
233,139
233,177
234,122
235,175
240,69
240,245
242,216
243,156
244,157
244,206
245,269
246,256
248,92
248,103
249,161
252,55
252,282
253,163
254,49
259,253
261,7
262,53
264,58
264,104
266,187
266,281
267,215
267,254
268,94
269,163
269,261
270,275
271,93
272,148
273,36
273,89
273,263
274,114
274,141
275,4
276,105
276,298
277,178
279,196
281,100
281,268
282,137
283,123
283,224
283,263
285,21
286,101
292,82
292,119
292,143
292,156
295,8
295,60
295,271
297,142
299,0
299,124
299,240
299,287
