source,target
1,16
2,173
3,131
4,190
4,222
5,243
8,247
9,80
9,209
10,129
11,151
11,259
14,27
14,35
14,258
15,254
16,66
16,155
17,177
18,204
20,10
20,220
23,12
24,41
24,107
24,116
25,51
25,205
27,240
28,161
28,248
29,63
29,137
29,261
30,84
30,246
37,64
37,82
38,226
40,14
40,148
46,97
47,71
47,299
49,11
49,78
49,269
53,39
54,96
54,239
54,255
55,11
55,91
56,50
56,166
56,236
56,276
57,2
58,10
58,112
58,206
60,106
60,265
67,21
67,61
70,62
70,256
71,79
73,141
73,297
74,123
74,241
75,156
76,225
76,245
78,282
80,7
80,29
81,51
85,20
87,83
87,93
88,93
90,110
92,13
92,30
92,113
93,128
95,58
95,137
96,22
96,43
96,44
97,33
97,207
98,138
100,130
100,192
101,121
102,105
102,154
103,257
105,32
106,230
107,264
108,157
111,65
111,73
111,195
115,6
115,222
117,47
122,291
123,61
125,26
125,58
127,59
127,90
127,135
127,181
130,229
131,43
131,294
132,188
132,232
133,24
133,119
133,285
134,71
134,203
135,232
136,263
136,268
138,277
139,231
141,280
142,118
142,239
143,150
145,170
146,85
147,13
147,68
148,98
149,223
152,178
153,83
153,185
153,283
154,87
154,164
155,104
155,234
156,140
156,211
157,75
158,1
160,109
160,235
161,149
161,186
162,126
162,145
164,284
165,48
165,221
166,100
166,113
167,247
168,163
168,184
169,268
170,143
171,196
172,120
172,266
174,5
174,38
175,194
176,214
177,21
177,144
178,40
179,256
179,295
180,52
180,114
180,200
181,46
181,176
181,278
183,92
183,94
183,235
184,2
185,56
189,213
189,242
189,249
190,9
191,155
197,179
197,251
198,117
198,159
199,49
202,197
202,287
204,97
205,54
205,210
208,35
208,212
211,171
211,202
215,63
216,193
216,194
216,252
217,86
217,111
219,69
219,199
221,44
222,218
225,89
225,219
225,286
226,34
227,108
227,224
228,226
229,266
229,275
229,288
230,19
230,198
231,126
231,289
233,216
237,42
237,182
239,23
239,272
241,122
241,187
242,30
244,84
244,260
244,279
248,125
248,298
253,267
254,227
254,282
255,103
256,150
256,180
257,57
257,76
261,46
261,250
262,276
263,74
264,244
267,273
270,36
270,72
270,290
271,16
271,200
273,237
274,135
275,4
275,216
277,0
277,42
277,96
277,201
278,15
281,136
283,99
285,39
285,124
286,101
290,293
291,70
292,252
293,31
293,243
293,271
295,8
295,82
295,217
295,238
296,127
297,77
298,45
299,183
