source,target
0,15
3,96
3,144
3,169
3,247
6,171
7,12
7,253
7,261
10,104
10,117
11,168
16,60
17,27
17,58
17,211
17,291
23,198
23,227
24,134
24,160
25,201
27,61
27,95
27,124
28,66
28,93
28,248
29,48
30,84
31,146
35,176
35,178
36,270
37,19
39,28
40,14
41,97
42,142
44,32
44,203
47,20
49,29
49,254
50,183
50,258
52,51
52,180
52,225
53,64
53,275
55,164
55,252
57,277
58,223
59,1
59,7
59,239
63,256
64,84
64,114
65,3
65,273
68,109
69,190
69,212
69,269
70,230
71,165
71,232
74,68
74,158
74,201
75,56
76,219
77,136
77,161
79,13
79,197
81,57
82,37
84,38
84,244
85,288
86,27
86,265
87,82
88,195
88,274
89,47
90,246
91,269
93,148
94,16
97,46
97,54
97,67
97,184
97,297
98,193
99,100
99,299
100,4
101,71
101,229
103,31
105,209
106,120
106,133
107,246
108,282
109,2
110,25
110,170
112,74
112,288
114,77
115,78
116,229
117,9
117,43
118,103
118,121
119,250
122,196
122,271
122,292
123,83
125,298
126,85
129,41
129,102
130,62
130,94
131,5
134,39
135,184
136,11
136,153
136,185
137,14
137,20
138,98
138,105
139,92
141,73
142,131
142,226
143,268
144,113
144,281
145,179
145,296
146,10
147,116
147,204
149,19
149,79
149,122
149,177
151,115
152,128
152,167
153,112
153,142
156,40
156,221
157,51
159,173
160,174
160,235
162,5
162,119
162,143
164,278
166,75
171,129
173,218
173,238
178,53
178,73
178,104
179,111
179,217
180,24
180,26
181,127
181,267
183,207
184,33
186,234
188,259
189,1
191,87
191,155
192,162
193,21
193,215
194,6
195,191
195,249
196,145
197,241
198,182
200,13
201,187
201,231
202,266
203,242
206,143
207,138
207,139
208,290
210,65
212,33
213,159
216,106
217,287
220,59
221,149
222,29
223,135
223,262
227,99
227,172
227,216
228,194
228,215
230,251
232,237
232,257
233,123
233,139
234,255
234,277
234,295
236,166
237,17
237,280
238,275
239,34
239,94
239,205
240,220
240,270
243,42
245,151
245,188
247,295
248,203
248,276
251,280
252,15
252,36
252,132
253,163
253,228
254,80
254,108
254,125
255,56
255,189
255,290
256,150
257,72
259,49
259,76
260,127
263,18
263,100
263,131
263,294
264,137
267,279
268,256
272,154
272,186
275,199
275,224
276,118
279,50
282,175
283,8
283,161
284,214
284,257
285,244
286,69
287,35
289,102
289,128
292,140
293,88
294,22
297,52
297,90
298,45
298,93
299,266
