source,target
0,212
0,270
1,110
3,104
3,118
5,297
7,282
9,7
10,129
11,247
13,33
13,180
14,295
15,73
15,218
16,101
16,173
16,197
19,37
21,259
22,294
23,198
25,24
25,26
26,96
27,268
31,143
31,174
34,210
36,219
36,220
37,52
40,136
41,124
42,142
42,281
43,23
44,16
48,89
48,100
48,105
48,226
49,240
49,257
51,123
51,147
52,27
52,35
53,13
54,209
55,29
55,193
57,7
57,48
57,217
58,138
58,192
58,246
59,189
60,165
60,192
60,244
61,103
62,292
64,172
64,249
65,56
65,127
65,137
67,145
71,92
71,265
72,252
74,236
77,131
78,49
81,135
83,88
83,191
86,265
90,17
90,61
90,116
91,176
92,83
93,96
94,95
97,67
99,125
101,291
102,26
103,150
105,31
105,200
106,32
107,211
108,278
109,133
109,139
110,123
112,68
113,231
114,58
114,184
114,234
116,167
116,230
118,158
118,280
119,253
120,87
121,54
121,232
122,30
122,145
122,196
122,241
123,66
124,45
126,231
127,242
129,71
129,78
131,263
132,97
133,285
135,1
135,18
136,180
136,185
138,279
140,154
143,273
144,179
146,54
147,44
148,42
148,64
148,224
149,152
151,181
154,157
154,186
156,233
157,75
158,163
158,186
160,146
161,84
161,162
161,177
164,19
164,119
164,250
165,202
166,274
172,14
172,203
176,69
177,120
177,233
177,272
179,33
179,85
179,148
179,170
182,194
187,21
189,18
190,4
190,69
190,199
190,266
191,195
191,299
193,199
194,175
194,207
194,242
195,111
195,126
195,153
195,227
197,79
198,63
198,117
198,159
198,221
198,262
199,215
201,25
201,155
202,99
205,206
207,114
208,117
211,70
211,248
212,168
213,142
214,46
214,72
214,141
214,188
218,190
222,171
223,11
225,5
227,80
227,238
228,215
229,182
230,51
230,68
230,169
230,251
232,20
232,59
232,284
234,289
236,102
237,235
237,293
238,152
239,12
239,286
241,85
241,256
242,216
243,74
243,94
243,183
243,297
245,11
245,76
245,151
245,254
246,90
246,210
248,60
248,298
252,15
252,36
252,275
254,261
255,32
255,124
255,160
258,50
258,277
259,267
260,47
260,257
261,115
261,214
262,166
263,10
263,39
263,74
263,285
264,107
266,204
266,229
266,290
268,42
269,91
270,98
270,216
271,134
272,163
272,217
273,65
274,250
275,8
276,220
277,264
277,271
278,119
278,267
280,130
281,28
283,243
284,2
286,81
288,283
289,6
289,128
290,287
291,77
291,82
292,38
292,122
292,171
295,161
295,237
296,175
298,178
298,205
299,294
