source,target
0,267
1,59
1,197
2,42
2,237
7,12
9,117
12,123
13,1
15,252
16,201
17,90
18,274
20,68
21,106
21,259
22,3
23,153
24,173
24,294
25,5
25,110
26,43
26,101
27,130
28,128
28,145
31,98
32,47
32,265
32,275
33,134
33,223
35,75
36,132
36,273
37,114
38,235
39,121
41,189
42,99
43,250
45,27
45,34
46,214
49,220
50,138
50,148
52,93
53,136
54,232
55,164
56,185
56,255
57,104
60,265
61,236
62,162
63,181
64,50
65,147
65,271
66,233
69,114
69,151
70,63
71,77
71,226
71,291
72,66
72,190
72,262
74,112
74,185
76,269
77,7
78,282
80,73
81,202
82,45
83,127
85,197
86,289
88,18
92,30
93,51
93,222
95,264
96,118
97,191
100,64
101,96
102,4
102,129
102,236
103,84
103,298
104,94
106,216
107,37
107,215
108,278
113,100
114,79
114,136
115,168
115,261
115,282
116,8
116,90
116,148
116,167
118,59
118,102
119,133
119,144
120,196
122,30
122,66
122,95
122,180
123,110
123,248
124,10
124,187
124,290
125,293
126,195
127,279
129,171
130,116
131,29
131,94
131,213
133,170
133,231
134,249
135,88
135,105
137,65
138,16
138,20
138,184
139,6
139,179
141,251
142,3
142,288
143,32
143,170
143,258
143,263
144,125
146,85
148,160
148,242
148,280
149,122
151,245
152,149
152,189
152,272
152,289
153,238
154,163
155,205
157,108
160,35
163,115
163,267
164,119
165,19
165,67
166,158
166,242
170,248
170,296
171,211
172,52
174,62
174,82
175,81
177,150
179,111
179,150
179,162
180,24
180,56
181,214
182,159
182,194
183,155
184,192
185,254
186,285
187,218
188,259
188,266
191,268
194,83
194,176
194,221
195,257
196,10
200,264
202,187
202,243
204,266
206,137
207,186
207,210
207,247
209,9
209,168
210,48
210,58
211,292
212,89
212,113
215,11
215,63
215,193
217,226
220,26
220,145
221,156
221,232
222,43
224,295
227,23
228,199
228,208
229,42
231,141
231,219
234,299
235,62
236,169
239,33
239,272
241,234
245,76
245,208
246,31
246,253
248,203
251,97
252,36
252,91
253,109
253,284
255,20
255,103
256,70
257,69
260,218
261,29
261,55
264,276
268,207
268,238
269,49
269,240
270,193
271,92
271,198
272,244
273,176
274,67
274,143
277,178
277,241
278,0
279,39
279,244
283,111
284,21
284,212
285,21
285,44
285,161
286,239
287,58
288,229
289,40
290,225
290,297
292,154
292,229
292,230
295,73
295,256
295,281
296,14
296,87
297,33
298,140
299,155
299,165
