source,target
1,250
3,130
3,276
6,206
7,59
8,82
8,116
9,104
10,27
11,49
12,48
13,4
16,184
16,221
16,263
17,20
17,220
18,135
18,204
19,90
19,160
20,47
20,109
20,137
20,299
24,180
26,125
26,273
29,257
31,74
37,258
38,284
39,121
39,122
40,13
40,201
41,146
43,28
43,117
45,36
47,15
48,273
49,69
49,245
52,37
52,297
54,34
54,290
55,72
55,261
57,277
60,128
61,103
63,91
63,181
63,256
63,261
65,86
65,242
66,32
66,128
67,26
67,77
67,107
67,196
67,216
68,61
68,62
73,141
75,119
76,214
77,71
80,278
82,65
82,143
84,64
84,147
84,203
85,51
85,274
86,5
87,104
87,120
87,175
88,251
89,100
90,25
91,7
92,127
92,246
93,64
93,134
93,272
94,136
94,183
95,234
96,111
96,197
96,298
97,147
97,202
98,114
98,182
98,193
101,105
101,212
101,223
102,2
102,171
102,279
103,45
103,169
103,189
103,239
104,264
104,298
109,148
109,173
109,194
110,156
111,21
112,263
113,57
116,100
116,172
117,95
118,35
118,42
118,124
119,133
119,143
119,154
120,106
121,187
121,232
124,40
124,187
126,19
126,292
127,50
129,30
129,41
130,243
132,89
134,33
134,179
134,241
134,256
134,271
135,81
135,120
135,150
137,27
138,50
139,6
139,176
140,23
140,93
142,13
142,88
143,238
144,247
144,249
145,185
145,213
146,281
149,272
150,295
151,181
153,204
155,16
156,207
157,108
158,60
159,199
161,288
162,268
163,158
163,269
165,253
166,139
166,211
168,163
170,177
170,296
171,152
174,33
175,230
178,266
179,17
179,48
179,70
179,186
180,56
180,217
181,46
182,131
184,114
184,138
187,218
188,52
190,4
192,81
193,233
194,159
195,285
199,275
200,283
201,155
201,266
201,290
202,53
206,244
207,24
208,259
208,260
210,116
212,69
213,123
213,160
214,115
214,164
214,262
215,286
217,226
219,76
221,44
222,85
224,182
227,149
229,62
230,168
230,217
231,83
231,113
231,228
233,66
234,47
234,52
235,79
235,258
236,31
237,169
238,287
239,96
240,0
240,35
242,162
243,1
243,31
243,174
245,240
247,265
248,9
248,209
252,151
253,77
254,15
255,22
255,99
256,73
257,195
260,14
260,231
262,22
262,276
265,140
265,225
265,288
267,254
268,170
270,72
271,198
274,238
275,126
277,183
277,227
278,157
280,97
281,75
281,167
281,191
282,80
283,111
284,78
284,108
284,176
285,186
286,137
289,58
289,102
289,287
291,280
292,98
292,206
293,88
294,190
295,205
296,211
