source,target
0,57
0,60
1,37
1,50
1,112
1,135
1,145
2,113
2,238
4,275
5,73
5,97
7,49
11,228
12,53
13,33
16,201
16,205
18,290
20,220
20,276
23,8
24,41
25,26
25,153
27,28
27,147
27,192
28,114
28,256
29,55
30,122
30,230
31,248
32,158
34,47
35,200
35,271
36,213
38,103
39,131
39,222
39,279
41,189
44,111
45,15
45,124
45,226
46,214
47,168
47,260
49,269
50,222
50,242
51,134
53,64
53,84
54,212
54,221
54,223
55,46
57,263
58,142
60,198
60,202
62,56
62,70
62,165
65,86
65,273
67,223
69,5
69,286
71,105
71,239
74,161
76,259
77,22
77,297
78,259
78,282
79,59
80,278
82,213
83,154
85,25
86,79
86,265
86,277
88,174
89,284
90,217
92,144
93,82
93,98
93,104
93,272
95,10
95,106
96,274
96,290
97,247
98,110
98,268
100,130
100,166
102,8
102,39
103,61
103,232
103,255
109,102
110,1
111,238
114,21
114,94
114,152
114,155
114,173
114,184
117,66
117,297
118,135
119,245
119,292
120,265
121,34
121,69
123,51
123,75
124,187
124,266
124,288
129,78
130,169
130,246
132,0
132,72
133,25
133,106
135,10
135,172
135,240
137,107
139,270
140,170
141,162
141,164
141,274
142,147
143,119
145,40
145,258
146,141
148,65
148,87
148,160
149,116
149,203
149,235
150,34
150,281
158,207
159,43
161,231
163,115
165,127
165,211
166,66
167,251
169,6
170,82
170,171
171,156
172,280
174,38
174,298
177,149
177,150
177,167
179,17
179,148
179,220
179,242
180,272
182,139
182,217
183,180
184,33
184,157
184,227
185,74
185,190
188,132
188,245
189,292
190,9
191,30
191,128
191,283
193,63
193,181
193,233
194,109
195,203
196,149
197,96
198,159
198,182
199,190
199,215
201,207
202,48
204,12
205,68
206,218
208,9
209,240
210,92
212,126
212,295
213,237
214,181
218,267
219,57
220,264
222,101
224,90
225,52
225,248
227,254
228,154
229,62
230,175
230,250
231,179
231,201
231,228
232,210
233,177
233,236
233,241
234,111
236,249
239,121
240,99
240,269
243,183
243,293
244,285
245,151
247,127
247,185
252,91
252,108
252,176
252,199
252,267
254,72
257,2
259,253
262,276
264,138
270,191
270,216
270,275
272,163
276,178
277,12
277,92
277,197
277,271
278,15
279,14
281,42
281,136
282,137
282,219
282,261
283,81
283,243
284,195
285,44
287,21
288,112
289,6
289,16
289,19
289,51
289,186
291,105
291,125
294,196
295,27
295,44
296,128
298,3
299,225
299,294
