source,target
2,39
2,41
5,223
7,59
8,38
8,217
9,80
9,248
10,95
10,260
11,176
11,259
13,97
16,237
17,25
17,298
18,149
20,232
21,9
21,278
21,289
22,118
23,206
24,211
25,290
29,80
29,194
30,113
30,271
31,112
31,134
33,40
33,221
36,86
37,52
37,68
38,84
39,51
40,13
40,98
41,266
43,104
44,32
44,236
45,15
45,62
45,226
51,198
52,172
53,155
54,147
56,195
57,47
59,96
59,188
59,212
63,254
64,26
64,258
65,99
66,72
67,216
69,89
70,167
70,256
72,55
75,35
75,77
77,43
77,178
79,240
81,234
84,88
84,179
85,222
85,283
88,19
88,120
89,34
90,110
91,7
91,260
92,99
92,231
94,239
96,1
96,3
96,12
96,156
98,187
99,136
104,87
105,96
107,137
108,91
108,282
110,140
114,82
114,247
115,269
118,274
121,69
123,74
123,106
123,250
126,70
127,81
127,125
127,135
127,154
127,247
128,93
130,56
131,61
132,139
132,215
134,53
134,281
135,18
135,101
135,189
138,102
138,119
139,44
140,137
142,58
142,103
143,196
144,158
144,296
145,196
145,276
146,202
146,255
148,265
149,168
149,227
151,245
152,124
153,156
158,201
159,194
160,152
160,163
160,242
160,243
163,204
163,253
164,55
164,141
164,145
165,16
166,39
170,209
171,186
172,160
174,8
174,246
174,277
175,235
175,241
177,182
178,53
178,203
179,26
179,48
179,146
179,197
180,24
181,46
181,63
181,76
182,19
183,255
184,75
184,138
185,74
185,162
186,157
188,11
190,67
190,169
191,286
192,67
192,251
193,163
195,249
197,279
199,45
200,94
201,128
201,155
201,205
202,85
202,171
202,266
203,111
203,211
208,226
210,207
210,273
213,28
214,78
214,181
214,269
217,206
218,190
220,209
223,21
223,54
223,133
223,240
224,111
225,89
225,92
225,100
227,57
227,184
230,127
231,83
231,192
232,257
233,148
235,28
235,295
236,4
236,100
237,17
237,63
237,117
239,23
240,0
243,42
243,130
244,60
244,177
245,132
248,169
249,50
249,150
249,174
250,287
251,230
252,15
252,36
252,73
252,108
253,109
253,228
256,62
258,170
258,173
259,267
260,61
260,264
261,98
262,166
265,140
265,161
266,97
266,161
267,218
267,257
267,273
268,37
270,214
270,263
271,165
271,295
272,217
273,219
274,272
275,49
275,129
275,199
275,229
276,210
277,286
283,123
283,142
284,253
285,106
287,290
287,299
288,234
289,6
289,122
290,293
291,10
291,71
291,280
292,152
294,5
295,27
295,238
297,116
297,213
299,14
299,225
