source,target
1,165
1,243
1,255
2,95
4,17
4,233
5,122
7,59
8,52
11,9
13,79
13,105
13,113
14,101
16,237
18,263
19,110
20,81
20,189
21,193
22,118
22,243
24,1
26,22
27,96
28,281
29,222
30,116
30,207
30,230
31,280
32,14
32,235
34,226
35,200
36,68
38,286
39,64
39,168
41,142
41,224
42,114
42,235
43,244
44,216
44,221
45,62
45,199
46,49
47,234
48,188
51,52
51,134
51,289
52,25
53,139
56,242
57,15
57,273
58,37
58,65
58,172
60,198
61,119
61,131
61,250
63,108
64,242
67,109
67,145
67,293
69,5
70,90
71,47
71,298
72,248
73,252
74,136
76,199
76,286
79,148
79,185
81,155
82,195
84,65
84,103
85,2
86,62
86,227
87,194
88,167
88,229
89,12
90,130
92,225
93,30
95,23
96,44
96,45
96,84
96,197
96,274
97,290
99,147
100,8
102,157
104,98
104,228
107,34
111,73
111,213
116,24
116,220
119,278
121,28
122,40
123,166
124,3
124,27
125,94
126,178
127,81
128,9
128,183
129,198
130,94
130,212
130,246
130,297
131,43
131,112
133,110
134,130
134,205
134,249
136,92
137,210
137,256
137,282
138,20
138,196
140,158
141,146
141,162
143,171
143,206
144,236
144,249
147,124
148,64
148,93
148,126
150,84
152,104
154,143
154,164
156,6
157,75
159,210
163,115
163,232
165,294
166,102
167,68
167,70
167,106
168,55
169,6
169,266
169,268
171,0
173,227
174,97
175,186
176,219
177,258
179,152
181,151
181,214
181,259
182,272
183,299
184,75
184,271
186,217
189,58
190,69
191,83
191,187
192,100
194,50
194,275
195,284
200,113
200,291
201,241
201,287
202,211
203,135
203,248
204,87
206,150
206,292
209,137
211,171
212,59
214,262
215,63
215,132
216,193
216,218
217,38
219,216
221,23
221,67
221,183
222,39
222,296
223,133
223,180
223,188
223,277
224,4
224,80
224,182
225,265
226,71
226,208
227,191
227,254
228,154
228,260
229,33
229,77
230,140
232,209
233,66
234,13
235,153
236,123
237,117
237,138
237,213
237,253
238,239
239,31
239,149
243,53
245,49
245,80
249,231
249,290
251,88
251,146
255,66
255,85
257,259
258,170
258,229
260,10
260,91
261,108
261,250
262,51
262,122
263,288
263,294
264,78
265,120
265,165
267,253
268,295
269,72
270,182
271,16
271,28
273,60
273,203
274,112
275,32
276,118
277,99
279,231
280,107
280,247
282,29
283,153
284,0
284,89
285,106
286,54
287,35
290,135
291,264
292,161
293,240
295,14
295,289
297,160
