source,target
0,170
2,95
3,59
3,221
4,9
4,69
4,295
6,52
6,94
6,174
6,189
8,211
8,226
10,108
10,222
12,242
12,257
13,81
14,21
14,104
14,110
14,209
17,287
18,13
19,261
19,271
21,112
22,24
22,127
23,229
23,258
26,18
28,14
28,38
29,83
29,132
29,192
29,288
30,88
30,137
31,73
32,17
32,41
33,228
33,275
36,125
37,199
37,244
39,252
44,79
45,277
48,157
48,299
49,37
49,275
50,280
54,59
55,2
55,109
56,184
57,105
57,286
60,81
60,97
60,227
61,96
62,164
63,99
63,225
64,147
64,237
66,153
67,103
68,28
71,63
71,240
72,193
73,42
73,120
73,248
74,1
74,172
76,44
77,149
77,151
78,181
78,272
79,11
79,181
79,188
79,296
80,30
80,278
81,245
83,76
85,154
87,80
87,101
87,206
88,186
91,114
92,130
92,171
93,48
95,183
98,49
98,70
99,100
102,19
102,75
102,223
102,254
103,16
103,40
103,71
103,233
103,293
106,265
107,91
108,282
110,202
111,233
112,217
113,26
113,58
114,131
114,146
115,134
116,145
116,208
116,219
116,260
118,195
119,204
120,285
122,51
122,82
122,142
123,241
123,292
124,198
125,166
126,39
128,224
128,298
129,86
129,270
130,281
132,12
132,263
132,277
133,160
133,183
134,113
134,274
135,89
136,25
137,24
137,97
137,141
138,205
139,124
140,271
143,247
146,20
146,68
149,61
149,143
150,47
150,196
153,72
155,5
156,180
157,0
158,8
159,142
160,107
160,251
161,133
161,266
162,213
163,87
164,234
167,235
168,3
169,132
169,135
170,106
171,7
171,162
171,187
172,23
175,178
175,229
175,276
176,256
177,17
177,85
177,144
177,241
179,247
180,34
180,125
180,250
182,216
182,249
182,266
184,220
185,269
188,236
189,60
189,239
191,74
193,123
193,211
194,289
196,118
196,158
198,117
199,138
201,206
204,116
205,243
210,278
211,248
214,15
214,173
215,154
217,141
217,264
217,284
218,286
219,65
219,253
220,118
220,126
221,36
223,148
223,197
225,4
225,163
225,259
230,69
231,77
231,207
231,214
232,231
234,98
235,41
236,66
236,136
237,43
237,265
237,288
238,165
238,191
241,121
243,27
243,268
246,202
247,84
248,152
251,283
253,92
253,190
255,254
256,128
258,177
259,200
261,294
262,212
262,251
265,36
267,105
268,238
269,259
273,90
273,194
276,155
278,203
279,62
280,232
281,35
281,102
282,46
282,67
282,149
284,176
288,139
289,175
290,86
291,208
291,290
292,182
292,267
294,6
294,159
297,279
298,53
