source,target
1,94
2,241
3,84
4,224
4,264
5,117
6,180
8,66
9,126
9,218
9,230
10,57
11,18
11,34
12,214
13,124
14,113
14,177
17,108
17,268
20,252
21,64
23,151
23,229
23,259
24,65
24,239
26,290
26,291
27,91
28,46
28,193
29,174
30,199
31,96
33,215
33,236
34,4
34,216
35,100
35,163
37,146
39,99
42,2
42,32
42,121
43,257
44,157
44,271
46,162
46,237
47,30
47,152
47,296
48,249
52,122
53,145
54,279
55,191
55,270
56,173
57,293
58,112
59,25
60,139
60,141
60,261
61,156
61,265
61,284
63,123
63,234
65,11
65,72
65,114
65,258
66,111
67,7
67,282
68,187
69,155
70,98
73,118
74,127
74,225
76,42
76,168
76,190
76,298
78,79
81,105
83,226
85,2
86,143
86,148
87,220
88,56
90,25
90,31
92,74
92,129
93,137
96,144
99,32
102,166
102,221
103,135
103,206
104,131
105,140
105,224
111,9
111,297
112,197
112,208
112,246
114,228
115,60
115,217
116,53
116,288
117,75
119,225
119,255
120,285
122,142
123,41
123,189
125,22
129,132
130,221
131,86
131,142
132,26
133,107
133,175
134,70
135,48
135,133
135,156
135,286
136,59
137,24
137,288
138,119
140,51
141,56
141,201
141,266
143,208
143,247
144,3
144,195
146,51
147,1
147,54
147,286
149,17
150,47
150,64
150,183
154,19
156,200
157,108
158,104
158,244
159,206
160,0
160,91
160,95
160,101
160,109
160,197
161,153
164,239
165,184
166,81
167,192
167,287
168,28
168,223
168,272
169,210
169,275
170,62
170,240
171,125
173,80
174,49
174,130
174,256
177,23
180,45
180,217
181,40
181,182
182,273
182,283
183,195
184,78
185,257
189,19
190,188
191,222
194,57
194,82
194,127
196,280
201,93
201,198
202,203
204,45
205,170
207,113
209,114
210,258
211,110
211,128
211,228
212,165
214,261
216,176
218,22
218,50
218,115
219,147
220,266
221,231
222,44
223,33
223,69
223,294
226,103
227,21
228,71
228,260
229,98
230,16
232,148
232,178
233,159
234,238
235,43
235,117
236,8
236,243
240,187
242,55
244,299
245,212
247,63
247,73
247,213
248,133
249,79
249,267
249,289
250,207
251,13
252,27
253,85
255,196
256,281
259,242
259,269
261,15
262,77
262,183
262,251
263,219
264,158
265,106
265,186
266,172
266,254
267,58
267,68
267,89
268,160
269,120
270,35
272,97
273,167
274,53
277,256
282,43
282,52
283,161
284,36
287,83
287,276
290,149
292,295
295,38
295,203
295,227
295,278
296,179
296,235
