source,target
1,32
1,95
2,234
2,273
3,82
4,147
6,218
7,92
7,233
7,244
8,126
8,211
8,289
9,219
10,34
10,130
10,207
11,75
12,19
14,110
16,157
17,83
17,253
18,191
18,278
19,97
19,102
20,27
20,106
21,119
22,132
23,42
23,151
24,26
25,202
28,29
28,58
29,204
29,298
30,266
31,88
31,262
32,76
33,70
33,269
35,192
36,88
36,131
42,109
44,1
46,287
47,121
47,152
47,213
48,113
48,125
49,256
51,171
52,122
54,93
54,167
55,22
56,55
57,105
57,200
59,223
61,96
61,153
62,43
62,237
63,35
64,155
64,163
67,77
68,40
68,49
68,295
69,180
71,17
71,205
71,275
72,139
72,225
73,145
74,299
75,24
75,53
75,239
76,154
78,38
78,91
79,249
80,206
81,245
82,4
82,120
83,104
85,141
85,149
86,298
87,226
89,211
90,26
91,272
93,203
93,294
94,61
94,154
94,209
96,50
96,159
97,64
98,69
99,33
100,57
103,71
103,284
103,286
104,133
104,293
105,267
106,283
107,114
109,18
109,292
115,8
115,107
118,158
119,7
119,204
119,236
119,243
121,80
123,221
128,214
129,116
129,288
130,46
130,135
132,160
134,16
135,190
135,268
137,11
140,138
141,44
141,60
141,188
142,70
143,276
144,5
145,281
147,54
147,222
148,259
150,24
153,175
154,171
154,267
155,118
155,189
156,65
156,256
156,291
157,101
157,102
158,184
159,296
160,128
160,220
161,149
162,35
162,100
164,156
164,251
170,212
170,230
170,240
172,45
172,162
173,172
174,13
174,133
174,140
174,270
175,224
177,294
178,201
179,185
180,25
182,41
182,112
182,193
182,216
183,66
183,195
184,146
184,182
184,241
184,290
185,269
186,189
189,181
190,166
191,48
191,186
193,28
194,238
195,124
195,144
195,165
200,176
201,215
203,164
207,230
208,65
208,136
213,56
214,244
214,245
215,87
218,174
219,261
220,195
221,115
223,228
224,3
225,78
226,37
226,194
227,79
227,129
228,73
228,196
229,257
230,199
231,92
231,197
232,173
232,279
233,94
233,111
235,217
237,280
238,110
238,198
239,279
240,187
241,15
241,74
242,13
242,127
245,210
246,52
247,84
247,143
247,168
248,123
249,169
249,241
250,103
252,20
252,39
252,246
254,31
256,69
256,274
257,15
258,0
259,200
260,299
261,227
262,278
263,80
264,146
265,142
265,220
265,271
265,285
266,254
267,223
272,77
272,108
272,264
273,258
276,68
277,129
280,134
283,62
287,21
287,255
289,10
289,194
289,234
289,235
289,282
293,34
293,117
297,170
