source,target
0,174
0,283
1,24
3,32
3,126
3,129
4,82
4,217
6,130
7,92
7,226
8,88
8,286
8,299
10,48
11,141
11,289
12,4
13,111
16,195
16,233
21,20
21,47
21,110
21,112
22,148
22,193
22,218
25,181
26,153
26,171
29,201
29,204
30,87
30,205
31,24
31,115
31,244
31,254
31,261
32,266
33,127
33,269
34,103
35,229
37,49
38,90
39,255
42,49
42,118
42,144
43,54
43,62
43,153
44,141
45,159
46,203
48,97
48,162
48,213
50,222
51,221
51,251
51,257
52,74
53,274
55,182
55,275
56,37
57,78
58,28
58,104
60,208
65,22
65,36
65,258
66,199
67,117
68,114
72,220
74,154
75,34
75,214
76,177
77,147
78,163
78,272
79,69
80,121
81,13
81,61
81,209
83,73
83,211
85,116
92,64
92,71
93,290
94,80
94,142
95,79
96,235
97,184
98,234
99,299
100,179
102,15
102,172
102,211
102,258
102,263
103,191
104,128
105,200
107,278
108,160
109,139
113,134
113,239
117,197
118,93
119,92
120,82
123,190
124,150
124,262
125,86
126,41
127,122
127,242
128,2
128,80
128,158
128,175
129,268
130,173
130,260
131,40
132,108
132,169
134,201
137,43
138,119
141,149
144,18
145,101
146,69
146,148
146,187
146,207
147,110
147,219
153,120
153,279
155,216
156,133
156,186
157,213
158,17
158,113
158,143
160,10
160,87
164,142
165,39
166,231
167,262
167,297
168,116
168,136
168,180
168,223
170,106
170,152
170,230
170,245
171,72
173,231
173,293
175,45
178,66
178,165
178,232
179,202
180,46
180,248
182,91
182,272
184,224
184,241
184,277
185,145
186,250
187,151
188,65
189,114
190,166
190,197
192,168
194,144
194,177
195,2
200,57
200,176
201,161
203,135
203,249
203,259
204,270
205,291
207,70
207,196
208,115
209,14
210,73
212,45
215,170
216,5
216,207
216,297
218,63
218,81
218,265
218,271
219,54
219,255
220,146
221,284
221,298
222,292
223,59
225,247
226,3
227,18
228,191
229,131
229,228
230,51
231,74
232,84
234,95
234,278
237,288
240,16
241,273
242,103
242,215
246,112
247,88
248,183
249,32
249,188
250,282
251,236
252,27
253,20
255,254
256,102
256,243
262,198
263,91
263,282
264,15
267,29
267,89
270,9
270,132
270,139
270,293
273,42
274,244
276,237
276,252
277,38
280,287
281,271
282,140
284,281
285,0
285,111
285,238
286,105
287,68
287,181
287,194
288,145
288,167
289,157
289,206
289,235
290,19
290,33
292,137
293,23
294,6
294,86
295,52
296,202
296,269
