source,target
1,188
1,273
2,293
5,217
10,272
11,184
13,126
14,228
16,20
16,103
18,238
18,260
19,88
20,64
22,193
22,271
27,6
28,45
29,16
29,122
29,261
30,205
31,254
32,42
32,219
33,120
33,139
34,41
34,234
36,112
36,125
37,7
37,176
37,265
39,247
44,259
45,149
45,279
47,30
47,52
47,150
48,49
48,196
48,249
49,207
51,221
53,101
53,116
53,218
54,81
56,43
58,21
58,59
58,267
60,53
60,72
60,195
63,69
63,235
68,225
69,30
69,57
71,8
71,92
71,287
72,153
72,238
73,118
74,130
75,160
76,35
76,143
76,168
78,38
78,242
80,65
81,283
83,220
86,41
87,55
88,17
88,26
92,224
93,48
94,279
95,87
95,91
96,178
96,269
97,277
100,125
106,223
107,27
109,192
109,270
110,247
114,92
114,274
115,74
115,134
115,293
116,159
116,208
116,251
117,9
120,153
121,129
121,214
122,127
123,147
126,3
128,77
129,6
129,108
129,119
130,135
131,232
132,12
132,31
132,169
132,172
133,102
133,104
134,152
134,201
135,180
136,21
136,99
137,157
140,174
141,18
141,117
142,233
143,73
144,253
146,20
146,241
147,4
147,286
148,289
149,37
149,50
149,102
151,289
154,40
154,244
155,172
156,232
160,198
161,61
162,109
163,64
165,124
167,142
168,266
170,13
170,111
172,46
173,23
173,145
174,0
174,24
174,151
174,248
174,288
175,261
177,137
178,262
179,165
179,202
180,80
180,93
180,156
180,182
180,189
181,243
183,54
186,158
186,295
187,151
189,79
189,113
190,3
190,76
190,191
192,77
194,78
197,11
200,34
203,68
204,97
204,264
205,199
206,278
207,121
208,58
208,67
208,89
209,258
211,90
211,110
212,128
213,100
214,185
215,66
215,136
217,129
220,145
220,146
222,35
223,105
223,294
224,227
225,25
225,200
226,69
226,184
226,214
228,31
228,140
228,229
230,107
231,38
231,211
231,284
233,209
234,164
236,251
237,179
239,161
241,1
241,144
243,256
244,0
244,61
244,219
244,245
245,10
245,87
245,166
246,181
247,137
250,44
250,60
250,160
250,210
250,234
252,51
252,296
255,82
255,165
255,204
256,28
257,25
258,33
261,15
262,94
263,157
265,2
265,62
265,171
266,250
267,29
271,213
272,215
273,255
273,298
274,72
274,81
274,88
274,105
275,75
275,98
276,155
277,110
277,147
277,189
278,141
278,221
280,276
281,187
281,240
282,275
285,183
285,268
290,85
290,186
291,138
291,236
292,226
293,36
293,43
293,70
295,109
295,114
296,84
297,106
297,216
299,194
