source,target
0,230
1,135
2,189
3,72
5,217
5,253
6,85
6,174
7,64
7,111
7,200
7,297
8,233
10,207
10,284
11,60
11,203
12,215
16,195
16,240
17,188
18,87
18,141
19,144
21,20
24,36
26,208
26,220
26,221
27,84
29,116
33,99
33,120
33,138
33,236
33,258
38,31
39,252
42,76
43,250
43,262
44,71
45,262
47,134
51,5
51,84
54,171
55,112
55,242
55,244
56,101
57,104
57,241
60,162
61,152
62,3
62,164
65,24
65,81
68,143
68,267
69,11
71,180
71,285
72,75
72,171
73,90
74,178
77,231
78,289
80,155
80,219
80,238
82,297
83,32
83,76
83,196
83,225
84,169
86,143
86,272
87,48
88,69
88,193
89,159
90,25
91,249
93,55
94,19
97,19
97,88
100,48
101,2
101,258
102,63
102,267
103,13
103,256
105,10
105,30
105,228
107,114
108,29
108,40
110,229
111,142
111,159
112,58
112,130
112,179
112,182
112,246
113,153
114,92
115,121
115,181
115,287
116,149
116,288
121,269
121,279
122,127
123,173
124,198
125,93
126,221
127,52
127,147
129,97
130,4
130,6
130,281
131,22
131,211
132,117
132,227
133,56
133,113
134,113
135,194
136,268
137,177
137,184
140,51
140,146
141,109
142,122
145,45
145,224
147,115
148,78
149,128
150,148
151,43
151,61
154,77
154,278
156,39
156,248
158,42
158,130
159,35
160,219
163,18
165,39
166,49
167,83
167,178
170,106
171,192
172,90
172,264
176,261
176,275
178,276
181,129
182,72
185,145
186,161
186,190
187,245
190,79
190,196
191,137
191,226
194,96
195,80
197,125
198,16
198,268
199,66
199,192
201,206
203,140
204,34
204,173
204,232
204,282
204,294
205,70
205,199
206,298
207,235
209,133
210,223
211,14
211,186
214,53
214,118
214,172
216,79
217,214
218,126
220,154
220,223
221,213
222,23
222,32
223,266
225,12
225,163
226,283
227,277
228,36
228,157
229,175
229,228
230,8
230,117
231,191
232,9
232,124
232,212
233,265
237,286
238,105
239,270
241,15
241,226
243,21
243,119
245,170
247,150
248,209
249,107
250,49
250,274
250,292
251,106
251,167
254,37
254,128
255,280
256,156
257,15
259,168
259,182
260,59
260,139
260,191
260,202
260,299
261,155
264,98
264,158
265,107
265,237
270,259
272,151
273,66
274,135
274,290
278,41
278,234
280,20
281,271
282,67
284,28
284,260
284,263
286,17
286,278
287,21
287,71
287,295
288,183
288,247
289,95
289,295
291,13
292,50
292,56
292,141
292,207
293,31
293,103
296,179
298,108
299,46
