source,target
0,283
1,73
3,107
4,274
5,204
8,299
10,249
10,292
12,153
12,232
14,64
14,166
14,218
16,280
18,177
19,28
19,267
21,110
22,24
23,263
24,65
24,188
25,5
25,90
28,1
28,106
29,114
29,177
30,199
30,219
30,273
31,169
31,262
31,289
33,49
34,68
34,265
35,259
36,131
38,241
39,126
39,252
41,60
41,88
43,116
43,251
44,79
45,2
48,19
51,147
52,4
53,72
53,192
54,9
54,219
58,130
59,32
59,181
63,269
64,66
68,28
68,197
69,191
70,27
70,198
71,103
72,137
74,115
74,129
74,266
75,31
76,158
76,184
76,272
78,166
78,242
79,11
79,26
79,71
79,101
80,148
81,96
82,139
83,176
84,152
85,108
85,208
86,171
86,174
86,281
90,156
93,201
94,15
95,278
96,158
96,282
97,154
98,14
99,63
101,86
101,149
102,213
104,266
105,180
105,223
107,225
109,157
109,160
110,186
111,7
111,66
112,21
113,74
114,77
116,17
116,93
116,293
117,75
117,208
118,244
119,138
122,240
124,196
126,132
127,33
127,89
128,243
129,15
129,86
129,239
130,23
132,167
134,111
135,21
135,284
136,268
138,199
139,42
140,123
141,109
142,144
142,164
143,290
146,121
146,229
147,18
149,13
149,50
149,298
150,64
150,114
151,270
152,288
156,256
159,276
160,87
162,36
163,277
164,239
165,39
165,212
166,261
167,228
168,157
170,9
173,125
175,89
176,22
177,155
178,145
178,175
179,112
180,38
180,127
181,246
182,55
182,105
183,150
183,205
184,118
185,214
188,36
189,43
189,194
190,83
190,226
191,71
193,29
197,217
198,117
199,192
200,146
202,260
203,180
204,189
206,168
207,163
208,67
209,94
209,133
210,234
211,123
211,197
213,247
214,60
214,272
215,40
216,30
216,97
219,235
220,26
221,245
222,102
223,52
223,229
226,37
226,91
227,34
228,0
228,6
228,258
228,264
230,46
230,207
231,85
232,70
233,35
233,285
236,143
236,291
237,206
238,165
238,195
239,57
239,255
240,90
240,187
242,12
243,59
243,120
244,233
246,202
247,124
248,61
249,135
250,76
253,17
253,92
254,47
254,286
257,51
258,250
259,95
260,141
263,151
265,78
265,148
266,3
266,56
266,172
269,290
270,20
270,102
270,109
270,268
273,182
274,292
275,107
276,87
276,245
277,24
277,58
278,203
278,271
279,62
279,77
280,237
284,2
284,141
284,161
284,231
286,139
286,224
286,264
287,100
287,215
287,295
288,20
288,61
291,238
292,125
292,210
293,287
294,224
295,254
296,252
297,159
298,68
299,156
