source,target
0,167
1,135
2,45
2,109
2,216
3,71
3,92
3,113
4,52
4,187
5,180
6,13
6,85
7,66
9,4
9,245
10,272
11,173
14,64
14,194
14,220
19,225
21,103
21,208
23,222
24,186
26,189
27,169
28,110
28,260
29,65
30,274
31,143
31,155
32,227
34,98
36,150
36,229
37,299
38,231
40,242
43,15
43,96
43,128
43,262
45,155
45,232
45,289
46,166
46,264
47,51
47,134
48,79
52,122
52,295
55,22
55,118
57,176
57,249
58,171
59,32
59,82
59,271
60,204
61,233
62,235
64,237
65,80
69,181
72,45
72,294
73,196
74,26
74,168
74,299
76,57
76,108
80,78
80,206
81,283
83,121
86,19
86,131
88,41
88,177
88,193
88,203
89,93
90,247
92,91
93,163
96,20
96,30
97,43
97,163
98,28
99,136
100,281
103,53
104,197
105,267
112,27
113,207
114,282
115,297
117,141
118,289
119,255
121,14
121,42
121,188
123,96
124,251
125,83
125,113
127,22
128,72
132,172
132,263
133,207
135,117
136,21
137,216
138,119
138,240
139,75
141,149
145,241
145,281
146,33
146,97
147,272
148,146
148,157
151,89
152,61
152,84
152,267
153,60
154,73
154,298
155,144
155,286
159,212
160,217
160,238
161,254
164,88
164,142
165,39
165,145
168,23
169,74
170,199
171,129
171,159
171,174
172,156
173,35
173,132
174,175
175,178
177,18
177,40
179,206
180,130
180,195
180,229
180,259
181,25
181,36
182,87
182,250
184,203
185,41
186,154
187,270
188,79
191,214
192,0
194,162
196,102
196,125
197,11
197,49
201,99
201,134
202,230
203,140
204,119
205,165
208,67
208,68
208,245
209,7
209,279
210,258
214,264
214,265
215,106
218,284
219,54
219,141
219,147
219,253
219,275
220,28
220,224
221,102
222,50
222,241
223,244
223,277
224,85
224,198
224,234
224,268
226,266
227,190
228,114
228,158
230,107
230,218
231,17
231,232
232,70
233,142
235,95
235,147
238,278
242,33
242,215
243,126
244,2
246,122
247,205
248,183
249,78
249,191
250,148
250,222
251,160
251,170
252,51
254,15
257,77
258,31
259,44
259,77
259,204
259,273
260,116
261,211
261,298
263,219
263,225
263,256
265,81
265,226
266,107
266,182
266,200
267,56
268,285
269,189
270,75
271,162
273,164
273,236
275,24
278,115
279,297
280,16
280,276
281,63
282,30
282,94
283,0
284,239
285,7
285,120
285,171
285,183
287,12
287,280
288,95
289,8
289,101
290,287
290,291
291,243
292,87
292,213
293,12
293,76
294,3
295,293
296,104
297,111
