source,target
0,95
0,105
1,112
2,129
3,151
4,38
5,148
10,6
10,159
12,45
12,117
12,128
12,159
13,127
15,21
15,51
15,123
15,155
16,98
17,163
17,197
18,73
19,142
19,173
19,197
20,96
21,62
23,153
24,4
24,69
27,103
27,106
27,183
28,58
28,178
30,97
30,172
32,81
33,119
34,58
36,29
36,158
36,196
37,49
37,69
37,176
38,104
38,185
39,56
40,52
41,17
42,133
43,113
46,156
48,80
48,126
50,165
51,24
51,146
53,122
53,134
54,162
54,198
55,102
57,195
58,26
58,33
60,40
60,101
61,132
63,136
63,137
63,190
64,52
66,83
67,11
67,65
68,102
68,189
69,112
71,2
71,168
72,88
74,34
74,37
75,85
77,36
77,47
77,90
78,147
81,167
82,118
84,9
84,78
86,141
86,161
87,31
87,92
88,16
89,76
91,166
92,3
93,107
93,185
93,186
95,175
97,49
97,67
97,157
98,191
99,74
103,109
105,160
109,44
109,66
109,81
109,94
110,116
112,14
112,40
112,113
115,114
115,138
116,70
117,111
117,180
118,20
120,39
120,80
120,145
121,41
121,96
121,108
123,25
124,130
125,53
126,72
126,79
127,12
130,180
132,124
133,121
135,10
137,91
137,134
139,42
139,116
140,193
141,47
141,168
143,115
144,167
147,188
148,178
149,183
150,146
150,179
152,63
153,89
153,93
153,199
154,39
156,67
159,35
160,73
161,59
162,84
163,15
163,68
164,104
164,117
164,190
165,22
165,57
165,131
166,100
166,105
166,187
167,8
169,194
170,155
170,182
171,161
175,114
175,174
177,154
181,48
184,125
187,54
188,27
191,82
192,110
193,62
194,119
195,28
196,21
197,151
198,7
198,85
