source,target
0,156
0,174
1,166
4,112
6,12
7,97
8,143
9,50
10,175
11,30
11,192
12,61
15,128
15,190
16,150
17,22
17,108
20,198
21,111
22,47
23,127
23,141
27,72
33,60
34,140
35,131
36,24
36,136
37,73
38,94
39,93
42,121
43,71
44,133
45,31
46,180
48,18
48,92
51,151
53,126
53,171
54,157
55,186
56,120
57,27
57,45
57,134
58,74
58,140
58,147
58,163
60,103
61,3
61,7
61,148
64,156
65,34
65,137
67,0
67,121
68,14
68,69
71,53
74,37
74,90
76,48
76,152
76,181
77,8
77,46
77,172
78,114
79,86
81,148
84,170
84,185
85,28
85,41
85,146
86,83
88,41
89,50
90,75
91,132
92,23
97,36
98,3
99,196
100,62
101,153
101,162
103,59
103,102
105,49
106,40
106,189
107,188
108,25
108,54
108,144
108,198
109,118
110,65
111,85
113,43
114,6
114,176
115,177
115,187
116,66
116,70
116,77
117,189
118,82
118,197
119,22
120,167
123,172
124,98
127,4
127,122
128,127
129,94
129,138
130,29
130,68
130,99
130,128
130,164
131,125
131,159
132,168
133,10
134,16
136,49
138,115
139,116
142,113
145,100
146,76
146,95
149,122
151,107
153,2
153,16
154,32
154,68
154,83
154,194
155,24
157,11
157,74
157,158
159,99
164,17
164,100
164,104
165,160
165,179
166,25
166,117
167,135
167,162
169,168
171,67
173,26
173,165
174,154
175,123
178,80
178,155
179,20
180,5
180,130
180,136
182,60
182,64
183,44
183,87
184,150
185,93
185,135
186,91
187,110
188,147
188,169
189,195
190,63
190,96
191,81
192,52
192,101
194,13
195,9
197,19
197,145
198,193
199,161
199,178
