source,target
0,5
0,67
0,105
0,159
1,16
2,71
3,61
3,148
4,64
4,158
6,46
7,133
8,17
9,127
10,183
10,193
13,35
14,84
15,174
15,196
17,4
17,182
18,48
18,131
20,112
20,151
21,36
21,74
21,158
23,53
23,171
23,191
24,156
25,123
26,102
28,170
28,190
30,29
30,97
32,53
33,28
33,140
34,100
35,117
35,179
36,197
39,106
43,27
43,173
44,42
44,131
44,147
44,194
45,31
45,138
46,1
46,39
46,116
48,76
50,81
50,186
51,34
51,136
51,164
52,14
52,60
54,62
55,72
58,74
58,176
60,111
62,56
62,113
64,28
65,110
65,137
66,50
68,75
74,11
75,58
77,1
78,86
78,88
78,122
79,55
80,27
80,57
81,150
82,126
83,66
85,19
85,167
86,89
87,162
90,65
90,77
90,100
91,93
92,118
93,107
93,141
96,183
97,51
98,168
99,54
100,37
100,41
100,108
102,185
103,6
103,23
104,134
105,38
105,142
106,161
110,95
111,145
115,15
115,169
115,177
116,70
116,157
117,12
119,49
120,32
121,26
123,33
123,113
123,138
124,73
124,78
125,104
126,143
127,23
129,109
129,119
130,52
132,63
132,91
132,168
133,172
140,180
141,79
142,10
144,14
145,166
147,104
147,115
148,0
149,44
149,189
150,137
151,196
152,89
152,101
153,2
153,95
154,149
155,191
156,40
156,49
156,67
160,20
161,59
161,143
161,152
162,47
162,94
162,192
163,65
165,160
166,69
166,116
166,128
167,22
167,103
168,146
168,152
171,199
173,135
174,178
175,47
177,173
178,139
178,195
179,165
179,181
185,198
187,37
188,107
190,133
191,184
192,112
193,132
193,140
195,24
195,92
198,114
198,144
