source,target
0,67
0,102
4,54
4,164
5,126
5,174
6,159
7,114
7,140
9,50
12,197
13,182
14,20
14,180
16,93
17,61
18,137
19,77
20,71
21,68
22,47
22,77
22,167
23,45
26,58
27,143
27,154
28,4
30,12
30,156
31,109
32,13
33,140
34,37
34,64
34,119
38,1
38,43
38,49
38,105
39,25
40,157
41,108
41,162
42,48
42,193
44,60
44,86
44,125
44,171
44,194
45,125
45,138
47,103
49,63
50,18
50,195
51,0
52,104
53,120
55,57
55,72
55,79
56,132
59,164
60,76
61,184
62,124
63,30
65,17
67,65
68,182
69,1
69,58
70,101
71,2
71,53
71,81
71,92
72,160
73,5
74,3
74,21
74,64
74,192
75,66
77,15
82,94
82,118
84,95
84,105
89,152
90,75
90,172
91,117
92,87
93,107
96,198
97,65
97,100
101,54
101,155
106,173
108,91
108,112
108,121
108,190
110,90
111,46
113,175
114,22
116,35
116,75
116,80
116,198
123,25
123,29
123,74
123,82
124,188
126,79
127,38
127,122
129,135
130,144
131,6
132,148
133,110
133,193
135,96
136,142
137,67
137,106
137,134
139,3
139,199
140,85
140,128
142,11
142,28
142,36
142,185
145,47
147,16
147,88
147,150
148,127
149,189
150,178
150,181
151,56
151,92
152,177
153,16
154,174
155,151
156,62
157,31
157,158
158,136
159,21
159,24
159,41
159,99
161,59
165,98
166,145
167,8
167,146
167,187
169,168
170,121
170,176
172,7
172,130
173,43
173,165
175,10
177,139
177,189
179,78
179,168
180,46
181,123
183,72
183,78
183,83
183,149
186,191
187,44
187,52
188,89
190,133
191,129
193,113
195,141
196,99
196,163
198,115
