source,target
0,24
0,148
0,158
1,69
1,164
3,193
4,131
4,157
7,25
8,152
10,7
10,166
11,157
11,159
12,130
14,140
15,33
16,174
17,41
17,61
17,74
17,182
20,198
21,62
27,179
28,51
29,196
30,138
31,109
32,117
36,26
37,22
39,46
39,106
40,106
41,105
41,122
44,60
44,152
44,187
44,194
45,125
47,145
50,9
50,178
53,165
54,102
54,114
55,35
56,155
57,134
58,42
58,84
58,110
60,76
60,167
63,70
63,160
63,197
64,22
64,190
65,34
66,53
66,83
67,175
69,21
70,195
71,143
72,80
74,97
74,99
75,115
76,101
77,172
78,37
78,179
83,31
83,96
83,188
84,77
84,158
85,41
86,79
87,13
87,107
88,78
89,71
89,86
90,103
91,20
91,65
92,87
92,137
93,21
94,82
94,89
99,180
101,146
103,143
104,118
104,163
105,196
106,161
111,68
111,123
112,147
113,43
113,108
115,119
116,36
117,35
117,166
117,189
118,38
119,52
119,129
120,80
120,154
120,199
121,62
124,49
124,61
124,151
125,169
126,76
126,169
128,58
128,185
130,68
130,187
132,70
132,168
133,93
133,156
134,104
136,142
140,182
141,86
142,19
142,116
144,25
144,69
145,88
148,51
148,98
150,81
150,184
153,2
153,71
153,101
155,151
156,6
158,30
158,112
159,190
160,137
160,149
160,186
162,33
162,108
162,128
162,192
163,10
163,36
164,11
164,180
165,18
167,64
170,14
170,52
170,95
171,146
172,1
173,102
173,177
174,73
175,48
175,95
176,170
177,17
178,150
178,174
180,5
180,46
181,48
182,100
182,135
183,40
184,120
185,127
186,191
191,47
193,59
193,96
193,139
198,97
199,23
199,59
199,171
