source,target
0,160
1,164
2,78
4,3
4,35
5,195
6,172
8,176
9,71
10,135
10,197
11,192
12,128
15,77
17,26
17,75
18,171
19,99
19,130
20,56
22,105
22,145
23,55
24,29
25,54
25,100
25,105
25,175
27,43
27,96
29,36
29,49
29,64
30,0
30,14
30,116
33,34
33,38
33,47
33,166
35,80
35,150
36,95
39,25
42,95
42,139
45,31
49,119
50,89
51,7
51,12
52,30
53,88
55,117
56,151
57,7
57,40
57,94
60,22
62,0
64,113
64,121
65,58
65,59
65,114
65,196
66,80
66,173
67,185
68,111
70,132
70,161
71,157
71,168
72,154
74,103
75,66
76,186
78,12
78,86
79,106
81,137
82,5
83,18
84,158
88,16
88,72
89,76
90,10
91,178
93,91
94,98
94,109
96,19
97,17
98,124
102,8
104,103
104,191
105,159
106,48
106,51
106,149
108,4
108,37
110,11
110,58
110,190
111,190
112,46
113,62
115,121
115,138
116,140
116,180
118,81
118,92
119,77
119,85
119,129
119,147
120,165
122,41
124,13
125,184
127,44
127,87
127,183
133,187
134,2
136,142
137,97
137,123
141,84
142,36
142,41
144,49
145,47
146,101
146,118
148,3
151,67
152,101
152,177
153,23
154,32
154,83
154,165
156,170
157,110
157,143
158,182
161,171
161,191
163,193
164,63
164,74
166,6
166,117
166,124
167,14
169,168
169,188
170,52
170,69
170,112
170,155
172,1
172,162
173,9
174,5
174,73
178,199
179,13
180,163
182,60
182,102
183,134
184,50
184,131
186,57
186,126
187,10
187,143
187,181
188,107
190,21
190,185
191,45
192,156
192,189
193,61
193,93
193,174
194,45
198,28
198,99
198,127
199,125
