source,target
0,70
0,258
2,280
5,35
7,23
7,98
7,271
8,137
8,289
10,77
10,260
11,223
12,179
16,73
16,99
16,286
17,292
18,76
19,136
22,61
22,65
25,20
25,294
26,25
26,281
27,90
28,32
28,46
30,187
32,24
32,56
33,270
35,101
38,153
39,150
40,246
41,295
42,238
43,111
43,279
45,33
45,280
47,62
47,122
48,37
50,215
53,203
53,298
54,135
55,290
56,166
58,261
59,145
72,123
72,197
74,25
75,48
78,154
79,285
81,54
81,67
81,120
81,155
83,51
84,142
84,256
85,267
87,259
89,279
90,88
91,191
95,26
95,140
95,187
97,283
99,80
99,183
101,56
101,190
104,66
106,93
107,127
107,151
107,293
108,230
108,294
110,103
110,139
111,82
111,205
111,285
113,53
113,253
113,273
115,106
116,202
117,128
118,148
119,252
121,66
121,68
121,126
122,85
124,47
124,220
125,182
125,232
127,31
127,257
128,78
128,97
128,276
128,297
129,275
131,104
132,13
132,114
132,250
133,24
134,243
135,112
136,157
136,180
136,206
138,176
141,9
141,117
141,245
144,147
145,21
145,28
145,61
145,149
146,156
146,225
148,57
148,129
148,214
153,138
153,198
155,241
156,113
160,57
160,188
162,84
162,264
164,244
164,247
164,299
167,96
167,195
168,240
169,110
172,55
172,63
174,6
174,225
174,258
174,292
175,248
177,0
177,83
180,186
181,178
181,179
181,204
182,274
184,1
184,143
184,174
185,18
185,52
185,110
186,127
186,134
187,170
189,123
190,184
191,213
191,272
193,68
193,105
193,107
193,237
194,219
194,268
194,291
195,223
196,50
197,193
197,249
198,8
198,69
199,115
199,165
200,7
204,49
204,76
204,124
204,201
204,234
205,146
205,192
206,64
208,229
210,74
211,34
211,118
212,39
215,100
215,173
216,88
216,234
217,138
218,168
219,102
222,27
223,15
223,109
224,265
225,36
225,158
227,209
227,299
228,226
228,249
229,106
229,251
229,262
229,266
231,195
231,210
232,221
232,296
233,171
233,231
234,92
236,16
236,214
238,19
238,259
239,33
239,288
240,291
241,224
243,141
243,207
244,77
244,108
244,202
244,219
246,44
246,216
247,212
247,213
248,41
250,147
250,161
252,242
253,14
253,42
253,159
255,164
261,293
263,86
264,172
265,105
266,72
267,3
267,94
267,208
269,43
269,161
271,140
275,48
275,173
275,277
277,242
277,269
278,130
278,247
281,97
281,263
282,206
283,235
284,29
284,169
286,254
288,233
289,40
290,199
292,4
292,287
294,152
295,60
295,170
296,71
296,163
296,181
