source,target
0,35
1,32
2,100
2,118
3,127
3,175
6,156
7,2
8,294
10,37
11,173
13,0
13,156
13,205
14,54
15,82
16,242
17,105
17,243
17,290
18,202
19,256
21,297
23,7
24,32
25,149
26,36
26,115
27,78
29,49
30,106
31,17
33,45
33,55
33,67
33,174
33,220
35,101
35,251
36,75
36,289
38,185
41,87
43,269
44,68
46,213
47,110
48,203
50,16
50,99
50,215
51,210
53,4
53,227
53,247
55,63
57,135
57,267
60,13
62,64
62,206
69,90
69,178
70,9
70,51
73,77
74,158
75,107
76,286
77,256
79,171
79,221
80,299
81,180
83,278
84,72
84,80
84,140
84,212
86,53
87,236
87,277
88,211
89,71
89,254
90,111
91,167
91,193
91,218
92,159
94,265
96,59
96,154
97,203
98,52
98,104
98,118
105,33
105,130
106,262
109,108
112,291
114,132
114,281
116,238
117,186
118,285
119,59
120,92
120,204
121,286
122,155
123,280
124,119
125,73
128,97
128,117
129,29
129,152
131,215
133,84
134,61
137,150
138,39
139,221
140,109
140,146
140,234
140,271
141,225
145,144
145,170
147,34
147,182
147,232
149,46
149,197
151,146
152,103
153,40
153,198
153,296
154,66
154,102
154,244
158,253
159,77
160,57
160,287
161,79
161,137
162,25
162,264
162,276
163,172
164,288
167,82
167,166
167,249
168,143
168,153
170,30
170,295
171,22
171,49
171,138
171,145
172,27
172,181
173,41
173,255
176,125
176,137
176,148
178,202
178,268
180,91
181,169
183,196
184,65
184,235
184,250
185,27
185,52
188,96
190,5
190,56
190,93
190,231
191,166
191,265
192,205
194,214
194,219
196,8
196,97
197,95
197,113
197,195
199,157
201,44
201,50
201,76
206,20
207,101
207,165
208,266
209,285
210,42
216,122
216,200
216,241
216,284
217,12
217,162
219,138
222,60
223,241
225,142
225,183
226,116
228,123
230,47
230,177
230,272
231,31
231,187
231,298
233,210
233,239
236,16
236,292
237,133
238,270
239,1
239,26
239,147
240,89
240,179
240,252
240,275
241,224
243,21
243,58
243,238
244,163
245,95
245,157
245,233
246,88
246,276
247,217
247,229
248,3
248,134
249,235
249,258
251,28
251,75
253,113
254,85
254,111
254,260
257,127
257,237
257,249
259,56
260,189
261,287
262,14
263,9
264,126
266,105
268,201
269,246
273,141
273,274
278,160
279,8
279,47
279,216
280,257
281,230
282,259
283,151
284,11
284,14
284,108
284,169
288,20
288,42
290,136
291,22
292,245
293,114
293,135
294,10
296,90
297,283
