source,target
1,33
1,177
1,219
5,246
6,46
6,226
6,245
7,123
9,31
10,48
10,112
10,284
11,78
11,120
12,86
12,207
13,156
13,162
16,176
16,276
17,248
18,240
20,25
20,84
22,85
22,142
22,143
24,72
24,210
26,107
28,106
30,28
32,21
32,51
33,132
33,147
33,239
37,197
37,275
38,29
39,130
41,92
43,222
44,11
44,67
44,216
46,165
48,155
49,214
50,19
51,82
53,47
53,58
53,193
53,199
55,17
57,64
57,151
57,229
59,83
59,95
60,150
60,201
60,221
61,200
61,204
62,15
62,33
62,136
63,191
64,220
65,238
68,121
70,134
71,139
72,262
72,273
73,269
74,158
74,256
77,43
77,104
77,131
77,171
78,70
80,99
80,140
81,128
82,42
82,164
82,261
83,278
84,212
84,259
86,206
87,34
87,39
88,110
89,161
89,279
90,153
92,126
92,277
93,289
94,101
96,113
97,25
99,90
100,190
101,105
104,79
105,45
107,17
107,48
107,190
110,169
111,210
112,74
112,182
112,274
113,106
114,263
116,59
116,124
116,297
118,16
118,98
118,285
122,49
123,63
123,224
126,254
127,3
127,257
129,87
129,148
132,0
136,35
136,59
138,232
141,12
142,145
144,151
145,12
145,146
145,270
146,249
148,5
148,66
149,292
150,8
153,29
153,88
153,98
154,244
156,111
157,266
159,7
159,181
160,87
161,36
163,209
165,117
166,155
167,114
168,125
168,270
170,94
170,213
171,24
172,127
173,168
176,40
178,66
178,77
178,108
179,102
180,133
180,187
183,31
183,62
183,225
185,52
185,102
186,206
189,280
190,211
191,101
193,68
193,189
194,222
196,209
196,237
197,15
200,119
202,188
202,271
202,294
203,133
203,135
208,252
212,263
214,76
214,253
215,2
215,75
217,50
217,91
217,295
218,117
220,173
222,23
222,198
223,195
224,221
228,42
228,114
231,57
231,113
231,192
232,36
234,56
234,128
236,69
238,94
238,116
238,223
240,2
240,52
240,172
240,230
241,47
243,132
243,184
243,233
243,251
243,267
244,248
247,53
249,3
249,19
249,180
249,204
249,258
250,184
253,14
253,202
254,231
255,103
255,277
256,272
258,44
259,205
260,140
261,61
261,115
262,227
263,242
264,22
264,218
266,54
266,208
266,247
267,283
268,27
268,224
268,234
269,163
272,290
273,4
273,141
278,281
279,41
280,89
282,73
282,235
285,264
286,18
286,71
287,0
287,174
288,105
289,71
289,137
290,157
291,178
292,174
293,166
294,10
294,152
294,163
295,175
295,265
296,79
297,109
297,144
298,236
298,243
299,188
