source,target
0,26
0,202
1,219
3,270
4,68
4,195
6,48
7,139
9,70
10,132
12,42
13,21
18,248
24,293
29,67
29,69
29,176
31,199
32,37
34,240
35,278
37,9
38,14
39,97
40,138
40,291
42,41
44,88
45,33
46,215
48,10
48,250
49,7
49,77
49,81
50,214
54,128
55,239
56,44
56,283
58,144
59,265
60,171
61,224
62,17
62,47
62,183
65,23
65,58
68,289
69,27
69,87
71,78
71,103
71,242
71,260
71,286
72,42
72,142
72,210
73,106
76,217
78,145
78,248
81,13
82,140
82,184
83,4
83,105
83,149
84,101
91,257
92,88
95,57
95,245
97,146
99,29
100,31
100,39
100,80
102,66
102,185
102,271
105,266
108,98
108,109
108,189
108,256
109,297
115,2
115,84
115,157
115,261
115,287
116,233
117,80
118,56
119,123
119,218
121,186
122,12
124,204
125,112
125,182
125,221
126,279
126,296
128,124
128,276
130,246
131,104
131,299
132,114
136,229
137,178
137,200
139,71
139,110
139,220
140,93
140,213
145,83
146,63
148,57
151,1
151,107
151,280
153,103
153,104
153,138
153,168
153,171
153,204
154,8
155,35
155,94
155,154
155,197
156,247
160,84
162,53
162,72
164,170
164,295
165,99
166,116
169,110
169,181
170,206
170,213
171,232
172,181
174,95
174,258
175,73
177,0
180,59
183,126
183,258
184,19
185,244
186,25
186,210
187,175
187,252
188,129
188,236
191,174
192,148
193,238
194,18
196,227
198,222
200,234
201,214
201,223
202,69
202,96
202,153
202,253
203,243
204,38
204,277
206,64
206,75
206,86
206,146
206,298
207,111
207,205
208,282
211,5
212,191
213,28
213,133
214,113
215,151
217,60
218,264
219,59
219,194
223,51
223,162
224,108
225,70
225,105
228,287
230,20
230,163
230,272
232,268
234,136
235,22
235,135
235,249
236,26
236,79
237,35
240,52
240,150
240,276
241,38
242,74
243,61
243,233
244,188
245,46
245,205
246,90
247,290
247,292
248,11
249,164
250,161
250,259
251,17
252,119
252,179
253,159
254,260
255,127
255,152
256,5
256,43
257,251
257,270
258,120
261,212
262,167
262,227
262,229
263,107
263,141
263,193
264,6
267,33
267,134
267,143
267,184
269,222
269,230
269,295
273,158
273,177
274,196
275,49
275,85
275,173
275,221
276,16
280,89
281,55
281,226
282,73
283,58
283,187
284,11
284,152
285,36
285,118
285,209
287,231
288,91
289,55
289,147
289,216
289,246
289,285
292,237
293,235
293,262
294,131
295,15
295,197
297,190
297,253
298,30
298,53
298,115
