source,target
0,70
1,75
3,197
6,165
7,60
7,222
8,49
8,176
8,268
8,289
9,70
9,142
11,240
13,21
13,48
15,201
16,50
16,176
17,105
17,202
17,281
19,106
19,143
22,62
24,277
25,59
26,160
27,112
29,38
29,90
29,99
30,173
30,293
30,298
31,253
33,63
33,130
34,18
34,87
34,194
34,291
35,64
39,150
41,223
42,82
45,33
46,28
46,58
47,122
47,294
48,41
48,204
49,89
53,191
53,215
55,85
55,101
57,66
57,149
59,151
60,56
60,279
61,284
69,122
70,4
71,285
72,266
73,112
73,138
73,141
76,121
77,40
78,273
79,296
81,78
81,167
83,286
83,295
85,35
86,30
89,280
90,129
91,217
92,117
92,159
93,282
94,31
94,62
94,82
98,118
101,9
102,29
102,230
103,2
103,148
104,153
107,114
108,171
109,45
112,294
113,226
113,249
113,272
114,166
114,261
116,209
116,233
119,96
119,123
119,252
120,44
121,268
122,236
124,116
126,37
128,71
128,97
131,193
135,177
135,206
135,274
139,74
140,80
140,213
140,265
141,228
142,51
142,88
142,145
143,263
145,187
145,250
146,132
146,217
147,219
147,240
148,47
148,63
150,137
151,57
151,161
152,264
153,123
154,18
154,23
155,53
155,111
156,144
157,226
157,243
158,109
159,77
159,153
160,180
161,192
161,205
163,110
164,239
164,255
166,267
167,146
168,134
169,110
170,201
170,210
171,83
171,198
171,275
172,181
174,127
175,73
176,71
179,190
180,113
182,259
183,140
183,165
184,164
185,221
186,200
187,199
188,220
189,68
190,100
190,211
191,186
191,250
194,52
194,175
194,178
195,28
195,269
197,20
197,233
197,238
199,133
199,195
201,67
204,221
207,5
207,12
207,193
207,196
208,23
208,168
208,174
208,282
209,69
210,136
210,161
210,254
211,34
212,26
213,32
213,115
213,147
214,178
215,278
216,246
216,260
218,68
218,80
218,98
218,126
218,220
219,179
221,44
223,11
224,192
225,183
227,1
228,135
229,75
229,208
231,46
232,16
232,181
234,136
235,94
235,158
237,262
241,156
242,152
243,292
244,7
244,40
245,95
246,125
248,174
251,14
251,95
251,225
251,283
254,72
254,242
255,258
256,227
257,43
257,58
257,237
259,81
260,55
263,86
266,10
266,36
266,54
266,157
267,203
267,212
269,163
269,170
270,13
271,258
273,17
273,155
274,102
275,277
276,8
279,88
279,137
280,248
282,74
284,103
286,76
287,84
287,162
287,278
288,17
290,156
290,247
290,251
292,65
292,207
292,290
294,299
295,164
296,244
297,283
298,231
