source,target
0,186
1,36
1,107
2,240
3,211
3,262
6,266
7,49
7,281
8,23
9,225
11,76
11,218
11,284
12,155
12,172
12,283
18,137
19,226
20,133
20,142
21,264
22,4
23,154
24,64
25,1
25,42
25,67
26,2
26,19
26,147
27,69
27,121
27,179
30,105
30,157
32,37
33,257
36,60
36,165
36,225
39,97
40,220
40,276
43,71
43,275
44,68
44,204
46,149
47,75
47,88
48,275
50,196
51,46
53,262
55,174
57,82
58,267
61,45
62,174
63,17
63,54
64,251
65,57
65,208
67,92
69,227
72,237
73,232
74,38
74,131
75,113
76,18
77,111
78,95
79,163
80,5
81,120
82,35
83,286
84,193
85,15
85,118
86,116
87,29
87,37
87,99
87,122
88,11
88,269
89,119
90,121
93,140
93,183
95,100
95,290
96,113
96,119
97,146
98,153
101,55
101,82
101,273
104,8
105,5
105,143
108,106
108,112
110,77
110,220
110,294
111,43
111,138
112,34
114,238
114,293
118,2
123,255
123,258
125,49
125,254
126,122
126,183
126,285
127,52
127,175
127,233
128,99
132,162
132,168
136,255
137,161
138,112
138,152
138,222
142,135
142,234
145,247
146,160
146,180
146,272
148,66
148,103
149,259
153,48
153,61
153,102
155,100
155,124
157,241
158,159
161,292
163,110
163,230
163,244
164,288
165,87
166,35
168,83
169,279
171,16
171,231
171,244
172,47
173,103
173,249
176,126
177,70
177,109
177,229
177,265
180,68
181,155
181,159
182,81
183,31
184,228
184,229
185,188
186,191
186,210
189,22
190,249
193,139
193,278
194,27
197,3
197,167
197,235
197,252
200,107
201,43
203,53
204,38
204,221
205,58
205,192
205,288
206,86
206,239
209,16
209,129
210,73
210,250
211,139
213,51
213,199
213,267
213,274
214,176
215,50
215,280
217,127
219,59
219,102
220,271
221,79
221,178
221,224
222,23
222,194
223,85
226,14
226,101
229,266
231,195
232,150
232,188
232,268
232,296
233,212
233,231
234,246
235,263
236,69
238,41
238,75
239,115
239,283
242,109
243,134
244,248
245,13
245,50
246,130
247,156
248,170
250,28
250,91
251,114
251,156
253,26
253,173
254,56
254,260
256,84
257,237
257,256
258,92
258,117
259,81
259,125
260,55
261,9
262,202
265,94
265,277
268,181
270,33
270,243
273,197
275,10
275,22
275,132
277,270
277,285
278,297
279,67
280,240
282,86
283,151
283,187
285,264
287,39
288,54
289,291
291,201
291,216
292,105
292,141
292,177
292,207
295,135
296,198
297,44
297,144
297,234
298,215
299,284
