source,target
0,247
2,103
5,224
5,250
6,142
7,148
8,294
8,296
8,299
9,127
11,170
12,34
12,138
12,230
13,73
14,136
14,229
15,38
15,213
16,5
16,176
16,222
18,154
18,286
20,135
21,32
22,165
22,189
24,267
26,133
26,212
28,93
29,111
29,246
31,115
32,83
32,183
33,272
35,3
39,143
39,218
40,101
43,176
44,120
44,247
46,85
47,110
49,81
50,202
51,144
53,33
56,190
56,262
57,257
59,1
60,2
61,117
62,15
64,24
64,297
66,102
70,253
70,265
73,69
74,298
76,227
78,118
79,7
79,185
80,31
81,67
81,182
82,14
82,37
83,107
85,22
88,153
90,291
91,55
91,256
94,223
97,281
98,218
99,39
99,126
99,161
101,25
104,50
104,214
105,30
105,31
105,197
105,225
105,294
108,106
109,252
111,192
112,10
112,27
112,256
113,72
113,175
114,290
116,65
117,119
117,270
119,60
119,178
119,258
121,126
122,276
123,224
124,66
124,101
124,159
125,41
126,77
130,242
131,121
134,82
135,45
135,167
136,105
137,16
139,47
139,211
140,234
142,68
142,168
143,243
145,23
145,57
145,78
145,195
146,26
146,28
151,280
151,283
152,123
153,49
153,89
153,129
153,171
153,286
155,241
156,264
157,252
161,149
162,48
162,168
162,260
162,270
163,13
163,91
164,128
164,174
166,86
166,155
166,193
166,278
171,29
171,210
172,12
172,32
172,96
172,113
173,255
174,227
174,266
175,292
177,0
178,88
180,3
180,59
181,159
184,235
184,293
187,170
187,199
187,226
188,74
189,124
189,131
190,203
191,63
193,158
194,179
194,221
196,8
196,50
196,237
200,42
200,94
200,108
200,234
201,238
203,63
203,141
203,231
204,181
205,132
205,288
206,147
206,150
206,269
208,100
208,289
210,282
211,64
213,51
213,145
215,0
215,95
215,100
216,71
216,83
219,87
219,122
219,244
220,173
220,271
221,79
223,72
223,275
225,75
225,263
228,114
231,206
232,73
232,172
232,187
232,268
233,179
236,122
238,53
238,206
238,261
239,164
241,201
243,58
243,61
243,207
243,217
243,298
245,208
246,295
248,28
248,134
248,244
250,147
251,236
253,7
253,19
254,210
255,180
255,259
257,180
257,186
257,283
261,9
261,273
263,240
265,215
266,233
267,70
270,125
272,62
272,135
273,4
274,196
276,198
277,285
279,169
279,248
280,156
281,84
284,40
285,92
285,111
285,209
287,130
287,160
287,166
287,249
288,165
289,279
290,84
290,146
290,157
291,36
291,299
292,17
292,99
293,65
293,156
293,245
295,80
297,54
299,52
