source,target
2,253
4,117
6,13
6,108
6,130
10,16
10,31
10,35
10,182
11,72
11,260
13,170
13,264
14,138
16,98
17,67
19,84
20,268
21,238
22,41
24,208
25,231
26,123
29,54
29,256
30,112
31,186
32,237
33,32
33,271
34,195
34,274
34,297
38,170
39,69
40,34
44,52
44,222
45,78
47,157
48,78
51,81
52,19
52,295
55,92
56,68
56,71
58,157
58,208
58,296
59,185
60,50
60,151
60,243
60,270
61,107
61,146
62,190
63,46
64,165
64,285
64,293
65,214
66,153
66,249
67,239
67,251
68,193
70,105
70,244
70,251
73,287
74,96
74,269
75,215
75,285
77,195
80,247
81,7
82,83
84,18
84,104
85,12
85,299
86,4
86,30
88,171
89,248
89,294
90,168
91,58
92,276
93,14
93,164
93,258
94,11
97,188
98,45
99,4
100,205
102,87
106,181
107,162
107,188
107,282
108,192
109,140
109,250
110,172
111,1
112,37
113,102
114,57
114,120
114,235
117,36
117,219
118,122
118,202
119,47
119,180
120,5
120,83
122,156
123,125
125,272
126,96
127,29
131,299
134,7
135,214
135,252
137,0
137,27
137,114
142,56
143,39
143,42
143,275
145,207
149,22
150,166
152,167
153,149
155,20
156,69
158,160
158,179
163,81
163,155
163,221
166,203
167,147
169,109
170,194
171,118
172,178
174,175
175,76
175,265
178,210
180,261
181,45
181,70
184,217
185,168
186,11
188,245
189,15
189,101
189,289
190,256
191,2
191,249
193,128
193,230
193,259
198,227
199,54
199,146
201,246
203,85
204,133
204,163
206,200
209,37
209,124
209,129
209,189
209,196
209,203
210,154
210,273
211,51
214,8
215,53
215,218
216,1
216,21
216,187
217,254
220,266
221,234
222,115
222,144
223,3
223,246
223,292
224,199
225,279
226,46
226,205
227,61
227,123
228,66
228,240
229,53
229,158
229,183
229,223
230,121
230,137
230,176
231,3
232,152
232,222
233,132
234,28
234,87
235,119
235,169
236,127
236,136
237,49
238,103
239,159
241,119
242,79
242,139
242,263
243,224
244,55
244,184
245,161
246,226
247,196
248,242
252,113
252,145
253,64
255,9
256,95
256,290
257,19
257,197
258,184
262,218
263,73
263,75
264,89
265,216
266,43
266,116
266,150
266,213
267,191
268,44
271,149
273,60
273,185
273,212
273,233
275,142
276,269
276,279
276,284
277,131
278,38
279,206
280,62
281,23
281,272
282,93
282,173
283,177
283,280
284,141
284,229
286,201
288,211
289,73
291,23
292,9
292,143
292,238
295,97
295,148
297,164
298,110
