source,target
0,66
2,21
4,86
4,135
4,141
5,87
5,129
6,25
7,296
8,184
10,63
10,220
11,178
13,168
14,248
15,107
15,201
16,55
16,60
16,72
16,282
17,160
17,282
19,1
22,25
22,131
22,149
22,261
23,159
24,64
27,241
29,151
29,283
30,154
31,186
32,85
32,145
33,98
34,116
37,228
37,243
39,59
40,187
42,41
44,40
44,224
45,258
47,278
48,75
48,90
52,61
52,242
53,9
53,128
54,265
56,266
57,167
58,29
59,139
60,36
60,168
60,237
62,11
64,39
64,89
65,289
66,245
70,129
71,171
72,53
75,134
75,244
77,34
78,48
79,24
81,174
81,213
82,276
83,65
83,73
84,19
84,50
84,146
87,32
87,143
87,210
88,164
88,205
93,255
94,272
95,44
95,217
96,93
97,102
97,234
97,241
99,218
99,299
100,102
101,4
101,165
104,51
106,179
107,173
107,247
108,155
108,195
109,269
112,44
112,126
112,259
113,152
114,207
114,264
115,92
115,222
116,96
116,169
117,219
118,112
118,296
119,98
119,284
120,100
121,281
123,125
123,233
124,206
126,68
126,226
127,297
130,101
130,203
133,281
137,35
137,114
137,231
138,150
138,250
139,239
141,113
142,22
142,93
142,161
142,182
148,81
148,216
148,286
149,38
149,130
149,151
151,229
152,137
152,214
153,291
154,253
155,142
155,278
155,295
156,71
156,163
156,215
156,293
157,17
158,106
158,181
158,223
159,52
159,147
162,189
163,104
164,26
164,83
166,105
170,85
170,99
170,196
170,221
170,277
177,283
178,40
179,204
180,119
180,298
182,46
183,251
185,61
186,27
188,57
188,105
189,91
190,115
191,224
192,108
193,217
196,132
197,210
198,176
198,205
199,246
201,236
202,230
204,249
206,153
207,122
207,232
207,265
208,30
208,69
208,144
209,175
209,254
209,287
211,21
211,80
211,91
211,190
212,294
216,3
216,67
216,109
216,181
217,103
217,172
217,194
218,20
218,268
219,107
220,110
222,140
223,285
226,156
226,183
226,262
228,118
228,245
230,53
234,28
234,148
234,274
235,221
237,209
237,227
238,56
239,279
240,175
241,200
242,6
242,133
245,49
247,12
247,199
248,77
248,263
249,95
249,219
250,8
250,90
252,133
252,288
253,275
254,273
256,57
256,62
256,220
257,235
260,123
261,258
264,5
264,76
266,1
266,41
266,295
267,222
268,16
268,123
270,109
272,35
273,75
273,136
273,271
276,43
276,162
279,144
279,225
280,157
281,111
282,18
284,74
284,88
286,290
289,170
289,279
291,290
292,74
293,192
293,211
294,103
297,70
