source,target
0,139
0,170
2,78
2,110
4,217
5,87
7,19
9,268
10,133
10,172
10,182
15,107
15,275
17,232
17,282
17,290
23,281
23,296
25,107
28,207
29,7
29,108
29,140
29,218
29,256
29,264
29,285
30,56
30,280
32,37
33,145
33,272
34,171
35,90
36,127
36,256
36,281
37,85
39,16
39,20
40,73
42,48
44,55
47,5
47,18
47,50
52,8
52,124
52,166
53,122
58,84
60,41
60,210
62,112
65,4
68,139
69,53
70,62
71,287
72,1
73,220
74,3
74,111
74,229
76,152
77,134
81,51
82,21
82,207
82,284
83,199
85,12
85,64
85,243
87,38
87,200
88,293
89,249
90,121
92,31
96,113
97,173
99,205
100,45
100,222
101,189
101,233
102,156
102,219
103,188
103,286
103,294
104,119
106,126
109,93
109,255
110,100
110,123
110,143
110,164
110,212
110,216
110,279
112,150
113,16
114,144
116,30
116,49
116,141
117,40
117,186
118,130
118,152
119,47
120,39
120,102
120,114
120,263
126,71
127,91
127,153
128,146
128,213
129,169
129,181
129,299
131,117
134,231
134,257
135,58
135,72
135,247
136,11
136,180
136,248
136,292
137,101
137,272
138,14
146,77
146,245
148,66
149,42
150,13
150,120
151,54
153,87
153,276
154,60
154,177
155,143
157,284
158,239
159,147
161,33
161,237
161,260
162,55
162,174
163,116
163,173
165,2
165,6
165,86
166,105
166,136
167,67
170,99
172,190
175,159
178,94
178,103
184,59
184,80
184,138
184,258
185,8
187,89
187,197
187,217
187,266
189,15
190,95
190,216
191,154
191,248
191,267
192,298
193,81
195,34
195,132
195,241
196,205
199,54
199,104
200,75
201,99
201,250
203,93
204,179
206,111
208,67
208,201
210,74
211,131
212,193
213,115
213,274
214,68
215,227
216,194
216,258
217,63
217,148
218,176
219,36
219,251
220,69
221,282
222,27
224,234
226,141
226,183
228,17
229,158
230,175
230,271
232,6
232,168
232,238
234,83
234,277
235,43
235,192
235,215
237,92
239,10
240,22
241,122
241,155
241,204
242,7
243,254
243,289
245,79
247,151
248,288
249,160
250,32
250,109
251,246
252,65
252,236
253,63
255,244
256,162
257,188
258,261
260,61
262,142
262,283
264,26
264,202
265,109
265,130
265,259
266,45
266,46
266,269
269,24
270,22
270,184
271,121
273,292
275,98
275,224
275,235
276,187
278,20
280,70
283,163
284,198
285,9
285,223
287,209
287,211
288,295
289,262
291,266
293,13
294,57
294,169
297,82
297,125
297,291
298,225
299,48
299,147
299,161
