source,target
0,55
1,10
1,124
3,135
3,269
5,278
6,51
7,126
8,294
14,166
15,111
15,189
15,264
16,72
17,131
19,197
21,233
23,226
26,249
29,54
30,86
35,162
36,93
38,182
38,200
39,297
42,122
42,250
43,78
43,97
44,129
48,178
49,15
49,157
50,217
52,203
54,100
54,153
56,30
59,91
60,245
63,246
64,32
64,239
66,137
66,164
66,228
67,208
67,235
69,4
69,39
71,151
71,251
72,216
73,262
76,175
79,202
79,287
80,201
80,221
82,181
83,53
83,164
84,271
85,193
87,22
87,102
87,168
89,17
89,59
89,72
89,283
90,256
92,35
94,272
95,190
97,60
99,88
103,37
103,144
103,286
104,55
104,121
105,64
105,194
108,47
108,192
109,156
109,169
109,175
109,255
112,27
112,290
113,7
114,5
115,114
115,128
115,138
116,34
116,238
117,31
117,34
118,9
118,47
118,85
118,119
119,110
120,61
120,77
120,210
120,274
121,16
121,227
122,33
122,106
123,125
123,195
123,227
123,232
124,25
124,107
124,182
126,49
126,225
126,291
127,265
127,275
130,296
132,201
133,117
133,281
134,77
135,40
135,57
135,113
136,215
137,213
137,279
138,149
139,198
140,19
140,128
141,232
143,159
143,229
143,267
144,45
144,142
144,237
144,247
145,73
146,42
146,155
146,211
152,251
153,51
153,109
153,117
154,170
154,243
155,148
155,277
156,37
156,207
156,215
158,160
158,163
158,184
158,285
159,8
161,36
162,107
165,65
165,139
168,260
170,18
174,56
174,59
174,81
174,154
177,176
178,101
178,179
178,295
179,26
179,181
185,96
187,63
188,118
188,150
190,1
191,258
193,82
193,186
196,231
198,170
198,173
199,88
202,13
203,263
204,83
205,106
207,20
207,28
209,160
212,140
214,257
214,259
217,285
219,236
220,74
221,61
223,75
223,98
224,12
224,74
224,165
226,143
226,209
230,8
230,41
230,90
230,202
233,104
233,292
234,98
234,253
235,48
235,124
240,46
240,133
241,2
241,40
242,32
244,57
245,68
245,73
245,171
245,174
246,172
248,19
249,29
250,99
250,161
250,299
251,166
252,168
253,147
253,176
254,110
255,167
256,127
256,263
257,58
257,134
257,282
258,93
258,214
261,180
261,236
263,222
264,89
264,196
266,240
269,24
270,70
270,84
271,69
271,129
271,207
272,136
273,212
274,112
274,185
275,11
275,67
275,130
276,115
276,183
278,43
279,64
279,206
279,218
279,230
279,246
280,20
283,270
284,62
284,211
284,261
286,147
288,216
289,209
290,291
291,252
291,268
293,71
293,105
298,192
