source,target
0,3
0,183
1,53
1,265
1,296
2,196
5,54
7,76
8,114
9,161
9,261
10,95
11,34
11,136
11,159
11,257
11,258
13,293
14,166
16,99
17,59
17,195
17,239
17,249
18,34
18,62
20,71
26,179
27,60
28,269
30,124
33,81
34,66
35,122
35,271
36,49
38,35
39,20
40,50
40,56
40,97
42,179
42,217
43,78
44,129
45,102
47,41
48,174
48,221
50,120
50,238
51,187
52,137
54,61
58,43
58,235
60,186
60,243
62,84
64,232
65,235
68,12
68,213
68,268
69,113
70,297
71,85
71,156
71,232
72,48
73,9
73,252
74,178
74,280
75,269
77,87
77,128
77,152
77,267
79,152
80,130
80,161
80,201
80,229
82,134
83,6
85,15
85,37
85,244
85,294
86,91
87,125
89,39
93,59
94,254
95,193
96,102
96,261
97,19
97,213
97,259
100,40
100,180
102,101
103,5
103,51
103,91
106,139
107,218
108,151
110,274
113,117
113,144
113,151
116,175
117,204
119,110
119,141
119,233
120,82
120,281
122,23
126,58
127,1
127,104
127,215
127,236
129,45
131,5
131,219
131,292
132,227
133,163
133,240
136,76
137,30
137,115
137,126
140,29
142,182
142,226
143,157
143,250
143,275
145,83
145,112
146,33
146,285
147,240
148,43
148,133
149,160
149,234
152,172
153,206
154,191
155,247
156,203
158,36
158,47
158,194
158,246
162,114
162,238
163,188
164,123
165,282
165,296
166,281
167,74
168,223
168,293
169,24
169,52
171,278
173,222
173,263
175,197
176,149
181,66
182,26
182,46
183,16
183,112
184,8
185,175
186,31
188,97
188,118
188,196
189,231
190,107
193,69
193,257
194,117
195,108
198,98
198,173
199,109
200,155
202,57
202,103
202,206
205,21
207,72
207,120
208,67
208,75
208,96
209,105
209,237
210,32
210,245
211,140
213,146
214,135
214,294
215,4
216,211
217,216
218,127
218,219
220,89
220,212
221,22
221,44
223,287
224,109
224,170
227,215
228,125
229,276
230,32
230,162
231,119
233,277
234,17
234,92
235,106
235,192
235,291
236,111
237,262
241,29
241,266
243,154
244,55
244,189
246,121
246,150
246,251
247,11
248,19
248,191
252,145
253,75
254,90
254,210
254,260
254,278
256,25
256,123
256,144
256,220
259,63
259,209
263,10
263,242
264,153
265,64
266,170
266,295
267,198
270,283
272,160
273,93
274,185
274,255
275,138
275,165
277,207
279,141
279,178
281,23
281,290
283,2
283,177
283,299
284,168
286,147
287,21
287,256
288,92
289,4
293,88
295,242
297,90
298,110
298,225
