source,target
1,34
1,142
2,67
3,135
3,141
4,158
4,247
4,263
6,281
8,52
8,103
8,225
9,120
10,86
12,280
14,166
15,20
15,226
16,94
17,157
17,239
17,267
19,8
19,242
20,74
21,96
21,237
24,229
25,65
27,112
29,146
30,118
33,76
33,127
34,73
35,137
36,147
37,228
40,107
40,108
40,124
40,185
40,207
43,78
43,221
44,95
44,129
44,242
45,172
45,258
45,291
46,292
47,35
50,204
51,85
51,140
51,265
54,272
55,170
57,145
57,256
59,251
62,234
64,282
65,131
65,294
69,215
71,105
71,272
72,184
75,42
75,62
75,178
79,84
79,89
80,98
80,247
82,21
82,48
84,213
84,246
85,71
85,254
85,280
86,90
86,256
88,277
97,40
98,186
98,198
101,182
101,231
102,45
105,3
105,22
105,70
105,298
110,16
110,89
111,1
112,274
112,290
113,152
114,58
116,61
116,66
117,133
117,194
117,289
117,299
119,224
121,20
122,53
122,181
123,101
123,195
126,57
126,155
126,230
126,235
127,56
127,153
127,229
128,5
128,110
129,151
131,117
136,100
136,138
136,250
137,252
141,26
141,210
143,227
146,77
147,221
147,297
148,12
148,81
148,204
148,226
148,266
149,111
150,47
151,184
151,296
152,208
152,295
154,177
156,13
157,7
158,179
160,275
161,142
163,59
165,58
166,205
166,281
167,162
169,80
171,34
173,154
173,158
174,146
175,57
176,149
180,261
181,30
181,66
181,159
181,236
181,240
182,46
183,18
184,111
184,278
185,125
185,167
185,213
187,294
189,113
189,270
191,216
192,298
193,144
194,277
196,18
196,55
197,175
199,37
201,132
202,30
203,218
203,233
203,282
204,228
205,0
206,61
207,156
207,276
209,189
209,223
212,260
212,269
215,16
215,132
216,91
217,49
217,63
218,104
218,268
219,36
219,96
222,31
222,232
224,44
226,60
230,51
233,102
233,141
234,28
234,97
236,87
237,32
237,92
238,19
238,106
240,188
241,207
242,139
243,150
243,191
244,118
247,188
248,169
249,64
250,99
250,115
250,126
250,160
250,295
251,67
251,279
252,17
252,168
252,220
252,245
252,257
253,205
255,197
258,11
259,23
259,232
259,285
259,291
260,11
261,122
262,157
263,63
263,136
263,267
265,109
267,130
269,200
271,68
271,115
272,9
272,211
273,93
273,174
274,134
275,41
275,143
275,190
277,264
279,144
279,219
281,214
283,28
284,128
284,288
285,29
285,33
286,8
287,165
287,271
290,124
292,253
292,258
293,38
293,156
293,196
296,29
296,83
296,162
297,39
297,241
299,43
299,164
