source,target
1,221
2,106
2,124
3,80
4,72
4,112
4,233
5,293
8,284
10,254
12,139
16,145
18,38
18,285
20,84
21,50
22,147
25,189
25,224
25,275
28,14
28,32
29,152
30,118
30,123
30,154
31,69
31,88
31,150
32,35
32,264
36,6
36,129
39,18
39,81
40,100
41,87
41,253
42,263
43,119
45,123
46,11
48,78
48,94
48,168
48,237
50,31
50,203
51,187
52,91
54,102
55,92
55,296
56,137
56,232
57,153
57,202
57,256
58,5
58,29
58,43
60,97
60,234
62,130
63,291
63,295
64,133
64,172
65,270
66,0
67,64
67,167
68,85
71,141
71,269
73,197
75,241
75,297
78,114
80,183
82,2
82,128
83,93
83,204
86,7
86,42
86,117
86,182
87,236
90,223
91,51
91,62
91,202
95,190
98,289
99,117
99,171
100,205
101,19
101,24
101,28
101,77
101,165
102,247
103,282
103,294
104,173
105,3
105,22
106,208
108,107
108,192
111,281
113,54
113,252
114,1
114,27
114,162
115,9
115,276
116,259
118,188
118,251
120,158
120,214
121,212
123,17
123,110
124,80
124,103
124,209
125,100
125,132
125,193
125,228
128,122
128,284
129,33
131,68
133,207
136,144
136,166
136,273
137,238
138,198
140,34
140,120
143,151
143,250
143,278
146,15
146,174
148,191
148,239
149,45
152,76
155,30
155,70
155,115
156,20
156,139
156,226
157,47
157,184
159,279
160,163
160,248
161,240
161,250
163,62
163,229
164,16
164,20
167,11
169,135
169,161
170,92
170,277
171,260
172,23
173,41
174,143
175,185
176,230
177,154
178,116
178,261
179,106
181,129
184,26
184,39
186,283
187,186
188,127
188,170
188,268
189,98
189,113
190,243
191,29
191,195
193,144
193,283
197,16
197,59
197,175
197,257
198,227
200,220
202,74
204,37
204,239
204,267
206,21
207,53
207,82
207,265
209,196
210,102
215,272
216,160
219,96
220,134
220,287
221,67
221,215
222,248
226,237
226,262
230,130
231,218
232,10
232,101
234,104
234,281
235,275
236,235
236,280
237,217
241,27
241,109
242,6
242,13
242,61
242,128
243,125
244,112
244,245
245,60
246,89
246,164
247,199
250,126
255,274
256,79
256,90
259,63
260,71
264,44
264,83
264,287
266,49
266,75
266,142
267,249
268,218
269,181
270,179
270,201
271,247
273,66
273,178
274,272
275,292
277,48
277,194
278,99
279,212
279,219
279,225
281,286
282,136
283,213
283,258
285,194
287,211
288,251
289,65
290,95
290,96
290,120
292,131
292,150
293,141
298,110
298,180
298,192
299,43
299,138
