source,target
0,13
2,22
3,123
6,41
6,86
6,172
9,209
10,63
10,282
11,254
11,275
13,220
14,248
15,20
15,98
15,149
15,195
16,273
17,107
17,239
17,286
19,146
19,213
20,37
20,49
20,277
20,280
25,101
28,245
29,109
36,158
36,281
38,99
41,70
41,102
41,194
41,218
42,87
45,64
46,13
46,273
47,108
48,246
50,24
50,153
50,248
52,119
53,111
53,215
54,148
56,36
57,31
57,197
60,118
60,237
62,1
62,283
64,142
65,262
65,284
66,291
68,62
68,142
68,239
68,252
72,50
72,189
73,95
73,169
74,130
79,274
81,257
82,244
83,26
83,259
85,244
85,264
85,289
87,143
87,170
89,65
89,160
91,51
91,161
91,281
92,35
92,128
92,165
93,83
93,166
97,19
97,181
98,23
98,183
98,243
101,4
101,12
103,124
103,203
103,211
108,89
108,192
109,7
109,74
109,199
109,250
109,269
110,164
111,236
112,126
113,99
113,117
113,233
114,58
114,150
115,53
116,272
117,197
117,267
118,171
119,180
119,268
120,150
121,24
122,93
123,71
123,74
123,240
125,297
126,2
126,132
127,16
127,140
128,122
128,242
131,222
132,195
136,98
137,73
139,156
140,276
142,105
143,230
144,266
150,28
153,127
154,89
154,151
157,114
159,8
161,149
162,257
163,187
164,39
164,84
164,237
165,100
166,251
168,60
168,124
171,141
172,145
174,59
174,154
175,210
177,283
178,247
182,10
184,34
184,75
184,138
185,178
185,280
186,249
187,116
188,155
191,152
192,298
196,188
196,231
198,163
200,96
200,168
201,145
202,82
204,21
204,68
204,276
205,196
206,57
207,95
207,133
207,241
209,240
210,2
211,219
213,115
213,185
214,169
215,54
215,117
215,171
216,25
216,67
220,139
221,43
221,78
222,67
223,18
223,90
224,61
226,16
227,202
228,178
229,289
230,8
230,47
231,18
232,216
233,61
233,119
233,190
233,292
234,44
234,104
235,185
237,32
237,55
238,106
239,44
240,147
241,62
241,106
241,134
241,162
243,30
244,167
244,221
246,299
247,80
249,17
249,77
252,4
252,113
252,135
253,176
253,205
255,174
256,79
256,217
258,29
258,69
258,173
258,259
258,290
259,294
260,181
261,27
261,258
263,94
263,179
263,256
264,114
264,204
265,157
266,5
267,40
267,152
267,208
267,212
269,58
269,184
270,189
271,238
272,9
272,33
272,193
274,206
275,136
276,5
277,88
277,293
278,261
280,188
282,221
286,76
287,234
288,224
289,129
290,102
291,235
295,131
296,243
297,54
297,279
297,285
298,110
298,225
299,162
