source,target
0,202
0,293
1,110
1,114
2,119
3,227
4,106
4,218
5,64
5,278
6,143
6,293
7,223
8,159
9,155
10,133
12,224
15,156
16,32
16,215
16,261
17,194
17,221
17,286
17,290
18,74
18,94
18,150
20,84
20,104
20,262
22,207
23,288
25,37
25,65
25,248
27,28
27,77
29,172
31,57
33,81
33,223
34,131
34,133
35,271
36,60
36,116
36,129
36,241
37,259
39,203
40,252
40,257
43,280
44,141
45,129
46,8
47,165
48,47
48,78
48,154
48,174
50,19
50,120
50,189
50,236
51,66
52,248
55,23
55,237
58,186
60,41
60,79
62,82
62,112
62,197
64,146
65,164
66,252
67,211
68,139
70,181
71,200
74,151
74,247
74,266
75,235
76,59
80,161
82,246
83,145
83,271
83,279
85,187
86,123
87,41
88,20
89,85
90,127
90,179
95,44
95,152
96,91
97,32
100,9
100,54
101,72
105,132
105,182
106,109
106,269
106,292
107,195
108,192
109,36
113,135
114,27
114,115
115,130
115,193
116,52
116,93
117,12
117,17
117,49
117,86
117,99
118,5
118,30
118,127
120,98
121,24
122,256
126,163
127,11
128,134
131,89
134,188
135,3
136,100
136,180
140,294
141,215
142,220
143,200
145,197
146,190
148,263
149,208
149,299
150,73
151,24
151,43
151,234
153,254
153,264
154,277
156,37
157,49
158,38
158,239
159,102
159,292
161,169
161,209
163,62
163,214
163,272
164,66
164,103
165,42
165,205
166,281
167,162
168,94
170,231
172,113
173,210
175,102
176,253
177,283
178,21
178,213
178,250
181,250
183,266
184,148
185,53
185,237
187,63
187,76
187,233
188,56
188,126
188,162
189,137
190,25
191,224
193,19
193,125
198,55
199,107
199,232
199,235
201,286
203,216
203,218
204,40
207,75
209,196
210,178
210,209
211,2
211,160
211,165
211,258
215,13
215,71
215,260
217,128
218,171
219,204
219,242
220,69
220,217
221,244
222,111
225,166
226,255
227,198
228,240
230,95
230,213
232,238
233,4
235,192
237,212
238,72
238,251
238,270
240,46
241,155
243,282
244,226
245,26
246,57
246,117
247,147
248,281
249,86
249,186
249,229
250,68
253,234
253,275
253,291
255,29
256,91
256,241
257,61
261,122
262,18
263,120
263,285
264,87
266,137
268,105
268,291
270,33
270,158
270,184
273,34
274,230
276,140
276,183
278,26
280,118
282,14
282,173
282,287
283,51
284,265
284,276
284,289
285,47
285,206
288,267
288,284
293,170
295,185
296,7
296,144
297,124
297,296
298,180
299,92
299,138
299,153
299,222
