source,target
3,46
8,5
9,152
9,164
10,44
12,66
13,117
14,79
18,178
19,1
19,13
19,92
20,180
21,174
22,189
23,62
25,9
25,50
25,122
25,179
26,96
26,195
27,105
28,98
28,100
29,88
29,196
32,193
32,199
33,6
33,139
34,122
35,162
38,56
38,64
39,128
40,118
41,14
42,35
43,57
43,148
44,97
45,13
46,183
47,3
48,60
49,135
50,5
52,47
52,163
54,73
55,59
55,106
56,49
57,130
59,12
61,22
61,30
62,138
62,177
62,192
66,6
67,141
67,160
68,94
69,54
69,180
73,99
73,108
74,16
74,78
76,148
77,11
77,43
78,42
78,65
80,55
83,154
84,18
84,40
84,107
84,110
84,127
85,185
88,24
90,68
91,75
91,132
92,146
92,147
94,14
94,61
95,2
95,7
95,31
95,103
96,143
97,171
98,30
101,199
102,7
104,32
104,33
108,191
109,142
111,45
113,15
113,100
115,26
116,51
118,17
119,58
120,80
120,182
125,109
125,157
125,171
126,159
127,198
128,50
128,116
128,187
129,160
130,28
130,70
131,196
132,63
132,83
132,88
132,176
133,23
134,74
135,125
137,81
137,126
138,38
138,156
139,52
140,133
141,106
141,185
142,4
142,114
142,120
143,70
144,104
144,149
148,93
150,40
152,134
153,123
153,167
154,27
154,169
154,172
155,136
155,144
155,184
158,34
158,121
159,72
161,165
162,37
162,82
162,155
165,175
166,20
167,161
168,150
170,10
170,60
170,72
171,89
172,69
173,32
173,119
174,86
174,92
174,112
174,151
174,166
175,67
178,25
178,53
181,91
183,95
186,11
186,124
188,184
189,140
189,145
190,21
190,36
191,87
191,90
194,123
196,71
197,0
197,77
