source,target
1,38
1,106
2,1
3,158
6,162
6,186
6,199
8,187
9,27
12,184
13,21
16,9
16,74
17,160
20,42
22,61
22,146
25,3
25,190
26,5
27,41
27,164
28,126
28,130
29,93
30,94
31,102
31,157
32,177
33,6
33,71
34,69
36,1
37,82
37,100
39,80
40,154
41,48
41,142
41,198
42,65
43,0
44,91
45,44
45,152
46,20
49,135
50,25
51,31
51,117
51,120
52,51
52,90
53,30
53,178
53,180
55,145
57,124
59,12
59,67
59,105
63,30
64,135
65,131
67,143
68,89
69,171
75,163
76,28
77,101
79,98
81,103
81,192
82,2
82,13
83,43
84,5
84,109
86,78
86,151
87,108
87,191
88,116
89,15
89,46
91,161
92,86
93,192
95,60
96,64
96,80
96,174
97,23
97,49
98,53
98,131
101,11
101,47
103,75
104,71
105,73
106,56
107,45
109,127
110,123
111,4
112,174
114,91
120,58
120,119
122,85
122,120
123,87
123,194
125,99
125,138
126,111
126,137
126,189
127,122
128,133
129,193
132,47
132,176
133,79
134,67
134,168
136,73
138,14
138,23
138,113
139,118
139,170
139,197
140,16
141,40
144,149
145,178
146,92
146,111
146,193
147,58
148,143
149,155
150,13
150,96
150,181
151,32
152,70
152,150
153,35
153,128
154,10
154,84
156,107
157,59
158,34
160,7
160,88
160,159
163,183
165,8
165,162
166,156
167,90
169,130
171,166
172,165
173,61
173,182
175,114
176,141
177,115
177,185
178,18
178,124
178,196
179,62
179,190
180,24
180,76
183,139
184,172
185,50
185,121
187,60
187,97
188,21
188,54
190,43
191,72
191,112
191,116
195,14
196,144
197,140
198,115
199,19
199,66
