source,target
0,43
2,39
2,90
3,9
4,97
5,31
5,64
5,67
7,159
8,50
8,164
11,16
12,44
12,59
12,184
13,130
14,132
14,195
16,141
17,0
17,73
18,61
20,49
20,98
20,161
21,6
21,57
22,126
22,183
23,4
24,124
25,88
25,167
27,87
27,105
27,171
28,16
28,151
29,147
32,51
32,89
34,122
38,64
39,33
40,30
42,65
42,180
43,121
44,29
45,40
45,112
46,109
48,28
50,37
51,10
53,121
54,42
54,71
55,35
55,126
55,137
55,165
56,14
57,193
60,19
60,185
61,7
62,103
62,187
68,95
69,144
70,72
72,108
75,93
75,123
75,166
77,1
83,43
86,96
87,108
87,176
87,191
88,169
92,170
93,52
94,148
97,75
97,100
99,125
100,127
100,143
101,77
101,162
102,122
102,189
103,85
104,18
106,7
106,138
109,163
110,154
111,46
111,114
111,132
113,13
113,31
113,86
113,106
114,96
115,32
116,157
117,100
118,17
118,91
119,74
119,77
120,79
120,174
121,58
122,80
128,116
129,1
131,12
131,196
132,30
134,123
136,179
137,94
139,15
139,20
140,3
143,133
146,63
146,78
146,177
147,47
147,115
149,26
149,188
150,153
150,156
150,181
151,199
152,27
153,142
155,26
155,144
157,52
158,130
160,138
161,60
161,95
162,23
163,63
163,120
165,81
165,89
166,190
166,197
168,150
169,2
170,3
171,107
172,135
173,19
174,168
175,118
177,154
178,25
178,66
179,36
179,62
180,76
180,136
180,172
181,125
181,139
182,84
182,113
185,39
185,152
186,131
187,56
187,165
188,54
189,41
189,111
189,145
191,82
191,194
192,50
192,93
193,149
194,175
196,24
197,0
197,140
198,177
199,99
