source,target
1,82
1,185
4,114
5,84
5,139
6,105
8,29
8,52
8,60
8,182
9,47
9,142
9,164
11,101
12,55
12,58
13,5
14,74
15,46
16,143
17,149
22,16
22,146
22,168
23,88
24,124
30,0
30,98
31,39
31,175
32,111
32,163
32,193
34,111
35,36
39,2
39,109
40,122
41,49
43,152
44,89
45,93
46,36
46,138
46,174
49,51
49,70
50,32
51,173
51,194
56,135
58,106
59,120
66,57
68,90
69,172
70,99
71,34
71,178
72,4
72,102
73,108
74,35
75,140
75,183
76,28
77,11
77,31
77,65
77,110
77,148
79,118
80,152
82,27
84,77
85,97
85,100
87,15
87,117
88,132
88,197
90,87
90,89
90,137
91,92
91,132
91,156
92,115
93,52
94,30
98,136
98,179
99,192
103,167
104,18
105,104
106,94
106,130
107,146
109,75
109,131
110,154
110,169
111,134
111,189
112,86
114,86
115,26
115,50
115,60
116,51
116,165
117,37
118,159
119,130
124,180
124,186
125,66
127,67
127,198
128,116
128,118
131,42
131,48
132,113
133,23
135,97
135,114
135,147
136,73
137,64
138,56
138,96
138,162
140,38
141,61
141,140
142,126
142,157
143,195
144,68
144,104
144,155
147,43
150,45
151,28
151,177
153,12
153,95
155,149
158,21
159,160
161,91
161,184
163,10
163,72
164,108
164,170
167,156
170,8
170,158
171,147
173,63
173,176
174,20
174,166
176,81
177,194
178,19
178,25
178,53
180,178
181,10
182,40
182,120
182,187
183,44
185,3
185,121
185,141
186,7
186,33
186,145
188,54
188,83
190,9
190,57
190,78
190,172
191,62
191,174
192,123
192,129
192,161
195,153
196,199
198,83
198,85
199,54
