source,target
0,76
1,38
1,108
1,185
2,108
2,132
3,44
4,97
5,13
5,128
6,11
6,33
8,5
8,60
8,95
9,152
11,34
12,148
14,89
18,6
18,178
18,186
19,17
21,19
21,45
21,111
23,103
24,124
25,9
25,47
26,10
26,149
27,125
28,117
28,190
29,118
30,63
30,76
30,99
31,181
32,126
35,184
35,192
36,179
37,188
37,198
39,2
40,83
41,16
41,125
42,28
42,131
43,77
44,151
46,138
50,177
51,116
52,56
53,33
53,148
53,180
54,73
56,19
58,102
58,135
58,168
59,121
60,48
61,27
61,112
61,142
61,152
62,179
64,68
64,82
65,42
66,12
67,127
68,90
68,127
69,14
71,178
72,22
72,119
72,139
75,52
75,103
76,166
77,0
77,197
81,115
81,138
81,176
83,75
84,175
85,60
86,92
86,112
86,157
87,135
88,171
90,147
92,55
94,61
94,150
96,113
97,29
97,156
98,53
99,35
99,172
101,11
104,155
105,59
106,82
106,130
107,100
108,79
108,189
109,63
110,40
110,74
110,84
110,169
111,177
112,100
113,132
114,91
115,167
115,168
115,181
116,25
116,133
117,158
118,73
119,39
120,21
120,66
120,80
122,120
123,197
128,49
128,143
128,171
128,187
129,193
137,134
140,15
140,43
144,194
144,196
145,98
145,129
146,72
149,162
151,164
151,174
153,8
153,141
154,122
154,136
154,161
155,26
157,31
159,45
161,20
162,160
163,10
163,54
163,114
165,163
167,32
167,89
167,153
170,59
170,146
172,24
172,165
173,51
174,92
179,70
180,30
180,57
180,78
182,102
183,62
183,141
185,93
185,95
187,7
187,145
188,105
190,57
191,86
191,90
194,123
195,143
199,134
199,149
