source,target
0,88
1,182
1,197
2,117
2,132
3,46
3,165
3,192
4,125
4,127
5,118
6,73
6,149
9,24
9,101
10,31
11,47
11,61
12,55
12,121
12,147
15,7
15,87
16,140
18,92
19,1
21,111
21,188
22,58
22,126
22,198
23,95
23,138
25,9
25,81
27,49
27,151
29,3
30,40
30,94
31,39
31,41
31,84
32,72
32,173
33,57
35,168
35,190
39,2
39,32
40,164
41,61
41,115
42,11
44,174
46,19
46,44
46,91
46,123
47,166
47,167
48,83
48,131
49,51
50,153
51,10
52,29
52,75
53,78
54,44
56,91
57,18
57,193
58,158
59,105
59,178
64,38
64,68
65,98
67,187
68,190
69,144
70,92
70,129
70,130
70,177
71,24
74,108
74,134
76,79
77,43
78,17
79,14
79,108
81,192
82,135
82,191
85,48
86,36
87,25
88,160
90,13
90,137
93,62
93,128
94,113
94,141
95,161
96,26
96,133
96,137
96,138
97,117
98,30
99,131
100,37
102,175
102,189
103,21
105,104
106,159
107,150
109,41
110,40
110,77
111,189
113,102
114,27
114,178
116,23
116,186
118,60
118,185
119,70
119,141
120,13
122,80
125,172
125,181
126,142
127,157
128,5
128,143
128,150
134,180
135,20
135,59
138,140
138,160
139,66
139,72
139,194
141,45
141,136
141,161
145,7
148,0
149,105
150,34
150,171
151,28
152,36
153,167
154,48
154,127
155,179
156,109
159,191
162,176
163,63
163,107
163,168
163,183
166,89
169,154
170,8
170,139
172,65
172,78
173,163
175,114
176,182
178,124
179,122
180,69
180,110
185,1
185,121
185,152
187,100
187,119
189,146
191,112
193,184
195,8
196,71
196,199
198,122
198,181
