source,target
4,123
5,39
6,149
7,159
8,139
9,134
9,187
11,101
12,0
13,168
14,41
14,195
16,10
16,74
16,83
18,6
18,19
22,15
22,64
23,157
25,103
25,170
26,96
27,167
27,184
28,103
28,126
29,129
32,50
32,132
33,6
34,11
35,199
37,8
37,188
38,163
41,151
42,20
42,65
43,53
44,32
44,151
45,107
46,7
46,76
46,95
48,98
49,56
51,142
52,88
52,140
52,153
54,42
54,44
55,5
55,28
56,13
57,186
60,25
61,114
62,133
62,177
63,2
63,119
64,105
64,135
67,72
68,97
68,125
70,164
72,61
72,173
73,17
73,136
74,108
75,166
76,180
78,65
81,177
81,198
82,2
82,112
82,121
84,143
85,117
85,179
86,159
87,160
88,12
89,165
90,171
91,81
91,138
93,29
93,185
94,68
94,102
95,31
95,156
96,116
96,150
99,184
101,66
102,87
102,108
104,71
104,155
106,1
106,57
108,79
108,130
109,39
111,196
113,59
113,176
115,131
116,13
116,189
122,40
122,58
122,80
122,141
123,3
123,194
126,9
126,110
128,47
131,35
132,36
133,172
135,43
135,82
136,100
139,14
141,94
141,189
143,100
143,106
144,104
145,21
146,22
147,162
148,0
148,77
148,98
148,121
149,124
150,51
150,128
150,163
152,80
154,127
155,69
155,193
156,27
156,89
159,118
160,55
161,3
161,157
161,158
161,170
162,7
162,30
166,52
167,115
169,79
171,85
171,107
172,21
172,148
172,154
173,16
173,19
173,113
173,175
174,92
174,192
176,182
178,66
179,70
179,120
179,122
181,91
183,62
183,137
187,24
187,46
187,178
190,36
190,73
191,86
192,26
192,129
193,146
197,77
199,57
199,144
199,196
