source,target
0,43
0,160
1,197
3,187
4,114
5,128
7,145
7,181
7,186
9,127
10,17
10,51
10,70
10,120
12,55
13,5
13,116
14,79
15,62
18,178
21,120
22,56
23,95
24,172
25,28
28,55
31,198
32,104
32,132
35,125
36,34
37,100
37,194
39,32
40,49
41,9
41,40
42,54
42,65
45,141
45,175
46,23
46,182
47,9
52,42
52,75
52,118
52,122
53,163
55,93
56,185
57,6
57,53
57,101
57,105
58,5
58,135
59,114
59,130
60,48
61,16
61,106
61,146
63,30
66,111
66,184
67,94
67,141
68,64
70,161
73,108
76,136
76,169
78,17
79,139
82,1
82,112
83,198
84,143
85,151
86,22
87,82
88,3
88,123
89,156
89,162
92,116
93,29
95,38
95,117
96,133
97,60
99,30
102,8
102,19
102,59
103,166
104,26
106,80
107,45
107,63
107,84
107,167
108,164
110,169
113,50
113,119
115,4
117,37
117,69
117,158
118,60
119,40
119,63
119,74
121,43
122,142
123,11
124,28
124,57
125,31
125,126
125,168
130,154
131,145
132,113
134,150
135,10
135,15
137,81
137,96
138,174
139,33
139,91
140,89
141,136
141,176
143,96
143,109
145,129
146,173
146,189
148,98
148,175
149,188
151,44
152,66
152,70
154,27
154,151
154,179
155,104
156,91
157,103
157,147
158,2
159,86
161,165
163,31
163,54
164,143
165,90
166,171
167,153
168,68
168,195
170,46
170,72
171,88
174,25
178,180
180,77
181,39
181,192
183,115
184,34
184,35
184,188
184,193
185,45
187,7
188,71
188,144
189,0
189,170
190,18
190,73
191,159
194,27
194,191
195,14
195,20
195,134
196,24
196,177
196,178
197,107
197,139
199,144
