source,target
0,43
2,135
6,21
6,66
6,105
6,199
7,145
8,170
10,154
11,186
14,74
16,140
18,21
18,77
18,104
19,60
23,3
23,103
27,87
28,41
29,153
30,33
30,76
30,102
31,4
31,5
31,125
32,72
32,113
33,157
34,48
34,55
34,179
36,86
37,115
37,188
40,28
41,32
42,98
42,131
43,6
44,54
46,183
47,164
50,8
51,128
52,177
53,186
57,180
58,12
58,101
60,38
60,83
61,168
62,13
62,75
62,89
62,90
62,93
62,168
62,177
63,146
65,42
67,183
68,16
68,97
68,162
70,99
70,111
71,144
72,8
72,39
74,126
76,169
77,34
77,155
78,17
78,20
78,149
80,96
81,95
84,49
84,175
86,159
86,182
87,72
89,156
90,56
91,14
92,118
93,88
94,117
94,191
96,133
96,146
98,30
98,132
100,190
101,57
102,31
103,50
106,56
107,171
108,1
108,160
109,4
109,49
110,40
111,97
111,196
112,70
113,15
113,141
114,69
114,137
115,64
116,115
117,2
118,150
119,173
120,59
120,129
120,139
121,53
121,148
122,80
122,198
123,25
123,174
125,161
128,143
130,135
130,161
134,67
136,100
138,22
138,140
139,58
139,79
141,24
141,44
141,91
141,147
141,163
141,195
142,181
143,45
143,67
143,82
143,109
143,164
145,131
147,107
147,187
148,197
150,96
152,36
153,10
154,35
154,151
154,190
155,73
155,144
157,127
158,130
161,108
161,185
162,38
162,78
162,90
165,185
166,91
168,181
171,68
171,69
171,125
172,148
173,51
173,176
174,44
174,167
178,7
179,84
180,53
180,134
182,187
183,81
184,27
184,188
184,193
185,85
186,124
187,9
189,24
192,26
192,120
194,123
198,151
198,189
