source,target
1,182
3,91
3,164
3,189
5,18
5,139
7,1
10,88
10,181
11,101
16,47
19,18
22,15
22,37
22,114
23,97
23,162
24,71
25,116
27,82
27,85
27,92
27,125
27,198
28,41
28,145
29,8
31,55
31,57
31,143
32,126
33,157
36,48
38,44
38,64
38,162
39,117
40,110
43,121
45,61
45,146
46,20
47,101
47,190
51,116
52,42
53,178
54,6
54,188
55,80
56,38
56,49
56,96
57,158
58,12
59,175
60,115
61,0
64,2
64,22
64,194
67,143
69,6
70,99
70,119
70,177
71,144
72,14
72,44
72,183
74,36
74,155
75,97
76,79
77,31
77,65
77,98
78,17
78,42
79,120
81,95
81,176
82,53
82,56
83,16
84,87
84,111
86,187
88,12
88,25
88,52
88,171
90,62
90,192
91,170
95,23
97,100
97,156
99,184
102,195
103,157
105,104
108,73
108,191
109,189
110,131
110,154
111,4
111,74
111,86
113,138
115,26
115,142
118,108
118,152
119,141
120,10
120,169
121,148
122,25
122,27
123,72
127,83
128,9
128,102
129,193
131,66
132,30
132,159
135,84
137,55
139,52
140,75
141,185
142,28
142,68
142,122
143,93
144,69
144,104
145,124
147,167
148,29
150,51
152,13
153,43
154,161
155,109
159,86
160,156
161,127
161,185
163,22
163,32
165,7
166,81
166,167
167,20
167,89
168,96
168,134
168,192
170,21
170,60
170,133
170,158
170,175
171,103
171,107
171,117
172,199
173,63
173,87
174,112
174,133
174,138
179,35
179,98
180,134
180,136
182,8
182,94
182,106
182,128
182,130
185,34
186,131
188,73
189,50
190,28
191,90
193,196
195,168
196,184
197,0
197,166
199,54
199,149
199,151
