source,target
1,23
1,77
3,194
4,72
4,191
7,158
8,95
9,24
9,25
9,114
9,190
10,115
10,168
10,181
13,45
13,92
13,102
14,69
14,73
18,196
19,1
19,17
21,6
21,18
22,137
22,141
22,183
23,167
25,110
27,122
27,194
28,145
29,139
29,148
31,4
32,104
32,107
36,19
39,7
39,117
40,114
44,15
46,56
46,134
46,140
47,61
51,99
52,103
52,170
53,186
54,163
56,27
56,49
57,21
62,8
64,106
65,125
68,144
71,34
71,54
72,67
72,198
73,155
74,78
78,31
78,42
81,161
82,53
83,43
83,188
83,198
84,175
85,122
86,112
86,160
87,176
89,44
89,137
90,2
90,52
90,94
90,187
91,81
91,162
93,55
93,75
94,30
94,68
94,96
95,82
95,117
96,113
96,174
97,48
98,83
100,151
103,151
104,33
105,64
106,108
106,113
107,125
107,156
107,197
109,68
111,66
111,132
115,26
115,138
116,88
116,128
116,189
117,100
118,0
118,75
118,150
118,185
119,158
120,16
120,80
123,46
125,127
126,39
126,97
128,47
130,70
130,101
131,115
131,184
132,14
132,63
132,124
132,159
134,22
135,59
135,90
135,195
136,98
140,38
141,37
142,51
143,153
147,47
147,58
147,167
148,143
149,199
150,10
150,22
151,51
152,164
153,12
153,35
153,84
153,110
153,177
154,79
154,169
155,11
155,179
156,171
157,185
158,121
160,118
160,129
160,169
161,20
161,29
163,135
164,50
165,70
166,44
171,5
171,100
172,133
173,146
174,146
175,41
175,159
176,182
178,120
180,76
180,136
182,170
184,11
186,116
186,145
187,60
189,16
189,111
189,133
189,164
191,62
192,129
193,32
194,92
196,131
199,57
199,101
