source,target
0,241
1,291
3,71
3,251
4,299
5,92
7,273
11,263
13,83
15,26
16,12
16,207
16,217
17,262
19,170
20,291
21,83
22,44
22,178
23,196
28,57
29,72
29,168
29,215
30,238
32,137
33,171
33,225
33,279
33,296
34,56
36,250
38,124
38,175
39,94
40,14
40,160
42,292
43,289
46,88
46,143
46,223
47,22
50,247
51,35
55,23
55,165
56,48
56,87
57,213
58,39
59,24
59,157
60,33
61,246
63,9
68,47
71,73
72,13
72,80
72,257
76,70
76,179
77,0
77,37
77,259
81,27
84,139
84,161
84,205
86,221
86,234
86,274
87,209
87,212
87,259
87,267
89,150
89,294
90,299
93,118
93,182
95,162
96,227
97,264
98,297
99,52
99,169
100,239
101,200
101,247
103,64
103,188
103,243
104,227
105,288
106,120
106,278
111,106
113,7
113,90
113,115
113,181
114,142
116,206
116,284
117,74
117,174
117,203
119,10
119,78
120,172
120,286
122,24
122,94
122,190
123,275
124,6
124,128
125,18
125,208
126,154
127,211
128,82
128,108
128,233
130,149
130,152
132,232
135,13
135,141
136,133
136,159
137,41
138,20
138,27
142,7
144,36
144,158
144,283
145,22
146,220
149,277
150,58
154,127
155,153
156,67
156,84
159,34
160,118
160,121
161,132
164,145
164,202
166,116
167,43
167,250
168,233
168,270
169,31
169,46
170,255
171,199
174,148
176,11
177,134
178,19
179,30
179,110
179,253
181,55
182,78
182,230
183,210
184,30
184,106
185,272
186,101
190,90
193,75
193,93
193,112
194,278
195,237
196,102
196,173
196,295
197,261
198,51
198,95
199,153
199,197
200,139
201,123
202,192
202,297
203,5
205,85
206,68
207,100
208,3
208,54
208,103
209,191
211,287
214,165
216,89
218,49
218,226
219,131
219,277
220,60
221,28
222,82
224,222
226,198
228,266
229,37
229,240
230,53
230,113
230,149
231,215
231,285
233,140
235,195
236,95
237,16
237,47
237,276
239,228
240,177
242,177
243,51
243,65
243,147
244,15
244,156
245,1
245,8
245,204
246,107
246,243
247,180
247,263
248,85
251,166
251,253
252,117
254,129
254,225
256,45
256,61
256,137
256,163
259,79
260,194
261,130
261,143
262,148
262,216
264,238
264,249
266,183
266,244
267,69
267,167
268,114
269,57
269,66
269,144
270,50
270,62
271,2
272,136
275,290
275,293
276,104
278,151
280,119
281,105
282,170
284,91
284,265
287,192
288,2
288,81
288,201
289,184
290,25
290,29
292,109
292,122
294,187
294,258
295,9
295,235
298,164
299,189
