source,target
1,227
2,4
2,47
2,238
2,275
3,35
6,81
7,164
11,4
12,11
13,148
14,287
15,159
15,279
17,88
18,62
18,125
19,217
23,9
23,235
24,115
24,127
25,147
25,250
25,254
28,96
28,118
30,20
30,106
31,41
31,185
31,206
31,231
33,82
33,274
34,136
35,236
38,15
38,21
39,33
39,228
40,66
40,96
43,233
44,104
46,271
48,26
48,217
49,169
50,135
51,69
51,299
53,190
55,214
56,188
56,227
56,242
57,122
59,36
59,157
60,65
63,84
65,296
66,241
66,293
68,76
69,141
69,247
70,160
75,53
75,55
76,51
76,291
77,0
77,37
77,143
77,249
78,29
79,74
79,207
84,186
85,67
85,139
85,142
89,251
90,113
92,101
92,226
93,90
98,219
98,221
100,229
104,48
104,72
104,170
104,258
105,79
107,272
108,68
108,183
109,42
109,167
110,45
110,145
112,193
113,149
114,295
115,105
116,252
116,254
117,3
117,87
118,181
119,43
119,90
120,179
120,245
120,264
122,77
122,171
123,32
125,71
125,207
125,208
126,109
127,280
128,56
128,177
129,116
129,216
130,50
130,230
131,14
131,190
131,209
131,213
132,165
133,102
134,71
134,160
136,57
143,44
143,46
143,267
146,21
146,265
151,78
153,262
154,126
155,61
155,174
155,225
156,73
156,220
161,42
161,263
162,7
162,60
163,156
164,83
164,235
165,182
166,285
167,106
167,151
167,243
169,62
172,27
173,7
173,165
175,38
176,201
176,232
177,86
180,162
182,102
183,81
184,154
184,215
185,80
185,153
185,196
186,25
187,274
189,10
189,203
193,268
194,178
194,189
197,195
198,16
198,129
199,153
201,123
202,192
204,259
205,55
208,64
208,108
210,22
210,197
212,37
213,163
215,152
216,99
216,237
217,88
218,276
219,58
220,45
220,172
220,240
221,40
222,137
223,14
224,22
225,97
228,31
228,137
229,138
229,282
233,5
233,26
234,239
236,15
236,34
236,54
236,60
236,95
239,85
241,89
241,158
242,120
243,168
243,244
244,65
244,140
245,260
246,121
246,144
247,101
247,210
247,250
250,36
250,211
252,2
252,117
252,123
252,194
253,39
253,52
253,220
254,91
255,151
256,13
256,132
256,202
256,246
257,197
258,185
259,219
260,290
261,94
261,130
261,183
263,111
266,107
267,103
267,294
268,131
268,150
268,200
269,127
270,187
272,253
273,297
276,198
277,13
278,124
278,291
282,8
282,114
282,248
283,67
283,256
284,194
285,216
286,241
288,18
288,281
289,177
290,48
290,97
292,63
293,292
295,118
296,298
297,98
297,191
