source,target
0,47
0,295
3,255
3,257
4,79
5,226
7,112
7,142
7,163
14,209
15,159
15,246
17,242
18,261
19,156
20,178
22,150
22,236
23,165
24,127
25,16
25,240
25,286
27,227
28,149
29,60
29,285
30,222
31,240
31,247
33,2
33,74
35,170
37,130
37,183
38,166
39,233
40,71
40,180
41,46
41,52
41,237
41,299
42,126
42,205
43,21
43,146
45,94
45,288
46,155
49,224
50,269
51,263
53,84
53,214
53,269
54,289
56,6
56,34
56,171
56,267
57,101
59,23
59,63
60,296
61,100
65,33
65,177
65,294
66,56
67,139
67,156
68,279
69,258
70,104
71,160
72,31
72,242
73,136
77,48
77,180
78,281
79,105
79,189
79,259
80,243
80,250
81,89
82,140
82,167
83,21
83,199
84,119
84,191
85,42
87,225
88,58
88,123
90,132
90,212
93,230
96,73
99,147
100,219
100,282
101,118
102,80
102,273
103,197
106,110
106,122
106,245
107,19
111,161
112,182
113,24
113,213
115,59
117,276
118,241
119,268
121,201
121,238
124,38
124,135
125,138
128,195
129,223
131,14
134,50
134,86
135,62
137,125
137,179
137,262
138,39
138,197
139,122
140,264
142,114
143,187
143,261
146,85
147,10
147,58
147,271
150,284
151,206
152,0
152,27
154,35
155,169
157,13
157,256
162,53
165,211
166,68
166,116
166,225
167,151
168,249
169,65
169,178
169,236
171,102
173,28
173,144
173,292
174,228
176,158
176,244
177,164
177,270
178,35
179,251
182,280
183,77
184,210
185,267
186,172
188,3
189,12
189,203
191,55
192,57
192,131
193,4
193,175
193,181
194,141
196,191
198,72
200,157
203,117
203,160
204,2
205,192
207,25
208,275
211,90
211,109
212,51
212,254
215,128
215,278
216,22
216,153
217,237
218,104
218,238
218,275
218,294
220,270
221,259
222,216
224,148
225,129
226,33
226,92
227,17
229,89
229,172
229,246
230,7
231,184
232,40
232,190
233,8
233,43
234,239
234,277
236,159
237,1
241,106
241,120
243,36
243,145
244,290
245,64
245,124
246,73
246,133
248,0
249,176
250,193
251,174
252,51
252,98
252,194
253,215
254,108
255,168
255,187
256,266
257,26
257,289
258,185
259,97
260,257
263,11
264,32
264,116
265,220
266,232
267,49
268,75
268,173
269,9
269,24
270,76
271,135
272,107
272,235
273,111
274,86
276,44
276,218
277,137
278,95
278,162
279,41
282,67
282,202
283,18
286,66
288,78
288,105
290,29
290,98
291,208
292,297
293,144
296,82
296,163
296,184
297,234
298,15
298,91
298,287
