source,target
0,286
0,291
2,76
2,242
3,1
3,208
3,249
3,271
4,17
7,63
7,273
8,289
9,161
11,26
12,276
14,40
14,47
15,230
16,76
16,184
16,207
18,64
18,270
20,236
21,106
21,178
21,224
22,150
23,142
23,217
25,10
25,30
25,94
26,103
27,11
27,233
32,123
33,56
33,252
34,59
35,87
37,130
37,210
37,263
39,125
39,128
39,240
41,167
45,144
46,2
48,29
48,83
48,164
48,299
50,130
50,250
51,80
54,8
54,60
55,269
56,174
57,40
58,62
59,105
59,115
59,265
59,295
64,33
64,177
65,143
67,138
69,104
70,209
72,179
73,48
74,61
76,49
77,229
77,253
79,17
81,16
81,145
81,255
82,68
82,210
83,199
84,53
84,239
85,86
87,212
87,215
87,228
87,247
87,259
88,32
88,126
89,159
90,134
90,149
93,83
94,108
95,194
96,11
99,35
100,259
101,55
101,124
102,101
102,133
106,171
106,218
106,279
107,238
108,294
109,45
109,182
110,196
111,132
112,7
112,160
112,232
114,256
118,90
118,213
120,208
121,246
122,282
122,283
123,107
124,284
125,81
125,186
127,211
128,226
132,122
133,42
136,154
136,223
136,235
137,148
138,201
138,224
139,36
140,82
141,38
141,245
143,172
143,216
147,187
149,24
153,262
155,66
155,153
158,200
159,34
160,5
160,192
161,93
161,268
163,137
164,54
164,298
165,269
166,19
166,251
166,278
167,6
167,43
167,240
168,60
170,3
170,117
170,285
175,70
175,116
176,249
179,135
180,25
180,86
181,75
182,165
183,52
183,225
183,266
184,13
185,261
187,97
187,172
189,10
190,96
190,277
191,131
191,273
192,9
193,24
193,28
193,112
194,15
195,46
195,137
195,254
196,84
196,146
197,62
197,152
197,255
198,26
198,188
200,85
201,71
204,88
204,143
204,227
205,96
205,203
207,79
207,109
209,185
209,206
211,157
211,191
212,274
213,113
213,281
214,292
216,129
217,31
217,243
218,195
220,241
221,0
221,5
222,225
224,22
226,92
230,190
231,91
231,152
234,173
234,287
235,295
236,31
236,169
236,285
237,14
237,267
238,270
239,18
241,67
244,226
245,74
245,237
246,98
246,133
247,162
247,180
248,220
251,216
253,100
256,119
256,248
257,72
257,228
258,279
259,69
260,227
261,33
261,44
261,82
261,151
261,153
261,183
261,271
264,272
265,202
266,39
267,56
269,181
272,147
275,290
276,242
277,214
277,219
280,73
280,297
281,78
282,139
285,293
286,80
287,205
288,78
289,99
289,202
290,29
290,156
292,7
292,122
294,175
296,171
