source,target
0,152
0,248
0,291
2,35
2,204
2,242
5,236
6,140
7,112
7,173
12,203
12,230
15,159
15,198
16,103
17,4
17,74
20,252
21,188
21,278
22,231
23,275
25,167
25,180
26,11
27,52
27,81
30,82
30,184
33,245
36,108
36,109
36,286
37,30
38,106
39,229
39,270
40,115
42,161
43,119
44,3
45,144
46,99
46,204
47,41
47,49
47,148
47,224
48,225
50,134
50,269
51,69
51,151
51,279
55,280
62,197
64,283
66,0
66,153
67,298
69,116
70,76
71,239
72,65
72,143
74,219
75,201
77,186
77,255
77,259
80,63
82,128
83,72
84,55
85,86
86,250
86,274
87,237
88,20
90,160
91,298
92,5
93,79
93,118
93,295
94,139
95,1
96,16
96,60
96,129
98,67
101,92
101,250
102,171
102,201
104,223
105,111
106,141
107,123
108,56
110,59
111,132
113,90
113,286
115,45
117,58
117,89
117,257
118,101
118,280
118,287
119,53
119,63
119,265
120,288
121,138
121,246
124,34
124,193
124,216
125,207
127,268
131,152
132,96
132,134
132,263
135,140
135,289
137,25
137,61
137,64
137,174
137,229
138,145
138,233
138,240
141,26
141,37
142,133
142,265
143,10
143,77
146,235
149,129
149,161
150,19
150,85
152,130
154,59
155,183
156,122
156,240
157,196
159,146
162,7
162,92
162,293
164,83
165,167
166,155
166,272
166,285
167,147
168,270
169,99
171,33
172,157
172,264
173,75
174,88
174,251
175,70
176,3
176,232
177,2
177,215
178,279
179,18
179,29
179,81
179,210
181,84
183,31
184,8
184,14
184,185
184,209
185,267
186,234
186,292
187,294
189,40
190,192
191,123
191,273
192,213
194,15
194,95
194,145
194,228
194,260
195,206
196,24
197,29
200,47
202,128
203,124
204,154
206,17
207,172
208,256
208,290
209,217
211,150
211,158
213,241
214,9
214,277
215,278
216,169
218,195
222,74
222,125
222,262
222,276
223,41
223,68
224,194
224,227
225,116
225,253
226,78
226,260
228,266
229,73
229,220
232,71
232,288
235,23
235,136
235,282
238,1
239,18
239,121
241,211
242,120
243,76
243,168
243,212
243,237
244,39
245,170
245,179
247,215
250,22
250,57
250,221
253,208
254,97
255,271
256,13
256,45
257,244
257,249
257,296
258,36
258,294
261,56
261,247
263,51
264,32
264,80
267,199
267,299
268,105
269,28
269,126
272,254
277,114
277,137
277,256
280,297
281,23
281,182
282,164
283,67
283,94
284,131
285,222
286,163
288,100
288,107
289,177
291,104
292,53
292,214
296,54
297,205
299,48
