source,target
1,237
2,4
2,194
3,188
6,145
6,167
8,255
9,214
10,147
15,3
15,100
15,114
15,236
16,65
16,66
16,237
17,88
18,6
18,245
18,288
19,107
22,87
22,117
22,129
22,150
25,13
25,94
26,179
27,120
30,198
31,44
31,76
32,228
33,56
33,80
33,204
33,258
35,74
36,271
37,73
39,202
40,57
41,184
43,292
45,277
46,68
47,61
47,137
48,195
50,260
51,225
51,242
53,190
55,14
56,1
56,34
56,208
56,226
57,213
59,110
59,220
59,265
62,218
63,23
63,53
64,233
65,135
67,168
69,47
69,97
71,78
71,160
72,154
73,90
73,136
73,229
74,117
74,266
75,134
75,201
75,230
79,105
80,185
83,93
84,200
86,153
88,204
90,119
90,193
90,211
90,232
91,298
92,95
94,240
94,261
95,26
95,38
97,62
99,19
100,138
101,250
102,171
103,59
103,153
104,276
105,42
106,43
106,45
106,83
106,171
107,201
107,212
108,197
110,128
111,273
112,161
112,247
112,256
112,263
112,299
113,24
113,269
115,181
116,123
118,180
119,173
120,106
120,172
122,111
126,223
127,42
127,102
130,28
133,12
133,165
135,175
138,39
138,121
139,295
140,6
142,131
142,282
143,152
143,169
143,215
144,109
144,280
145,254
147,217
149,234
150,98
150,268
151,51
152,77
152,286
154,222
158,176
161,9
161,11
162,227
164,54
164,60
164,72
164,296
168,29
168,143
169,21
169,99
169,155
169,178
170,60
175,70
175,124
175,216
176,262
179,18
179,62
179,270
180,221
181,113
183,125
184,47
186,207
186,220
189,17
190,292
191,196
192,96
192,173
192,205
195,8
195,27
195,146
196,84
196,295
198,135
198,267
200,79
200,85
203,5
203,189
208,187
208,291
209,0
209,127
210,37
210,81
210,197
211,132
211,182
211,221
213,205
216,58
217,166
217,175
217,275
219,0
220,163
222,231
223,123
224,218
224,252
226,78
226,257
228,35
228,52
229,156
230,15
230,281
231,259
232,75
233,41
234,118
234,239
235,241
236,20
236,285
237,14
238,46
242,87
242,159
244,199
244,238
245,82
246,157
247,250
249,208
250,28
251,170
252,76
253,245
253,272
254,177
254,243
256,283
259,69
260,291
261,125
261,210
262,285
264,152
264,199
265,66
267,22
267,89
267,274
267,279
268,115
268,126
268,247
269,165
269,297
271,3
271,148
273,193
276,30
277,33
278,16
278,141
278,162
280,157
280,211
282,122
282,235
282,248
284,4
284,91
284,174
284,206
284,253
287,85
288,81
289,141
290,25
291,49
293,64
294,160
297,7
297,144
