source,target
0,66
0,187
0,259
1,166
1,227
3,81
4,212
10,17
11,270
12,50
13,6
13,286
14,55
14,189
14,232
15,244
15,246
16,187
18,39
19,74
19,171
20,218
20,291
21,171
22,261
23,200
25,76
25,83
27,77
27,222
27,260
29,72
31,22
31,48
31,258
32,107
32,123
33,156
33,175
35,1
37,40
37,151
37,203
38,79
39,125
39,239
41,31
41,52
41,147
43,15
44,299
47,70
48,2
48,11
48,164
50,16
51,167
55,109
56,34
57,40
59,265
60,33
61,107
62,141
63,213
63,268
65,143
66,155
68,108
76,49
76,233
76,237
76,242
77,66
77,97
77,100
77,183
78,71
79,105
80,250
81,60
81,89
81,288
83,142
83,298
84,150
86,28
88,183
90,7
90,118
91,254
92,5
93,161
93,295
94,115
95,38
95,162
95,177
96,53
98,58
98,67
98,121
99,140
99,194
101,92
101,214
102,80
102,85
102,127
102,265
104,70
104,206
105,144
105,165
106,279
109,154
109,190
109,207
112,146
112,192
113,24
114,119
116,69
117,206
117,262
119,53
119,256
121,99
121,148
122,24
122,106
123,207
124,128
124,224
126,269
127,182
127,200
128,245
128,275
128,277
130,184
131,130
131,158
132,232
132,234
135,68
135,215
135,216
136,133
136,223
137,61
138,245
139,32
140,110
140,226
141,255
143,135
144,280
144,293
146,163
147,10
150,98
151,78
151,278
152,27
153,180
153,236
155,134
157,136
160,173
161,42
164,235
164,253
169,22
174,137
177,82
177,86
178,25
178,104
181,113
182,63
182,131
182,209
184,14
185,59
187,168
188,251
190,115
190,247
191,209
193,75
193,101
194,124
195,240
196,287
197,145
197,210
198,103
199,91
199,279
200,149
204,254
205,90
208,65
208,289
210,62
212,204
216,117
217,19
217,36
217,126
217,284
218,60
218,153
219,26
220,29
220,186
220,199
222,104
223,231
224,227
225,178
229,220
230,42
231,272
233,64
233,229
236,69
236,159
236,225
236,285
238,228
241,0
241,211
241,286
242,276
243,103
244,54
244,176
244,290
247,46
247,56
248,23
248,163
249,54
251,3
251,252
253,73
255,30
255,138
256,46
256,202
256,208
257,260
259,219
263,37
264,45
264,172
264,241
266,152
266,228
266,272
267,185
267,198
269,191
271,261
272,235
273,7
273,111
273,193
274,160
277,114
278,51
279,8
279,51
279,87
279,129
279,170
280,157
280,221
280,297
281,101
281,196
282,139
283,296
287,102
287,239
288,120
288,179
288,201
290,29
290,294
292,112
292,173
293,240
295,9
295,264
298,296
299,82
