source,target
1,267
2,245
3,186
5,116
6,193
7,148
8,220
9,29
9,49
10,275
11,138
12,170
13,274
14,296
15,75
16,269
19,47
19,261
19,298
20,190
21,93
22,41
22,208
23,34
24,98
24,146
26,281
28,121
29,122
29,140
29,142
31,273
33,34
33,63
35,241
37,199
43,194
46,263
48,203
48,233
50,81
51,18
51,102
51,243
53,4
53,178
53,239
55,70
55,159
55,206
55,259
56,25
57,12
58,183
59,7
60,67
60,69
60,72
60,231
60,288
63,17
63,35
63,120
65,224
73,162
74,196
74,212
76,270
77,179
77,228
78,264
79,168
81,85
81,151
81,153
82,37
83,206
85,87
85,160
85,244
86,211
86,217
87,221
91,106
92,30
92,137
92,258
93,73
93,177
93,243
94,80
96,157
97,17
99,169
99,242
99,293
99,299
101,182
102,225
103,90
103,219
104,88
105,276
107,195
108,172
112,10
113,167
114,156
115,164
115,252
116,139
118,197
120,3
120,36
121,200
121,292
121,296
122,21
126,216
127,187
130,100
130,197
130,215
130,251
131,152
132,48
133,126
134,11
134,94
134,229
134,259
135,191
136,16
140,27
142,199
144,0
144,102
144,121
144,168
145,16
145,86
145,242
146,132
148,287
150,145
150,248
151,52
152,62
152,91
154,23
155,105
156,194
157,49
158,129
158,294
160,38
160,54
164,78
170,125
173,225
174,297
175,53
177,184
177,218
177,263
180,238
181,135
182,187
183,295
184,115
185,234
186,75
186,286
188,6
188,66
189,181
190,167
190,233
191,50
192,213
192,218
193,180
193,268
197,40
197,58
201,0
202,20
204,111
204,207
205,22
205,127
207,246
208,31
209,60
209,109
209,176
209,185
210,223
211,84
212,73
212,88
212,128
216,2
216,257
217,291
218,149
218,246
218,271
219,161
219,254
222,205
224,261
226,96
227,113
229,44
229,214
229,222
230,13
230,42
232,97
232,280
235,183
236,240
237,89
237,143
239,65
239,165
240,125
241,123
242,147
242,163
244,19
244,45
244,108
245,250
246,119
247,253
249,100
250,124
250,152
250,282
250,285
251,1
251,256
253,51
254,94
255,11
255,89
255,179
255,220
256,8
256,186
257,170
258,237
260,138
261,171
262,9
262,64
262,166
265,150
265,198
266,78
268,32
270,211
271,71
272,5
272,20
272,61
272,134
272,195
272,268
273,95
273,117
273,262
274,169
275,99
276,249
277,272
278,33
278,110
279,109
281,156
281,175
283,92
284,271
285,74
287,39
287,160
287,277
288,189
288,223
289,141
289,180
290,64
294,68
294,209
297,155
299,25
299,174
