source,target
0,102
1,199
3,137
4,83
5,233
5,293
7,194
9,254
10,64
12,50
13,192
15,248
15,277
16,27
17,89
19,15
19,47
19,158
22,75
23,205
24,113
24,121
24,140
25,147
26,7
27,79
27,214
27,270
31,53
31,58
31,131
33,49
33,117
34,279
34,285
35,12
35,111
36,41
39,13
39,25
40,177
42,230
42,263
44,90
44,173
45,137
46,57
46,245
46,265
51,173
51,188
52,95
53,33
53,96
53,253
53,257
53,281
53,288
55,28
55,166
56,1
57,165
60,44
60,67
60,80
61,134
62,222
63,82
64,290
64,293
66,2
66,38
66,99
67,84
67,176
68,73
68,148
68,220
69,206
69,250
69,259
70,125
71,153
72,63
73,161
74,34
74,195
74,196
75,28
78,22
80,74
80,136
80,152
80,231
80,287
82,18
82,65
88,71
88,165
89,121
92,9
92,37
93,266
93,289
94,275
97,116
98,211
99,31
99,193
101,166
101,274
101,299
104,5
106,20
107,158
108,213
110,2
112,3
112,181
113,202
114,58
115,193
116,21
116,174
116,197
117,162
120,36
124,40
125,120
126,93
128,179
129,218
130,114
131,103
131,292
134,33
134,62
134,87
134,142
134,233
134,258
134,295
137,132
138,29
141,127
141,289
146,69
146,203
151,76
152,91
153,237
154,88
155,77
156,96
157,207
158,77
158,81
160,48
160,200
163,291
166,119
167,283
168,8
170,144
170,246
171,168
172,294
173,157
173,267
177,146
180,101
180,138
181,204
182,20
182,135
182,183
183,7
183,68
183,123
183,178
184,52
184,241
185,292
186,118
187,276
190,116
190,129
190,139
191,30
191,44
191,150
191,212
191,234
193,205
195,247
196,189
197,256
198,98
199,219
199,284
200,199
201,93
201,154
205,100
205,105
208,169
208,274
209,133
209,182
210,14
213,164
213,212
215,139
215,159
216,152
217,86
218,18
218,130
218,149
220,32
220,45
220,66
220,120
221,104
225,197
226,45
226,83
227,51
230,179
232,151
235,259
236,243
237,118
237,122
237,228
237,271
238,260
240,272
242,86
242,191
243,281
244,143
244,160
244,167
246,223
247,43
248,257
248,264
249,278
250,59
250,160
251,126
251,202
252,41
253,85
253,168
254,208
255,0
255,172
255,210
257,109
260,14
263,186
267,268
269,11
272,124
272,232
273,6
273,52
273,115
273,262
273,278
275,12
275,131
276,23
278,192
280,232
282,145
282,189
283,180
284,261
285,226
285,239
286,27
286,175
286,201
288,224
288,229
291,117
292,98
294,11
294,54
294,122
294,209
296,42
297,142
298,19
299,144
299,195
