source,target
0,171
2,229
2,274
7,152
7,194
8,64
9,130
10,255
11,97
11,184
11,269
12,30
14,238
16,21
16,204
16,234
16,287
17,116
18,142
18,193
18,277
19,47
20,74
22,108
22,157
22,236
22,281
23,20
23,127
24,110
24,190
25,196
26,197
27,197
27,214
27,233
27,251
30,242
33,11
34,102
34,246
35,6
35,12
35,288
37,63
37,232
38,221
38,243
39,49
39,253
42,273
43,194
44,259
45,106
45,244
46,95
46,191
48,71
48,78
48,82
49,67
49,81
49,150
51,24
53,19
53,31
53,96
53,283
53,284
56,1
57,158
58,31
59,156
59,240
62,42
64,1
65,258
66,196
66,286
67,83
67,178
70,119
70,221
71,35
71,76
73,251
73,278
74,51
77,271
78,54
80,58
82,29
82,69
82,140
87,150
87,294
88,4
91,106
91,231
92,75
93,10
94,124
94,207
97,146
98,57
98,263
100,15
101,176
103,268
105,192
106,198
108,115
109,53
111,128
112,18
112,161
112,177
113,114
113,287
115,237
116,107
117,163
117,292
118,275
120,101
120,134
121,40
121,66
121,77
122,294
123,290
124,72
130,16
130,205
130,222
131,2
131,272
135,9
135,61
136,177
139,48
142,122
144,85
144,168
144,261
147,242
148,0
148,65
150,32
150,248
151,37
152,81
152,195
153,25
154,22
154,192
155,145
155,160
157,55
157,199
158,90
158,121
159,201
162,117
164,154
164,234
165,168
166,104
168,79
170,89
170,100
170,144
173,124
174,104
174,165
175,38
178,183
179,289
180,133
180,254
181,297
182,105
182,126
183,132
183,267
184,208
186,141
186,143
186,212
187,64
188,164
189,179
190,3
190,165
191,5
191,52
192,13
200,60
200,270
201,220
202,216
202,219
203,113
205,275
206,55
208,129
208,205
209,133
210,157
210,238
211,84
211,86
211,98
212,46
212,107
212,256
213,160
213,278
214,169
214,293
216,99
217,143
217,215
217,291
218,149
219,38
219,235
220,23
221,190
225,299
226,28
228,26
230,161
232,41
232,80
235,180
235,227
235,241
235,293
236,279
238,247
239,50
239,202
239,299
241,226
241,252
243,285
244,245
244,282
246,88
246,173
250,285
254,45
254,288
255,36
255,131
255,137
255,185
256,39
256,42
256,125
256,128
257,188
258,68
258,240
259,60
260,123
260,138
260,210
264,218
265,145
266,156
267,139
268,7
268,176
270,46
271,70
271,92
271,167
276,182
280,211
281,92
282,8
282,172
284,17
285,262
285,274
288,223
288,224
289,175
292,243
293,249
293,258
294,218
295,78
296,123
297,27
297,207
298,19
