source,target
0,85
3,101
5,10
5,77
5,101
5,127
6,183
8,196
11,138
13,93
13,225
13,269
14,241
15,44
15,193
19,47
19,261
20,57
20,159
22,78
22,99
22,210
25,54
26,30
26,229
28,157
29,9
29,75
30,1
31,124
31,244
32,110
33,2
33,292
33,293
34,66
34,223
34,279
35,184
35,196
37,116
38,104
40,12
40,51
41,73
41,260
43,119
43,247
45,186
45,212
45,221
48,18
48,24
48,132
49,197
51,154
52,86
52,160
53,114
53,231
54,78
55,159
56,290
59,23
60,282
62,53
62,117
63,36
63,299
64,126
66,37
67,84
67,178
68,219
69,286
70,88
71,195
72,127
75,28
75,137
77,175
79,234
80,15
80,251
81,267
82,128
85,25
87,49
88,189
90,158
94,3
94,106
95,245
95,246
97,5
99,16
99,30
99,63
99,256
99,289
100,240
102,243
103,128
104,230
105,51
105,182
105,232
107,34
108,172
109,206
112,122
112,142
112,273
113,228
114,205
116,68
117,163
118,96
118,257
120,162
121,75
121,144
123,13
126,46
129,23
129,283
129,296
130,268
130,287
131,136
131,224
132,33
132,189
132,218
132,248
132,261
133,113
133,222
134,11
134,20
135,133
136,21
136,61
136,100
136,226
140,35
142,62
142,82
143,191
144,161
145,254
146,274
150,151
152,237
155,167
156,194
158,27
160,284
164,177
164,283
167,74
167,92
168,13
168,16
169,120
169,264
171,56
171,192
173,174
174,121
177,46
177,146
177,148
177,277
179,253
180,31
181,204
181,272
182,58
182,199
184,11
187,69
188,190
191,203
192,77
194,43
195,202
196,212
198,95
200,115
201,15
201,31
201,38
201,89
201,91
201,285
202,39
202,65
203,69
203,98
203,129
205,26
205,42
206,83
208,92
208,107
208,141
208,278
209,130
209,170
209,267
211,149
212,188
214,256
216,145
216,176
217,215
218,139
218,149
219,6
219,35
219,115
219,271
220,153
220,255
221,179
222,209
226,235
227,40
229,250
230,17
230,49
230,208
232,192
234,60
234,295
235,165
235,288
236,7
236,244
237,141
238,260
239,110
239,152
242,147
242,285
243,109
244,50
245,41
245,84
247,90
247,146
249,241
254,45
255,274
257,112
258,48
259,249
262,197
263,276
264,81
264,252
265,229
266,180
266,185
268,118
268,291
270,200
271,4
271,102
271,172
272,65
272,131
275,135
276,29
276,120
276,166
276,249
277,125
277,270
280,211
281,207
281,236
282,213
282,216
284,105
285,233
286,76
288,6
290,64
292,151
293,140
294,218
296,217
297,294
298,19
299,41
299,111
299,164
