source,target
0,45
2,7
4,83
5,291
6,62
6,171
6,264
8,153
10,29
10,129
13,111
13,225
17,74
17,271
18,115
19,204
20,214
20,276
21,138
22,166
25,56
26,21
27,14
27,144
27,195
27,270
28,226
30,263
31,27
31,63
31,69
31,103
31,136
31,225
32,261
32,272
34,10
34,66
35,82
36,43
36,241
38,275
40,34
40,57
41,232
44,267
47,19
48,50
48,51
49,58
50,92
50,154
50,245
51,8
51,10
52,198
54,158
56,1
56,261
58,114
58,197
58,266
59,240
61,131
64,122
64,277
66,80
66,224
67,114
68,94
69,220
71,285
72,104
74,52
74,91
75,49
75,250
78,29
80,3
80,222
83,67
85,171
86,145
87,279
89,20
90,68
93,218
93,253
94,30
95,100
97,193
99,30
99,42
99,75
100,146
100,227
101,299
102,66
103,249
104,95
106,157
108,65
108,183
108,233
109,151
113,133
115,102
115,187
117,292
118,96
118,128
118,278
119,70
119,88
120,169
121,162
121,167
121,190
121,247
122,282
125,22
125,139
126,38
127,141
128,26
128,200
128,236
128,287
129,73
129,202
130,60
130,112
131,7
131,212
132,11
133,125
134,77
134,132
135,175
139,201
139,288
142,188
142,295
145,248
146,293
147,25
148,45
148,88
148,93
148,116
149,211
150,23
150,148
152,231
155,242
155,274
157,55
157,236
161,41
161,240
164,184
165,39
167,207
168,87
169,12
169,156
169,176
170,112
170,173
172,235
173,124
173,229
173,269
175,174
175,244
176,265
177,46
178,78
180,260
182,257
183,87
183,209
185,33
185,142
185,143
189,92
190,164
191,234
192,37
192,48
192,213
193,208
195,246
195,258
196,8
197,35
197,251
197,293
201,64
201,159
201,207
204,266
205,179
206,69
209,6
211,143
212,15
212,24
212,53
212,71
212,276
214,256
215,159
217,86
218,254
218,292
219,99
223,37
223,123
223,210
226,136
227,137
228,273
229,26
229,161
229,186
230,46
230,251
231,109
232,168
232,221
232,280
234,31
235,214
237,3
238,289
239,110
240,163
241,72
242,91
243,53
244,113
245,84
245,284
247,203
248,140
248,192
252,40
252,79
252,182
253,51
255,181
255,199
258,170
258,199
259,101
259,105
260,283
262,180
263,9
264,64
264,219
265,150
266,194
267,65
268,230
268,291
270,290
271,103
271,158
272,259
273,98
273,108
273,188
275,184
275,239
281,89
281,208
281,283
284,135
285,74
286,76
286,151
286,182
287,16
287,107
289,189
291,141
293,160
293,165
293,216
294,11
294,81
294,255
296,238
297,205
298,106
299,205
299,250
