source,target
0,51
0,171
1,209
3,24
3,244
4,139
5,17
6,158
6,228
7,91
8,256
9,218
11,189
12,1
12,29
13,128
15,45
15,169
15,216
15,219
16,136
17,30
18,40
18,79
19,47
19,298
21,116
22,32
23,41
23,158
23,205
25,147
25,294
26,95
26,200
26,285
27,138
31,58
31,170
33,293
34,243
37,11
37,74
37,266
38,275
38,282
39,111
43,58
45,20
45,155
49,120
50,239
52,245
53,90
53,249
54,155
55,28
56,117
56,140
56,290
57,31
57,237
57,240
61,87
62,143
63,210
66,38
67,75
67,178
70,4
70,241
71,23
71,35
71,252
73,162
74,81
74,184
75,167
75,285
77,33
78,53
78,142
83,226
85,253
85,259
86,242
89,247
90,101
92,78
93,17
93,48
93,222
93,264
96,79
98,273
99,287
100,64
101,39
101,156
101,180
104,72
105,115
105,121
105,299
106,165
107,65
110,68
110,80
111,71
112,203
112,225
112,259
113,233
114,72
114,297
117,163
117,198
117,292
118,131
120,283
121,136
121,296
125,10
125,266
128,103
128,196
128,229
130,251
131,216
133,63
134,240
135,62
136,183
137,148
137,288
142,42
145,126
145,188
146,91
148,3
148,88
152,224
153,81
156,28
157,22
158,116
158,286
160,133
160,213
161,264
165,124
167,9
167,100
168,35
168,60
169,160
170,92
170,227
170,254
171,108
172,34
173,214
174,65
175,276
176,12
177,80
177,114
177,164
177,187
179,289
180,157
182,5
182,18
184,44
184,208
184,288
185,15
186,150
186,232
188,27
188,59
189,181
190,137
190,139
190,246
191,76
191,195
192,77
192,204
192,267
193,120
194,215
195,105
195,279
197,93
201,159
201,189
202,37
202,186
203,179
203,284
205,271
206,201
207,48
207,250
208,106
209,46
209,67
211,84
211,86
211,231
212,34
213,177
214,29
216,51
217,215
217,291
218,69
218,123
218,166
218,190
218,248
219,122
220,129
223,166
224,232
225,82
225,274
226,6
229,44
230,172
232,280
233,146
233,192
234,134
235,49
235,94
236,268
239,2
239,98
239,107
239,151
239,235
241,14
241,36
242,45
244,50
245,176
246,154
247,258
249,119
251,30
254,221
254,238
256,25
257,103
258,199
258,212
259,144
260,41
261,109
261,164
262,52
263,102
263,220
265,27
265,220
267,97
268,2
269,11
270,191
271,56
271,62
272,165
273,127
276,19
276,61
276,73
276,222
276,262
276,263
277,154
278,66
278,295
281,26
282,125
283,149
285,212
287,18
290,123
291,141
291,248
293,187
294,185
294,253
296,133
297,49
297,255
299,132
