source,target
0,212
1,54
3,33
3,87
4,83
5,200
7,113
8,105
8,196
12,219
14,55
14,296
16,202
16,278
17,223
18,128
19,25
19,47
19,261
20,155
22,99
23,59
24,51
25,56
26,19
30,262
31,27
32,34
33,263
35,39
35,161
37,151
40,130
41,299
44,20
44,118
44,144
45,118
46,264
48,88
50,199
51,10
51,73
51,85
51,114
52,187
53,67
53,78
53,94
53,109
53,234
55,28
55,96
56,170
59,53
61,287
62,42
62,134
62,201
62,251
63,33
64,290
67,84
68,100
69,154
73,216
74,6
75,169
75,182
76,2
77,35
77,239
78,57
78,281
79,252
80,3
80,6
80,159
80,175
81,294
83,45
85,97
86,270
87,31
87,70
88,66
90,175
91,213
92,121
93,284
95,195
98,291
99,78
100,60
101,225
102,168
106,198
106,298
107,68
108,213
109,268
110,297
111,246
112,82
112,234
112,282
113,181
114,232
115,160
116,1
117,211
118,207
119,249
121,288
124,206
125,14
125,256
126,177
127,72
127,104
128,197
130,152
130,176
132,129
132,196
133,11
133,31
133,120
133,183
135,62
137,90
138,29
138,180
138,252
143,117
147,162
148,71
148,165
150,245
151,239
151,242
152,131
152,224
152,284
153,294
154,253
157,41
157,104
157,279
158,189
160,261
162,163
164,112
165,285
166,89
168,48
169,247
170,20
170,205
170,271
172,13
173,21
177,218
180,220
180,266
181,65
181,98
181,123
181,237
183,267
184,48
184,116
184,146
185,1
185,274
186,273
187,139
188,126
188,257
189,222
190,64
190,164
191,271
192,181
192,233
192,249
194,215
195,65
195,140
196,171
197,93
197,193
199,16
199,178
199,238
200,71
204,257
205,110
205,124
207,136
208,190
208,248
209,172
210,157
211,149
211,231
211,280
212,203
214,108
214,125
214,244
214,262
215,217
217,143
218,223
218,243
219,15
219,80
220,167
220,214
221,38
221,150
222,161
224,49
224,208
225,21
226,55
229,15
230,293
231,162
232,17
233,39
233,122
234,295
235,95
239,58
239,153
240,89
240,241
241,36
241,139
241,286
245,142
245,250
246,204
247,192
250,7
251,61
254,155
255,77
257,172
257,227
258,209
259,24
259,105
260,138
264,132
265,30
265,198
267,9
267,75
267,156
267,285
269,173
270,228
271,225
272,103
272,134
272,236
274,255
275,32
275,107
275,174
277,23
278,26
278,231
282,60
282,122
282,145
282,186
282,259
283,69
285,212
286,2
286,69
286,235
287,29
287,276
288,184
289,141
289,238
292,74
292,228
293,92
296,43
296,133
299,37
299,179
299,297
