source,target
2,265
4,83
5,297
6,128
6,285
10,13
10,14
11,125
12,104
12,119
12,151
12,282
13,107
15,73
15,176
15,193
15,213
16,130
16,204
16,269
19,47
23,246
24,71
24,136
24,191
25,147
25,256
26,209
27,122
28,157
29,11
29,154
31,75
31,170
32,233
33,2
33,143
37,225
39,13
40,244
43,36
43,194
43,296
44,180
48,190
49,67
52,117
52,198
52,294
53,19
53,98
53,103
53,164
53,245
54,169
56,1
58,22
58,266
61,131
61,273
63,18
64,264
64,290
65,288
67,83
68,23
69,263
71,111
71,252
72,82
73,51
73,162
73,216
74,61
74,237
77,5
78,108
78,295
79,173
80,110
80,124
80,227
81,165
82,51
85,0
85,155
85,277
86,217
86,242
87,101
90,17
91,253
92,34
92,205
92,228
93,139
93,174
93,179
94,148
96,187
96,226
99,94
100,139
102,27
103,109
105,144
105,195
105,272
106,211
106,298
108,58
108,95
108,189
108,279
109,206
110,31
112,186
112,208
112,274
113,202
114,231
116,233
116,239
116,275
118,79
120,7
120,131
122,60
126,39
126,183
127,41
127,137
128,215
128,299
129,184
129,234
129,278
130,30
130,268
131,97
131,221
131,292
132,67
132,264
134,292
136,281
137,45
137,188
142,58
142,133
142,190
144,149
146,18
146,52
151,140
151,150
151,247
152,106
153,3
153,64
153,276
153,284
154,8
156,90
157,55
157,104
157,106
157,210
158,12
159,215
160,221
161,274
164,102
165,94
166,223
166,262
167,115
167,152
167,271
168,35
168,60
169,41
170,74
170,171
170,185
173,21
174,121
177,99
177,184
179,10
180,24
181,283
184,182
185,178
188,122
188,142
188,175
189,132
189,181
190,88
192,62
196,121
196,212
197,229
198,95
199,33
199,37
199,192
201,255
202,16
203,69
203,167
204,87
204,246
205,235
207,192
208,145
208,203
209,6
209,270
211,84
211,280
212,66
212,118
213,248
214,125
216,130
219,33
220,25
222,57
222,263
225,173
225,289
226,201
229,250
230,42
231,53
232,42
235,71
235,214
236,15
238,210
239,135
240,59
240,70
240,163
242,99
243,230
244,155
247,0
247,89
249,259
250,59
250,254
250,286
253,241
254,120
255,40
256,200
256,214
257,1
257,50
257,105
257,224
257,230
258,9
258,20
258,26
259,150
260,138
260,166
261,288
262,85
267,158
267,218
270,17
270,76
272,281
273,77
273,251
273,261
273,275
274,172
277,141
277,177
278,78
278,253
283,113
286,46
287,48
288,38
289,197
291,117
293,93
296,123
296,240
297,257
299,129
299,272
