source,target
0,171
6,202
8,102
9,254
10,116
11,29
11,219
16,264
17,1
17,41
17,160
19,25
19,47
19,298
20,131
20,281
24,101
28,121
28,296
31,89
31,113
32,30
33,292
34,107
38,125
38,190
39,105
40,18
40,130
41,22
41,245
43,249
44,60
44,129
44,180
46,64
46,93
46,270
48,32
48,207
49,36
51,73
51,144
53,19
53,62
53,85
53,262
53,278
54,158
55,241
56,148
57,20
57,31
57,254
57,273
58,185
60,72
61,53
61,186
62,263
63,177
63,299
64,112
64,129
64,290
65,161
65,272
66,10
67,257
68,11
69,27
71,165
72,16
72,234
73,92
74,100
74,212
75,188
77,38
80,137
80,222
82,33
83,4
83,67
83,226
84,245
86,52
87,266
90,114
92,9
92,167
93,110
96,53
97,8
97,79
98,114
98,228
99,42
100,205
103,172
115,171
118,191
119,12
119,43
119,70
123,93
124,40
124,95
126,99
126,119
126,176
127,141
128,200
128,214
128,246
130,80
130,209
131,78
131,80
131,237
132,1
133,6
134,104
134,251
135,58
136,197
137,5
138,180
139,201
140,98
141,215
142,136
143,185
143,268
146,255
147,242
148,153
148,204
149,144
150,2
152,17
152,106
152,156
154,196
154,277
155,297
156,81
156,194
158,244
160,203
160,294
161,126
161,201
164,91
165,45
165,168
165,174
165,175
165,235
167,120
170,230
173,16
175,236
175,275
177,221
179,68
182,115
182,233
183,50
183,75
184,293
185,15
186,13
186,195
186,200
186,239
187,96
188,18
188,59
188,265
190,66
190,189
190,283
192,48
198,19
198,117
199,39
199,150
199,169
199,210
202,15
203,57
203,148
205,178
205,179
206,83
207,271
208,136
208,248
209,35
209,231
211,143
211,162
211,280
214,111
214,122
214,125
215,159
215,291
216,135
218,287
219,208
219,247
220,10
221,23
222,164
224,37
224,232
225,49
225,256
225,284
228,26
228,77
229,181
230,116
232,272
234,14
234,79
234,109
235,227
235,286
236,7
236,157
237,52
237,74
238,199
238,218
238,260
241,288
242,155
242,163
244,90
248,169
248,269
249,8
249,154
249,192
249,193
249,266
250,279
252,71
252,240
253,250
254,34
255,55
256,139
257,220
258,153
259,88
259,150
261,151
266,213
267,69
267,128
271,152
271,181
271,261
272,103
274,99
275,118
276,166
276,174
276,243
279,108
282,102
283,146
283,251
284,3
285,273
286,76
286,101
286,267
287,21
288,65
288,94
288,223
288,268
289,78
289,141
292,191
293,0
293,145
293,221
293,222
295,269
296,14
296,217
297,87
297,108
