source,target
0,201
1,33
2,117
2,188
2,265
2,272
3,289
6,219
7,59
7,187
7,194
8,134
9,139
9,246
10,66
15,30
15,73
17,92
17,128
18,63
19,47
19,244
19,298
20,99
21,230
22,11
24,51
24,262
25,220
26,222
27,97
27,218
27,286
28,229
29,95
29,150
31,40
32,53
34,32
34,159
35,1
35,133
35,185
36,22
36,43
38,17
39,232
39,252
40,115
40,142
41,1
45,93
45,212
46,131
46,136
48,87
48,158
52,292
53,67
53,109
54,160
55,226
55,253
58,180
60,231
60,267
61,146
61,272
62,251
64,165
65,192
66,121
66,275
67,209
68,260
70,271
71,3
73,42
73,162
73,168
74,102
74,131
74,266
75,50
80,108
80,121
80,167
82,33
83,45
84,245
85,25
85,240
88,119
88,196
88,208
89,77
90,151
90,187
92,120
93,77
95,10
96,128
98,153
99,14
99,65
100,37
101,203
103,6
103,81
103,124
104,88
105,144
106,165
107,68
110,183
111,39
112,72
114,111
115,204
115,281
116,7
117,143
120,12
120,36
120,50
120,190
122,233
122,266
124,69
125,110
126,2
127,141
127,260
127,277
130,241
130,263
131,113
131,176
131,177
132,105
133,116
134,57
134,225
137,19
139,243
140,98
144,27
144,261
145,44
145,140
145,184
145,216
145,242
149,273
152,106
155,172
155,191
156,194
157,236
158,45
158,129
158,148
158,257
158,271
158,285
160,114
160,274
162,215
164,49
166,255
167,44
167,94
167,135
167,155
169,70
171,127
172,173
173,16
173,31
174,20
177,161
178,78
179,234
182,237
182,295
183,130
184,154
185,18
186,174
187,62
188,122
190,284
191,5
191,52
191,76
191,86
192,62
192,195
193,97
197,108
198,117
199,35
199,78
200,75
200,170
200,230
201,169
201,213
202,80
202,247
203,29
204,258
205,8
205,207
206,124
208,79
208,275
209,107
210,238
211,280
215,90
216,245
217,211
218,7
218,166
218,287
219,64
219,112
220,52
221,171
223,195
224,0
225,48
227,12
227,13
229,54
233,58
233,68
234,164
236,277
236,279
237,24
237,118
237,243
239,181
239,202
239,228
239,244
240,163
242,147
246,138
248,71
249,100
250,49
250,224
252,64
252,132
254,235
255,94
256,180
257,56
258,288
259,189
259,282
259,283
260,55
260,211
260,238
262,93
262,273
264,5
264,214
266,130
267,69
269,295
270,91
270,200
270,290
271,4
271,37
271,123
272,23
272,268
274,293
275,26
276,61
278,26
283,191
284,205
285,126
286,175
288,38
289,185
289,254
291,141
294,81
296,240
297,13
299,146
