source,target
0,201
2,76
2,255
2,265
3,60
5,114
6,110
6,116
7,26
7,152
8,240
9,101
10,14
11,136
12,35
12,119
12,136
13,230
13,246
19,47
19,298
20,3
20,87
21,16
21,132
21,294
22,1
22,195
22,223
22,241
24,140
24,272
25,256
28,157
30,130
31,93
31,252
32,27
35,172
36,179
37,183
37,288
38,299
39,184
40,18
41,36
41,157
42,121
43,296
45,15
45,158
48,41
48,187
50,105
51,10
51,34
51,170
51,210
52,86
52,95
52,273
54,192
55,70
55,253
59,103
61,160
62,69
62,81
63,167
63,255
65,285
66,63
68,260
72,268
73,173
75,99
78,154
79,118
79,234
79,282
80,141
80,203
81,148
81,257
82,72
83,67
83,133
85,124
85,225
86,211
88,4
88,79
88,169
91,213
91,270
92,7
92,23
93,120
95,104
96,187
97,248
98,151
99,45
99,100
103,89
106,44
112,29
112,284
114,3
114,75
115,171
116,17
116,251
117,163
120,71
120,78
120,229
121,5
121,220
123,290
125,11
125,261
126,39
127,23
130,105
131,224
134,82
142,257
143,149
144,150
148,61
148,107
148,237
148,250
149,273
150,8
150,191
150,299
152,91
152,128
152,156
152,202
153,77
154,102
154,138
155,146
155,247
156,126
156,206
158,165
160,243
160,294
162,117
162,147
162,215
164,281
165,57
165,168
165,224
166,80
167,103
167,112
167,174
168,88
168,177
169,218
169,285
174,239
175,77
175,200
175,226
176,144
176,230
176,268
177,68
177,182
178,231
179,189
180,101
180,254
181,92
181,204
181,269
181,297
184,232
184,263
186,0
186,74
186,112
186,173
186,199
188,15
190,175
190,293
192,205
194,180
195,279
196,219
198,151
199,123
200,33
202,56
202,64
203,58
203,113
203,202
205,275
207,161
207,271
209,21
209,53
211,162
212,154
212,164
212,243
212,283
214,235
215,194
216,181
217,143
217,296
218,27
219,73
221,104
222,98
222,197
223,185
225,37
225,137
227,107
228,46
228,292
231,209
232,35
232,186
232,280
233,195
235,52
236,129
237,90
237,122
238,166
239,97
239,135
240,145
240,277
241,49
243,49
243,108
243,109
244,94
244,218
244,245
245,84
246,111
247,115
248,19
248,169
249,278
250,197
250,253
251,62
251,175
252,133
254,31
254,139
255,36
256,59
258,38
259,247
259,286
262,87
263,193
264,214
266,249
267,177
269,295
271,50
271,244
272,205
272,250
276,42
277,18
278,129
278,216
281,131
281,208
282,176
285,242
286,124
287,276
288,6
289,182
291,141
291,159
292,24
294,274
297,10
298,106
