source,target
2,31
2,76
3,105
3,276
6,226
6,253
7,90
7,194
7,266
9,13
9,101
10,14
10,142
10,165
12,151
13,151
13,181
16,191
17,89
18,185
19,47
19,116
19,298
20,159
21,48
21,136
21,195
23,38
23,135
24,162
26,24
26,30
26,209
29,267
31,131
37,10
37,100
37,232
38,254
39,249
42,3
42,186
44,168
44,240
44,272
45,83
45,275
46,265
48,104
50,87
51,221
52,285
53,19
53,34
53,96
53,255
55,260
56,25
58,65
58,229
59,62
60,172
60,241
63,55
67,109
68,93
70,240
71,45
71,94
71,175
74,106
75,53
75,219
77,188
78,75
79,180
79,213
80,15
80,182
81,137
81,153
81,179
84,67
86,211
87,85
88,219
89,74
91,152
91,184
92,257
93,57
93,122
93,133
94,107
94,281
95,265
98,262
100,130
100,196
100,201
100,249
100,289
101,108
104,72
104,157
105,225
107,125
108,20
108,284
109,272
110,24
112,134
113,129
113,268
114,80
114,113
114,139
114,231
116,10
117,163
117,292
118,16
118,269
119,70
123,231
123,296
125,248
126,145
126,196
126,205
128,179
130,294
132,193
132,252
134,207
135,32
135,208
135,224
135,299
136,7
136,97
137,44
137,247
139,206
140,65
141,40
142,286
143,217
144,8
144,102
145,33
145,138
146,61
146,69
148,122
148,271
150,282
153,199
154,49
154,115
155,277
160,274
161,1
164,42
164,59
164,120
164,190
166,114
167,133
168,2
168,71
168,82
170,144
170,171
170,274
172,145
173,51
173,223
176,78
177,22
177,105
178,123
180,235
181,191
182,111
182,233
183,81
183,87
185,112
186,49
187,220
188,201
189,6
191,27
191,41
192,102
192,103
192,293
195,11
196,127
197,40
197,214
198,98
199,210
200,288
201,161
202,113
203,184
203,297
204,192
205,46
207,175
207,253
209,60
209,270
210,36
211,280
212,46
212,73
214,158
215,159
216,164
218,230
219,156
219,222
220,5
220,25
220,183
220,264
223,261
227,34
228,258
229,68
230,35
233,189
234,241
235,281
239,153
242,86
242,147
242,291
243,43
243,158
243,250
243,292
244,143
244,276
245,2
245,263
246,173
249,218
250,50
251,15
252,148
256,90
256,124
256,186
256,257
258,190
259,3
259,28
260,187
261,69
261,132
261,299
262,237
271,4
271,170
272,284
273,121
274,66
275,99
276,169
276,237
277,236
277,287
278,97
279,195
281,273
283,130
283,149
284,267
285,242
287,91
288,0
288,242
288,256
288,275
289,216
289,238
290,270
292,54
292,74
293,18
293,64
293,174
295,82
297,110
299,150
