source,target
0,9
3,108
3,258
7,200
9,6
9,275
10,122
11,285
12,27
14,10
15,91
16,118
17,152
17,270
18,17
19,47
19,198
19,239
24,222
27,170
29,273
30,121
31,225
32,20
32,233
33,1
34,55
34,173
35,189
35,199
35,202
36,13
37,118
37,192
38,190
39,11
39,25
39,101
41,64
41,157
42,200
43,204
46,94
49,74
52,56
56,148
57,237
59,187
60,144
61,113
61,120
64,69
64,201
64,290
65,181
65,204
65,221
65,226
66,152
66,185
66,224
66,283
67,176
67,231
68,79
68,100
69,44
69,206
69,250
70,4
70,119
70,240
71,153
71,191
73,40
73,75
73,99
77,220
78,32
78,203
78,271
80,103
80,263
81,50
82,93
82,230
83,4
88,154
89,158
89,174
90,98
90,139
92,58
92,194
92,208
92,228
92,233
92,251
93,135
94,167
96,296
97,146
99,62
99,256
105,102
106,93
106,298
107,108
108,171
109,90
110,57
111,132
111,182
111,299
112,133
112,169
115,129
116,68
116,213
117,2
118,249
118,278
122,216
123,58
124,72
126,85
126,160
127,34
128,134
129,216
130,48
130,60
132,276
134,42
134,267
136,73
136,183
137,75
137,85
138,260
139,156
140,51
141,215
142,82
143,149
143,186
145,16
145,247
145,265
148,88
148,121
148,258
148,281
152,104
152,231
156,28
156,247
157,80
158,203
161,164
161,277
162,147
162,163
165,88
165,125
166,22
166,238
167,34
167,92
169,54
169,70
170,274
172,44
172,168
175,116
177,52
177,129
180,197
180,227
180,235
180,266
182,295
183,81
183,178
186,105
186,255
187,177
189,184
190,48
190,188
191,26
191,76
191,143
192,292
195,131
195,140
195,225
196,66
197,78
200,74
201,3
201,159
201,213
203,150
205,110
207,174
208,45
208,91
208,179
209,53
210,36
211,84
211,106
211,162
212,24
214,220
214,246
215,217
218,223
220,87
221,214
222,136
224,45
224,243
225,262
230,161
230,268
232,114
232,205
235,8
236,115
237,5
237,284
239,253
241,63
242,86
242,291
243,41
245,95
245,142
246,39
246,166
252,69
252,209
253,237
254,155
254,288
255,33
255,46
256,0
257,77
257,248
258,151
258,199
258,272
260,180
261,212
264,184
267,2
267,23
267,29
267,63
273,145
273,259
274,71
274,234
274,287
275,61
275,112
277,196
278,110
279,195
280,232
281,261
282,209
282,244
283,97
283,219
283,229
285,38
285,193
285,293
286,62
286,124
286,218
288,30
289,21
289,141
289,190
291,211
292,131
292,245
293,18
294,123
295,269
295,278
296,53
297,13
297,289
