source,target
1,38
3,144
7,68
7,104
9,160
10,26
11,4
12,55
12,158
12,194
14,63
15,17
17,179
19,35
19,97
23,102
24,136
24,185
25,135
27,44
27,147
28,24
29,56
29,105
30,12
31,130
32,22
33,173
34,138
35,162
36,85
36,91
36,149
37,61
40,133
42,183
43,16
43,75
43,163
46,178
47,193
48,107
49,17
49,130
51,19
54,168
55,111
55,128
56,46
57,41
58,52
58,106
58,186
59,156
63,6
63,120
65,0
65,14
66,86
70,105
73,53
74,118
76,67
76,106
77,65
78,43
78,60
78,92
78,187
79,191
80,132
81,52
81,57
81,112
82,155
82,181
83,92
83,101
84,73
87,90
87,177
88,96
88,173
91,69
91,72
91,199
92,174
93,146
94,187
95,18
96,167
97,45
98,8
98,103
98,108
99,28
99,151
100,39
101,5
101,175
101,198
102,164
103,124
103,142
104,95
106,32
106,154
107,64
107,161
110,113
111,2
111,116
111,145
112,140
113,40
114,36
114,111
115,123
117,13
119,134
121,29
122,63
122,74
124,59
124,139
125,89
125,117
126,62
126,76
127,129
129,3
129,80
129,88
132,82
136,83
138,27
139,77
142,11
143,95
143,125
143,184
146,137
147,7
148,14
148,50
150,21
150,71
151,53
151,157
152,10
152,45
153,126
155,25
155,79
160,13
160,150
164,21
164,109
165,148
166,57
166,131
168,9
168,152
169,127
170,20
170,34
171,121
172,146
172,151
173,86
175,15
175,100
175,169
175,193
176,26
177,99
178,185
180,37
180,192
181,40
182,87
183,65
183,180
184,77
184,107
186,141
186,195
187,159
188,153
189,116
190,119
190,182
191,23
195,98
196,30
197,1
197,78
198,123
199,42
