source,target
2,28
4,108
5,42
5,72
8,38
8,83
10,12
10,167
11,4
12,194
13,103
13,153
14,125
15,13
17,9
17,137
18,105
19,51
20,77
20,166
21,174
22,106
23,127
24,45
25,135
25,197
27,147
28,151
31,130
31,136
34,104
34,170
36,85
36,187
37,84
40,113
41,29
41,44
41,161
41,186
42,184
43,68
47,159
48,98
51,178
52,183
53,15
53,27
53,31
53,168
54,116
55,1
55,60
57,192
58,52
58,159
59,139
61,37
61,138
63,6
63,73
63,120
64,6
64,107
65,49
66,102
66,196
67,25
67,40
69,175
70,164
73,53
74,142
76,158
78,131
78,185
81,170
82,132
84,32
84,68
84,92
84,143
86,65
87,112
88,0
88,150
90,39
90,123
94,75
94,115
97,199
98,30
98,82
98,118
100,118
102,190
104,12
104,95
104,145
104,149
105,30
109,33
109,97
109,164
111,7
111,46
111,93
112,64
114,87
114,146
115,123
116,21
117,7
117,114
119,181
122,121
123,2
123,55
124,83
125,57
126,62
126,74
127,182
128,109
129,67
129,80
130,169
131,34
131,192
132,134
133,79
133,191
136,90
139,163
139,189
140,148
140,156
141,154
142,3
142,11
142,50
142,98
142,120
143,179
144,89
148,46
149,58
150,71
152,20
153,184
153,188
155,144
157,171
158,96
158,137
159,56
160,9
160,150
161,26
161,45
161,165
162,35
162,187
162,198
171,69
172,66
172,179
173,129
175,8
175,188
176,26
177,152
178,91
179,191
180,24
180,121
180,152
180,178
181,95
182,86
183,99
183,168
184,101
184,155
184,160
186,16
186,63
186,106
186,141
188,110
189,193
193,41
195,122
196,22
197,78
198,2
198,65
198,116
199,10
