source,target
0,128
0,151
0,195
1,38
3,39
7,41
7,111
8,128
9,92
11,183
13,104
13,171
13,175
15,73
17,15
19,12
19,37
23,100
24,28
25,53
26,176
28,136
30,51
30,176
30,177
31,34
31,138
31,174
31,177
33,173
36,21
36,64
36,87
36,149
36,157
36,199
37,180
38,30
42,5
42,184
43,36
44,122
45,97
47,33
48,141
49,130
50,161
51,7
55,90
55,96
56,46
57,42
57,88
57,109
57,153
61,160
62,121
63,6
63,47
65,116
66,172
67,135
67,142
68,13
68,110
69,10
71,150
73,4
73,63
76,126
77,20
77,65
77,70
77,88
77,140
79,133
80,22
80,98
80,144
81,14
82,25
82,191
83,32
83,124
83,132
86,9
86,192
87,125
88,150
91,117
92,195
97,199
99,112
99,147
100,155
101,83
101,143
103,48
103,85
105,50
106,17
106,169
107,29
108,11
111,55
111,185
112,196
115,146
115,148
116,27
116,58
116,167
117,68
117,69
118,32
119,67
120,94
121,27
121,93
121,147
124,59
124,76
124,103
126,113
127,169
130,153
131,78
131,81
133,40
133,129
134,119
136,156
136,163
137,146
137,181
139,102
140,54
141,53
141,186
142,3
142,50
142,74
142,76
142,115
142,144
145,19
145,95
146,75
147,18
147,170
148,60
148,72
149,1
149,52
151,69
152,198
154,120
155,84
155,188
157,123
158,71
158,179
160,154
162,14
162,35
162,152
163,43
163,139
164,21
164,56
165,107
165,127
166,131
168,58
172,89
172,164
175,101
175,108
175,193
177,114
178,54
182,90
182,159
185,91
185,145
186,16
186,106
187,0
187,94
188,126
189,162
190,182
193,40
194,12
194,44
196,66
197,166
198,115
199,2
