source,target
0,70
0,199
1,84
3,98
4,126
6,27
7,51
10,113
10,156
11,143
12,29
12,158
13,153
17,179
19,35
19,51
20,2
20,77
20,170
20,184
21,65
21,182
27,58
27,172
30,105
31,53
32,118
32,132
32,162
33,18
33,173
36,43
37,12
39,88
39,100
39,181
40,25
41,166
41,193
42,183
45,174
46,56
46,152
47,85
49,90
50,140
50,149
53,112
57,109
58,111
58,136
59,38
60,73
60,78
60,97
62,43
63,6
65,77
65,183
65,198
66,172
67,142
68,120
69,45
69,130
71,150
72,5
72,44
72,169
73,122
76,133
79,155
79,191
80,40
80,135
81,30
81,54
83,124
84,92
87,178
88,57
90,39
90,117
90,178
91,52
92,83
93,146
95,18
95,137
98,48
98,196
99,145
100,155
101,124
101,153
102,190
104,7
107,160
108,142
108,188
112,59
112,165
114,157
115,47
115,94
116,167
117,99
117,163
118,76
119,4
120,154
121,164
122,75
122,186
122,195
123,41
124,103
125,30
126,74
126,108
127,23
127,119
128,0
128,8
128,32
129,80
130,7
131,34
131,61
132,82
132,86
133,3
134,132
135,151
136,28
136,107
138,33
139,81
141,68
141,126
143,49
144,89
144,101
146,123
147,99
148,46
148,81
148,149
149,16
149,36
150,9
150,166
151,0
151,55
152,64
152,180
154,75
154,106
156,161
157,17
158,104
159,14
159,72
161,65
161,165
161,168
161,197
164,102
165,26
166,194
167,10
167,96
168,171
169,130
173,24
173,88
174,34
176,26
177,78
179,20
179,175
180,192
185,147
186,63
187,52
187,128
187,136
188,110
189,31
190,129
192,11
192,61
193,148
195,13
195,15
195,22
196,21
197,93
198,115
