source,target
2,185
3,126
5,42
5,196
6,42
7,90
11,84
12,136
13,171
17,22
21,59
21,115
22,32
22,44
23,82
25,53
26,165
26,167
27,158
28,24
33,18
33,57
33,138
36,157
36,199
37,19
37,24
37,61
37,97
40,100
40,135
41,178
43,68
44,5
44,130
45,1
45,95
45,152
47,174
49,92
49,179
50,45
50,69
51,104
53,31
53,151
54,116
58,7
60,148
61,131
61,177
62,193
64,77
64,107
65,14
65,41
65,81
65,180
66,86
70,29
71,73
71,87
72,75
72,91
72,147
72,159
73,4
73,60
76,106
76,142
76,143
76,158
76,179
77,140
78,131
80,118
81,107
81,112
81,125
81,139
82,132
82,181
83,80
83,195
84,16
84,97
84,175
85,103
86,192
88,0
88,129
90,39
90,150
91,65
91,117
93,29
93,121
96,145
99,15
99,68
100,155
101,166
102,38
102,134
103,175
104,95
106,122
107,48
107,52
107,172
108,142
111,55
113,110
115,94
115,146
118,98
118,124
119,67
119,127
120,162
121,154
122,31
122,43
123,30
123,64
124,67
124,170
126,76
126,153
128,99
128,109
131,144
131,162
133,13
133,129
136,59
138,94
140,50
140,165
141,101
143,0
145,156
146,93
146,137
148,72
150,9
150,43
150,71
150,160
152,46
152,114
152,198
155,79
155,108
161,123
162,35
163,47
164,56
164,102
164,172
166,194
166,197
169,83
170,51
172,20
172,89
172,105
173,33
174,34
175,189
176,26
177,69
179,191
181,102
181,113
182,74
182,157
183,168
183,180
184,52
185,184
186,54
186,58
186,63
187,12
188,66
190,182
192,37
192,55
192,174
193,8
193,189
196,98
197,149
197,161
198,21
198,145
199,2
199,10
