source,target
0,88
1,117
2,111
2,156
3,142
4,11
4,119
5,42
5,84
6,42
7,12
7,182
9,168
10,156
11,84
11,98
11,183
14,47
15,99
15,122
16,120
16,149
19,64
20,97
20,166
21,187
23,132
24,30
24,180
27,137
29,105
29,176
30,38
30,81
31,93
33,18
35,170
36,85
37,192
41,2
41,65
42,52
43,68
44,22
46,114
46,152
47,33
47,163
49,130
50,69
51,41
51,54
53,112
54,178
58,115
58,159
60,73
64,77
66,86
66,188
70,150
71,9
73,71
74,40
78,177
78,185
79,155
80,4
80,118
80,135
82,25
82,155
83,3
83,132
83,195
84,37
87,90
89,125
90,117
92,22
92,175
93,54
95,145
95,181
98,17
98,49
98,106
99,109
99,177
102,139
103,153
104,0
104,95
105,18
105,50
106,31
107,28
107,72
107,139
108,48
109,146
111,8
111,116
112,45
112,61
112,95
113,110
114,145
114,157
115,164
116,59
116,144
118,66
119,134
120,43
120,154
121,154
124,92
124,137
125,14
126,62
126,76
129,80
130,141
130,196
133,74
138,131
140,165
142,67
142,94
142,151
142,186
143,49
144,101
144,103
146,75
148,115
148,193
150,90
152,64
157,123
157,171
158,46
158,96
160,13
160,55
160,107
161,26
161,107
161,143
162,24
162,40
162,78
163,58
163,87
164,56
166,57
166,131
166,194
167,26
168,53
169,83
170,51
172,27
172,140
174,34
174,45
175,48
175,68
175,100
175,169
179,17
179,191
181,39
181,113
182,87
184,76
184,147
184,160
185,21
185,199
186,63
186,158
187,136
189,193
190,57
190,173
193,128
194,89
195,32
197,25
197,127
197,161
198,21
198,91
199,0
199,35
199,36
199,58
