source,target
0,7
1,50
1,117
2,41
2,149
5,44
6,189
10,26
11,4
12,37
12,87
12,194
13,160
16,9
17,106
21,59
21,123
22,179
23,82
25,155
26,167
27,137
28,86
29,56
29,176
30,98
32,142
33,9
36,51
36,85
37,19
38,27
39,141
41,115
43,62
43,68
43,150
45,95
46,157
48,175
49,103
50,105
52,42
52,55
52,183
53,62
53,151
54,93
54,138
55,34
55,111
56,89
57,20
57,88
57,156
58,91
58,106
59,124
59,177
60,73
61,65
62,126
65,49
66,100
69,1
70,105
71,158
73,149
74,126
75,94
76,67
80,190
83,3
83,139
84,97
84,154
91,36
91,54
91,65
91,111
91,187
92,78
92,84
92,124
92,144
95,143
96,88
96,167
97,57
99,177
100,40
101,198
102,39
104,0
104,60
104,180
105,18
107,29
107,64
107,161
109,153
110,188
112,95
114,58
116,163
117,46
118,195
119,4
119,132
120,94
121,53
122,15
122,43
124,8
124,160
124,175
125,14
125,192
126,67
127,12
128,145
128,187
129,80
130,196
131,78
132,32
132,86
132,133
132,134
133,6
135,38
136,171
136,178
137,17
138,31
139,107
139,163
140,152
141,68
142,83
145,198
146,75
146,77
146,172
147,72
147,131
148,90
149,44
149,148
149,197
151,92
153,162
153,169
153,188
155,79
155,100
155,184
156,145
156,153
156,165
157,140
158,186
159,113
159,193
161,45
161,47
161,152
161,168
163,192
164,121
166,101
168,61
172,24
173,24
173,33
173,136
174,47
175,108
177,35
178,114
178,115
179,20
181,82
181,102
182,66
184,52
185,147
186,63
186,120
187,12
190,164
191,23
193,148
195,7
196,81
196,169
198,30
198,170
199,185
