source,target
0,70
0,117
2,123
2,145
4,108
4,119
4,126
6,189
7,51
10,69
10,113
11,1
11,101
12,38
12,98
13,68
13,171
13,175
14,60
14,146
17,63
20,39
22,169
23,102
25,84
25,135
27,137
28,107
28,128
29,70
32,132
32,142
32,143
32,175
33,173
34,55
35,33
36,64
37,192
38,23
39,100
40,80
40,193
41,166
41,186
42,5
42,52
42,184
44,194
45,50
47,28
47,85
49,179
51,41
53,54
53,122
57,116
57,138
57,156
58,59
61,177
65,121
66,196
67,124
71,57
71,87
72,75
72,114
73,25
74,133
76,22
76,125
76,126
78,16
78,93
78,152
78,197
80,129
81,34
81,38
81,65
81,178
83,92
83,142
83,195
86,182
87,36
89,144
90,136
92,77
92,151
95,18
95,45
97,109
98,48
98,106
99,14
101,141
103,81
104,20
105,30
107,172
108,188
109,99
109,164
111,8
112,19
112,107
113,110
113,181
115,21
115,47
115,94
115,153
115,198
116,58
117,13
118,124
118,187
122,32
124,15
124,137
124,170
125,87
126,62
127,119
128,11
128,24
129,88
131,147
133,3
133,76
133,129
134,79
134,132
136,72
136,91
136,115
138,192
139,89
139,163
141,130
141,154
142,120
142,162
144,155
147,157
148,14
148,162
149,43
149,58
150,21
151,6
151,123
152,148
154,83
155,82
155,118
157,5
158,45
158,96
158,161
158,165
159,65
162,199
163,111
164,56
165,26
167,10
167,26
168,9
173,197
175,179
176,29
176,30
177,69
178,7
178,160
179,9
180,138
181,134
182,66
183,168
184,140
184,153
185,2
186,74
187,36
189,139
190,164
191,79
192,174
194,166
195,17
195,84
196,31
196,72
198,20
198,46
