source,target
0,145
3,83
3,195
4,80
4,108
6,64
7,121
9,17
9,96
10,26
12,158
13,68
13,126
17,27
17,68
17,157
18,105
19,109
19,145
21,36
21,131
21,182
21,198
22,169
23,170
23,191
25,73
25,84
25,135
29,56
29,176
30,31
30,81
30,123
31,136
33,9
33,173
36,85
40,162
41,46
42,12
43,62
44,22
44,194
45,1
47,21
52,42
52,58
52,91
52,107
54,138
55,34
55,90
55,151
57,153
58,168
59,187
60,55
61,160
62,193
63,122
64,112
67,25
69,114
69,171
70,60
71,87
72,159
73,63
73,71
76,8
77,70
78,52
78,162
81,161
82,132
83,86
83,132
84,5
84,37
86,58
86,66
89,150
91,50
93,29
94,75
96,167
98,118
98,143
99,15
99,128
100,155
102,39
102,134
103,142
108,48
111,2
111,113
111,116
112,18
112,53
112,95
112,147
113,110
115,174
116,115
117,69
118,4
118,129
119,67
120,92
120,154
121,28
121,29
121,48
122,32
122,106
122,186
124,59
125,192
128,28
128,78
129,88
133,74
133,76
134,79
135,38
138,33
138,180
139,124
140,45
140,77
140,148
141,126
142,8
143,76
145,51
145,94
146,130
147,99
149,104
149,163
150,71
151,6
151,114
152,96
153,11
153,130
153,184
153,188
153,195
154,106
155,98
155,144
156,57
157,140
158,137
158,179
159,47
160,14
160,15
160,172
161,152
163,117
164,102
164,109
164,190
165,0
165,26
166,197
169,49
169,127
170,16
174,31
177,24
181,113
183,38
185,24
185,101
185,178
185,199
186,16
186,54
187,36
187,196
190,119
192,11
192,97
193,41
193,49
193,189
195,175
197,149
198,65
199,20
199,35
199,46
199,104
199,198
