source,target
0,255
1,43
1,181
4,285
6,22
6,177
6,178
7,105
7,274
8,72
10,32
11,4
11,17
12,174
13,167
14,207
15,157
16,170
17,299
18,42
18,189
19,149
21,132
25,188
26,97
29,282
30,106
31,71
31,250
32,101
33,116
34,169
36,268
40,243
42,201
43,260
46,299
47,17
48,157
49,107
49,117
51,89
51,137
56,87
56,192
58,73
58,256
60,147
60,166
60,235
62,65
64,218
65,95
66,78
68,61
68,295
69,231
72,36
72,37
74,99
74,107
74,254
76,35
76,133
79,111
80,127
80,171
82,75
86,281
88,209
89,24
89,150
93,80
94,288
95,222
96,218
96,294
97,224
97,261
97,285
98,40
98,45
100,39
100,44
101,70
102,75
102,247
102,251
103,80
103,113
103,151
105,19
105,233
106,7
106,91
106,279
107,200
108,145
113,129
113,280
114,117
115,246
116,54
118,204
119,103
119,266
120,57
122,102
123,16
123,226
123,298
124,100
124,119
125,63
125,270
128,194
129,72
129,267
130,161
132,183
134,223
135,42
135,208
135,273
136,5
136,129
136,143
139,130
141,230
141,266
141,284
145,214
145,236
145,284
146,216
146,279
147,67
148,134
150,88
150,101
152,241
153,122
153,162
154,28
154,272
156,179
159,165
160,163
162,54
163,125
163,165
163,219
165,43
165,126
166,2
168,21
168,57
168,166
169,64
172,20
172,199
173,110
174,286
175,267
176,18
176,50
176,283
178,180
179,182
180,138
180,152
180,185
180,197
182,121
183,220
185,51
185,228
186,27
186,83
187,121
187,140
187,190
190,243
190,246
192,60
193,111
193,164
194,161
194,225
196,112
199,242
199,245
200,23
201,191
202,224
203,24
204,186
205,198
206,1
207,31
210,12
211,154
211,252
211,271
212,76
212,96
212,244
212,287
213,203
214,155
215,81
215,234
218,77
219,104
219,238
220,160
220,209
221,156
222,196
223,15
223,124
223,257
224,55
225,289
226,11
227,109
229,200
231,31
231,68
231,90
231,258
232,52
233,153
233,240
234,0
234,201
237,6
238,297
239,59
239,206
243,84
243,195
245,44
247,212
249,85
249,232
249,276
249,281
250,142
251,25
251,205
253,38
254,16
256,29
258,164
260,173
262,172
263,53
263,98
263,136
264,240
265,187
268,277
269,159
273,83
273,109
273,263
275,58
276,137
276,158
278,92
279,41
280,26
280,184
280,286
282,3
282,9
282,259
283,66
284,3
284,131
284,211
285,38
285,167
286,293
287,176
288,74
289,154
290,79
291,144
291,148
291,217
291,278
292,63
295,120
295,248
296,73
297,196
297,291
