source,target
2,191
3,21
3,102
6,4
7,36
7,76
8,5
8,128
8,201
11,146
13,6
13,123
13,229
18,213
19,90
19,219
19,260
21,15
21,71
21,176
21,233
21,239
22,54
23,77
23,147
24,284
25,26
25,159
25,189
28,103
28,188
29,125
29,134
29,189
31,49
31,223
32,41
33,156
33,236
34,65
34,172
35,27
36,120
36,153
36,225
38,88
38,113
41,17
41,139
41,179
41,214
42,8
42,39
43,99
43,120
43,162
43,296
44,178
46,40
46,193
47,30
51,112
53,144
54,45
54,81
55,198
55,206
58,57
59,106
60,19
61,106
61,129
61,237
62,197
63,211
64,169
65,125
66,156
67,181
68,221
70,171
70,203
71,16
71,163
71,257
72,10
72,14
72,104
72,294
74,176
78,3
79,152
80,93
80,222
84,117
84,143
85,129
85,231
86,61
86,275
88,77
88,283
89,145
89,248
90,81
90,83
90,258
94,140
95,218
96,22
98,235
101,148
102,277
103,29
103,210
104,126
104,278
107,174
107,253
108,136
111,58
111,173
112,208
112,252
114,231
114,292
117,177
119,5
120,224
122,51
123,16
123,284
123,298
124,223
126,53
130,64
132,137
132,290
133,55
135,38
136,262
137,195
137,266
138,34
140,251
142,204
142,299
143,23
144,11
144,247
145,15
145,166
145,202
146,205
146,279
151,79
151,285
152,118
153,68
153,72
153,105
153,211
154,86
154,281
156,190
157,60
158,47
159,43
159,171
160,107
163,110
164,194
164,245
165,252
165,269
167,2
168,188
169,282
170,185
174,121
178,79
178,115
180,70
180,150
181,75
183,47
183,52
183,85
183,155
183,240
186,27
186,131
186,241
187,175
187,263
191,80
192,28
193,42
194,207
194,268
195,63
196,44
197,160
199,152
200,18
200,267
201,31
201,272
204,92
206,82
206,297
209,58
209,74
209,95
209,184
210,87
215,33
216,119
217,249
220,154
220,274
221,212
222,209
225,100
226,200
227,151
228,25
230,281
232,257
234,117
236,210
238,66
240,1
241,190
242,199
243,9
244,219
245,114
246,62
246,282
247,109
247,149
248,98
249,26
249,56
249,170
250,9
250,161
252,37
253,181
253,295
254,97
254,280
255,35
255,250
256,128
258,226
259,158
260,73
260,97
261,84
261,286
262,69
262,273
263,148
264,10
267,287
267,288
269,214
269,228
270,69
270,91
270,130
270,182
271,132
271,265
272,270
275,0
275,140
276,292
279,12
279,48
279,141
279,220
281,116
282,20
282,50
283,61
283,101
285,157
285,299
288,135
289,127
289,192
291,294
293,280
295,13
297,224
298,227
