source,target
0,194
2,167
3,214
3,259
6,193
7,55
7,227
11,68
11,263
12,122
12,172
14,25
17,241
18,65
19,4
19,15
19,160
21,64
21,66
21,184
21,236
22,35
24,218
25,127
28,1
29,83
30,277
31,187
31,208
32,23
33,60
33,133
33,215
33,265
34,179
35,44
37,149
40,278
42,9
42,11
43,14
43,193
50,147
51,94
51,146
52,136
53,126
53,229
54,37
54,144
54,242
54,279
56,19
58,8
58,150
58,208
59,74
63,101
63,182
66,266
67,174
67,249
69,226
70,291
71,53
71,284
72,28
72,235
72,268
74,203
74,285
75,29
75,73
75,233
76,255
78,125
79,161
79,183
80,222
81,10
84,237
86,141
87,5
88,69
88,155
89,38
89,56
89,145
90,292
91,42
92,44
93,142
96,82
96,152
96,294
98,86
100,41
100,90
101,230
102,63
103,77
103,148
103,183
104,220
104,244
105,154
106,112
106,132
106,171
107,253
108,228
109,47
114,0
114,76
116,32
116,211
117,79
117,299
119,32
120,224
121,138
121,221
122,264
124,123
124,159
125,210
125,276
126,97
126,107
127,295
129,112
130,182
131,158
135,12
135,57
135,62
140,212
141,2
141,191
141,201
146,45
146,111
146,135
147,39
147,61
148,225
150,24
150,252
153,29
153,47
153,99
153,200
154,185
156,49
156,81
156,179
156,246
157,28
160,120
163,7
163,235
164,198
165,91
166,69
166,270
168,213
168,290
169,13
169,267
170,36
170,151
170,184
171,139
171,234
172,137
173,51
175,33
175,93
176,121
177,117
178,92
178,180
181,65
181,89
183,85
186,20
186,27
186,96
186,110
188,7
188,24
188,168
188,207
189,124
189,147
190,297
191,76
191,80
192,257
194,75
196,240
196,282
197,108
197,299
198,67
199,62
199,277
200,26
202,190
204,17
205,48
206,18
209,206
209,278
212,126
213,21
213,158
215,10
215,296
216,211
217,107
217,289
219,210
220,46
220,170
223,134
224,98
224,159
224,287
225,298
227,95
229,254
230,16
230,88
231,244
232,128
232,176
233,148
233,186
233,245
233,250
234,115
234,180
238,226
239,236
240,286
241,118
241,140
243,84
243,287
244,162
244,272
247,154
247,189
249,43
249,291
251,275
254,288
256,201
257,48
257,133
257,223
258,129
259,100
259,137
259,143
261,286
262,4
263,78
265,195
266,103
266,260
266,273
269,163
270,13
270,188
271,72
274,113
274,121
274,271
276,106
280,116
281,38
282,225
283,83
285,269
286,136
288,116
288,247
292,37
292,87
292,196
293,2
293,251
294,175
295,192
295,248
296,165
297,34
