source,target
0,139
0,231
3,181
3,229
6,22
7,75
7,160
8,44
8,260
10,137
10,160
11,117
12,68
15,280
18,292
21,254
23,234
24,28
25,136
25,189
26,102
26,273
28,157
30,99
31,57
31,104
32,17
32,23
32,46
32,196
33,13
33,68
33,103
34,184
34,258
35,27
36,263
38,88
38,141
38,281
40,243
41,50
41,207
41,289
42,123
42,214
43,89
45,8
47,4
47,224
48,118
51,6
51,207
52,148
56,77
57,2
58,150
59,91
59,144
59,271
62,119
63,277
66,122
66,169
66,226
67,65
68,9
72,14
72,112
72,238
73,256
74,163
74,235
75,83
75,93
75,251
76,65
76,79
76,275
78,194
78,284
79,218
81,119
82,246
83,15
84,204
85,31
86,235
88,155
88,174
88,191
89,113
89,116
89,279
91,106
92,180
95,11
95,64
95,110
95,298
97,261
98,168
98,295
99,199
100,14
101,85
101,162
103,30
103,80
104,282
105,267
106,132
107,120
107,276
114,166
115,234
121,49
121,269
122,97
122,153
122,264
122,272
124,232
125,236
126,24
126,248
131,21
134,66
135,62
135,142
135,216
136,179
138,19
140,44
140,161
140,171
140,245
143,177
143,178
143,221
145,202
147,36
147,87
147,210
148,5
149,57
150,38
151,244
152,241
153,176
153,239
156,34
157,158
158,208
158,268
159,77
160,61
163,5
164,144
165,37
165,246
166,203
166,273
166,287
168,105
169,167
173,84
175,294
178,250
181,27
182,47
182,215
185,128
186,240
186,278
187,121
187,190
189,90
190,118
191,159
191,228
193,96
193,140
195,169
197,268
198,205
198,220
199,72
199,242
200,127
200,270
202,70
203,29
208,54
208,58
208,136
209,154
209,203
209,231
209,283
212,76
215,147
216,126
220,129
220,230
222,39
222,60
222,95
222,121
223,71
223,281
225,98
225,282
228,16
228,138
228,213
228,225
229,33
229,116
230,141
230,219
231,262
232,285
233,78
233,180
233,186
233,252
234,297
235,53
236,211
236,217
237,54
237,183
238,135
240,133
242,146
243,84
243,152
244,43
245,62
245,111
247,1
247,185
247,193
250,40
250,255
252,63
252,206
253,170
253,240
256,201
256,212
257,295
258,101
258,107
259,12
259,165
260,108
260,145
260,217
261,266
262,69
263,78
265,7
265,94
266,253
267,249
267,283
270,29
271,189
273,172
273,188
274,32
275,115
275,237
275,243
276,227
278,265
280,21
280,26
280,286
285,156
288,42
288,109
288,187
289,149
289,192
290,188
291,129
292,52
292,114
293,55
293,130
293,257
294,6
295,20
296,1
298,182
299,196
