source,target
0,139
0,275
1,93
1,247
5,87
5,128
8,201
8,204
10,143
10,248
10,254
10,292
13,102
13,123
16,70
18,16
18,24
18,219
19,285
21,150
25,76
26,79
26,138
26,291
27,35
29,235
31,287
32,37
32,43
32,46
32,238
33,4
33,175
34,20
34,134
34,295
35,22
35,91
36,60
36,210
38,36
38,165
39,268
40,95
41,47
41,223
45,119
47,209
48,73
49,103
50,288
51,159
51,192
52,88
53,71
55,181
56,280
57,140
57,278
59,230
60,105
66,284
67,147
68,153
70,212
71,112
72,160
72,294
73,278
73,296
75,29
75,30
75,251
78,82
78,202
78,260
80,72
80,120
80,191
81,91
81,100
81,283
84,261
86,28
88,7
88,74
88,155
88,243
89,216
89,290
90,154
92,118
95,293
96,11
96,218
97,258
99,74
99,197
99,217
99,297
100,206
100,298
101,220
102,215
103,33
103,214
104,31
105,19
106,146
109,165
109,288
110,84
111,58
111,92
111,140
112,149
112,243
113,137
118,133
118,161
121,262
123,5
123,122
123,163
123,298
124,225
125,42
125,208
129,7
131,78
131,203
132,3
132,256
133,117
133,240
136,17
139,171
142,43
144,221
144,264
145,69
145,232
146,86
146,242
148,136
148,258
148,272
148,282
150,151
152,180
153,99
154,156
154,183
154,229
155,14
155,116
155,138
155,289
156,280
157,231
158,233
158,281
159,2
159,247
162,60
162,98
162,244
164,144
165,107
165,200
166,126
166,201
166,252
167,19
170,34
170,41
170,119
170,198
170,276
171,96
171,162
172,159
173,6
174,21
174,131
174,227
176,64
176,127
178,84
178,177
178,245
179,34
180,44
181,65
184,166
185,217
187,205
188,271
190,2
191,170
192,114
192,253
193,164
194,249
194,262
196,182
196,236
200,135
201,23
202,231
203,189
205,263
207,158
208,115
208,224
210,15
210,194
211,116
212,32
213,109
214,9
214,67
216,168
216,259
216,266
220,59
220,137
220,200
222,39
222,147
223,69
223,83
223,132
224,58
225,56
226,102
233,87
233,148
233,252
235,52
236,238
237,173
237,181
237,250
240,254
240,265
241,113
241,255
242,101
244,61
244,195
245,172
246,63
246,273
248,207
248,284
248,289
249,67
249,80
250,178
250,257
252,156
253,75
253,176
256,18
258,141
259,143
259,264
260,188
263,25
263,72
264,95
267,85
267,272
269,286
270,108
271,211
271,228
272,274
273,169
276,12
277,199
278,62
278,186
279,183
279,239
281,54
281,130
281,287
282,38
282,77
286,293
288,94
289,270
291,169
298,277
299,44
299,105
299,234
