source,target
0,8
0,114
1,187
2,95
3,75
3,259
3,273
5,207
6,22
7,129
7,237
8,51
10,52
10,116
10,139
10,149
12,144
12,154
13,34
13,195
13,197
16,74
18,21
18,51
18,239
19,202
19,257
20,203
21,240
24,217
26,25
26,183
27,115
28,41
28,262
28,274
30,123
31,4
31,86
31,216
31,219
32,37
32,288
33,24
33,253
33,265
35,100
35,255
37,112
38,33
38,127
38,210
39,298
40,186
43,212
44,196
45,174
46,9
49,263
50,271
51,172
54,45
54,66
59,91
59,213
59,271
60,184
60,263
62,208
62,277
63,98
63,165
65,185
66,14
66,18
66,238
67,26
71,69
71,192
72,75
72,100
73,244
75,30
75,169
79,210
81,250
83,59
83,93
83,279
86,212
87,293
88,3
88,106
90,36
90,104
92,111
92,267
96,11
96,70
97,29
97,286
97,287
99,253
100,232
101,42
101,162
102,207
103,28
103,95
105,158
105,247
106,122
108,260
110,84
111,142
111,152
112,205
112,261
113,7
115,173
117,176
117,177
118,193
119,235
120,127
121,185
121,269
124,54
128,267
132,214
132,230
133,101
134,126
135,63
135,126
136,99
139,246
142,161
143,59
144,81
144,258
149,206
150,218
153,162
154,290
156,158
156,221
156,280
157,268
161,146
161,150
162,61
165,67
165,68
165,125
165,191
166,85
168,155
168,211
170,32
170,107
171,283
173,175
175,294
176,87
176,249
177,6
179,156
179,226
180,140
181,65
181,289
183,17
183,256
184,138
184,179
185,180
186,153
188,72
189,1
189,15
189,109
189,203
190,224
192,83
194,188
195,55
197,46
197,171
197,175
198,40
199,48
200,85
200,102
201,260
201,297
202,138
202,145
204,262
204,278
206,53
208,31
208,182
209,285
211,229
215,131
215,264
218,64
218,94
218,251
218,282
219,129
220,17
220,141
221,74
222,57
222,82
222,121
224,62
225,24
225,135
225,240
227,276
228,281
229,189
230,151
230,157
231,104
232,89
233,68
233,148
233,234
235,163
237,38
238,58
238,147
238,160
238,223
240,1
240,102
241,92
242,199
243,25
243,118
244,71
245,299
246,238
248,228
249,56
249,130
249,284
251,77
251,275
254,2
254,96
258,164
258,225
260,78
261,187
261,266
264,292
267,23
268,36
268,106
268,110
268,236
269,42
269,80
269,97
269,163
272,39
272,76
273,215
273,252
274,222
275,0
276,137
276,199
276,291
279,194
280,88
281,209
281,270
282,39
283,60
283,159
284,124
285,154
287,243
291,56
292,12
293,44
295,20
296,43
297,13
297,47
297,167
299,117
299,178
