source,target
0,118
0,231
2,43
3,8
6,96
10,292
11,36
11,95
11,156
12,223
12,259
13,206
14,155
16,103
16,119
16,297
17,67
17,116
17,183
17,272
18,56
19,67
19,260
21,192
22,139
23,87
23,184
23,213
23,273
25,228
25,244
26,42
28,19
29,144
31,58
31,86
31,263
32,46
32,289
33,78
34,97
34,180
35,11
35,27
35,91
35,255
37,234
37,252
39,222
39,298
41,241
44,140
48,170
48,193
50,30
53,55
53,129
55,104
56,181
57,248
60,277
61,80
61,137
62,140
62,157
62,245
65,70
66,214
67,105
67,243
69,141
69,143
71,240
73,289
75,93
76,133
76,191
76,198
77,20
78,225
79,208
81,230
86,283
88,209
89,210
89,290
90,83
90,189
92,265
92,299
96,22
97,145
97,254
97,261
98,40
99,8
99,84
99,177
99,203
101,148
101,253
102,277
103,63
103,262
104,124
104,219
104,258
104,278
107,151
108,3
108,163
108,270
110,95
112,77
115,27
117,250
118,44
118,187
121,172
121,271
123,4
123,256
124,54
124,109
124,143
124,170
124,192
124,227
125,5
126,15
126,24
127,221
130,109
134,29
135,91
136,52
136,72
136,120
136,256
136,274
137,195
137,288
138,217
138,269
139,41
141,81
142,62
143,125
143,186
144,196
146,59
148,69
148,78
148,169
151,45
151,184
151,247
151,281
152,218
153,47
153,236
155,88
155,183
156,146
156,147
156,235
158,51
160,2
160,197
161,175
161,224
162,210
163,13
163,15
163,131
165,145
165,211
167,87
167,150
171,68
173,111
174,79
174,106
175,220
175,294
178,35
178,79
178,94
179,33
181,9
181,65
181,243
182,99
185,121
188,179
189,24
189,257
190,224
192,49
194,156
195,10
195,159
196,208
198,88
198,242
199,197
202,32
202,66
202,122
205,138
205,173
206,142
206,229
207,30
207,280
211,108
212,131
213,1
213,284
214,7
214,61
214,136
215,273
216,64
218,76
220,188
221,26
221,34
228,233
229,200
230,202
230,293
231,85
232,100
233,172
234,83
234,113
234,117
234,232
234,299
236,126
237,186
238,60
238,190
239,268
239,279
240,132
240,253
241,17
241,204
241,246
243,149
245,101
245,164
245,275
248,89
248,98
249,43
249,166
249,201
251,46
251,82
253,158
253,166
256,264
259,286
260,270
262,174
263,38
266,23
266,77
267,274
269,153
270,176
271,72
271,74
271,226
274,168
276,287
278,64
280,165
280,284
281,154
282,7
283,295
285,200
286,36
286,219
287,128
287,267
288,171
290,75
290,194
292,239
294,291
295,288
296,75
298,28
299,114
