source,target
0,204
1,15
1,43
1,93
1,247
1,296
2,113
3,181
4,124
5,62
6,84
8,72
8,108
10,53
11,156
13,6
13,206
13,240
16,134
16,230
18,210
18,235
21,81
21,145
21,168
21,231
23,7
23,78
25,57
25,165
26,10
26,60
26,254
27,115
28,1
31,148
31,232
32,238
32,292
33,229
34,233
36,189
36,198
37,31
38,74
39,61
39,68
40,164
41,166
42,274
44,35
45,170
46,40
48,118
48,199
49,154
50,91
52,45
53,13
53,33
53,160
54,19
54,37
54,105
54,280
56,74
58,66
58,109
60,30
63,195
63,291
65,76
66,236
67,244
68,180
69,226
71,131
75,254
76,114
76,218
76,243
76,299
77,131
78,77
78,116
78,263
80,55
81,119
82,96
84,99
88,14
88,108
88,219
89,137
89,216
91,249
92,152
92,178
94,112
95,103
96,69
96,171
96,294
97,286
98,198
101,86
101,222
101,242
102,34
103,283
105,239
108,295
110,95
112,278
113,39
115,110
115,186
117,11
118,190
119,34
119,266
120,80
121,153
121,176
121,184
121,244
122,62
122,288
124,44
124,143
124,223
125,156
125,228
126,259
127,267
127,282
127,287
128,132
128,136
129,104
130,182
131,90
132,20
132,166
132,257
135,73
135,142
135,196
135,208
138,101
140,193
140,205
141,192
142,94
143,177
143,272
144,59
144,201
144,203
146,29
146,161
146,274
146,279
147,21
150,161
151,122
152,224
153,213
154,162
154,290
155,241
156,111
157,188
157,221
160,260
164,245
167,54
169,64
169,209
170,89
170,104
170,200
172,248
173,185
174,70
175,19
175,118
179,23
179,159
181,56
182,181
182,217
183,207
183,299
187,246
189,29
189,257
190,173
191,150
191,248
192,121
194,75
196,25
197,162
199,133
202,42
203,18
203,24
203,125
204,100
205,40
205,217
206,141
206,158
209,69
210,268
212,169
213,126
213,146
214,231
214,297
215,160
216,9
219,163
220,63
220,106
220,154
221,85
221,139
222,168
223,281
224,208
225,36
225,258
227,276
230,223
231,85
232,2
234,0
236,211
236,272
237,22
237,204
238,26
241,111
243,135
243,149
244,51
246,191
247,33
249,143
249,212
249,284
250,79
251,199
253,172
255,35
256,269
257,250
261,57
262,61
262,194
263,123
263,214
263,298
264,125
265,14
265,107
265,144
266,127
268,225
269,43
270,215
270,289
271,292
272,17
273,77
275,280
276,158
277,271
278,293
279,80
279,183
281,87
281,285
282,9
282,50
283,220
283,252
284,32
284,83
286,55
288,209
289,47
291,70
291,169
292,12
292,22
293,182
