source,target
0,178
2,172
3,227
3,270
4,10
4,47
6,115
6,177
7,228
8,99
8,100
8,244
8,270
9,67
9,83
11,191
13,63
14,182
14,202
14,265
16,228
17,244
18,154
18,239
19,119
21,25
21,132
21,284
22,139
23,74
26,201
27,46
30,60
30,249
31,71
31,129
31,252
32,123
32,222
33,225
33,278
34,20
36,279
39,112
39,298
41,258
42,58
43,142
43,162
43,211
44,255
49,15
52,121
55,53
56,12
57,195
59,232
60,105
60,281
61,10
62,140
63,1
63,65
63,156
64,218
66,58
66,226
68,137
68,180
69,203
70,285
71,170
72,45
72,294
74,138
74,271
75,53
75,77
75,296
76,35
77,148
78,257
79,44
79,76
79,220
79,230
80,91
80,224
85,129
87,8
87,124
87,217
88,61
89,116
90,126
97,5
97,276
99,167
101,162
102,240
103,131
104,97
104,149
105,223
106,108
107,109
107,214
108,50
108,141
109,130
111,94
115,110
115,275
116,32
118,152
119,188
121,253
122,66
122,176
124,11
124,145
124,207
125,264
125,267
126,15
127,200
127,287
129,298
130,256
135,54
135,80
135,113
136,272
137,39
137,172
137,189
138,19
139,166
139,221
140,161
140,193
140,238
142,92
151,169
151,184
152,111
152,199
152,241
153,239
154,147
156,34
156,179
156,246
157,62
157,165
160,7
160,136
162,283
163,235
164,55
164,297
166,288
171,70
171,86
171,155
173,84
173,96
173,237
174,282
174,289
175,93
180,150
180,175
181,70
181,75
183,155
185,173
186,27
186,93
187,2
190,95
191,13
194,78
194,144
194,251
196,182
196,240
197,40
197,85
197,153
197,299
198,7
198,48
198,242
201,268
202,190
202,274
204,262
205,48
205,98
206,82
206,90
207,259
208,37
208,190
208,263
209,41
210,236
211,87
212,64
213,168
215,73
215,103
215,262
216,18
217,24
218,208
219,107
220,51
220,69
220,198
220,235
221,143
221,269
223,132
223,134
224,47
225,8
225,248
226,123
229,101
231,111
232,5
234,196
234,233
235,29
236,125
236,168
238,280
241,142
243,25
243,195
244,253
245,79
245,133
245,178
246,119
246,197
247,157
247,159
247,224
250,112
250,146
251,273
252,209
254,56
254,96
256,127
257,21
257,81
260,59
262,128
264,219
266,103
266,194
266,261
269,50
270,279
272,31
272,56
272,126
274,192
274,247
275,38
275,72
275,254
276,292
277,106
280,67
280,120
280,151
280,181
284,28
284,217
284,222
286,68
287,160
287,291
288,295
289,71
290,297
292,22
292,158
293,278
295,99
295,268
296,266
299,114
299,117
