source,target
1,24
2,14
4,99
5,43
5,54
5,83
5,126
5,164
11,167
12,38
13,10
13,113
14,139
16,5
16,49
16,96
17,112
21,44
21,102
21,105
21,107
22,32
23,2
23,185
24,123
26,14
26,91
26,148
29,129
31,103
31,136
37,151
38,36
40,76
41,116
41,194
42,166
43,184
44,198
45,6
45,189
46,39
47,79
47,95
47,155
48,145
50,27
50,171
51,119
52,160
53,168
54,162
55,11
55,141
56,75
56,195
57,128
57,158
57,183
58,9
59,172
59,177
60,8
60,51
60,180
61,98
65,74
65,134
65,143
67,39
67,89
67,115
68,25
70,20
70,32
70,196
71,18
71,56
75,58
75,68
76,155
79,80
81,135
84,138
85,57
85,88
86,146
86,197
87,192
90,23
91,64
92,169
94,4
94,17
97,152
97,174
97,199
98,152
98,175
99,28
99,45
99,168
101,1
101,19
103,10
103,15
103,82
103,108
103,154
104,124
105,33
105,109
105,179
108,167
109,66
110,35
110,67
111,7
114,112
114,169
115,30
115,100
116,26
116,165
117,0
118,90
118,187
120,31
121,58
121,86
122,72
122,104
123,55
123,143
124,93
124,144
124,156
127,94
127,170
130,6
130,34
131,36
131,142
131,161
132,97
133,137
137,27
138,46
139,191
140,47
143,38
143,106
145,61
146,51
146,59
146,73
147,50
148,125
148,176
149,188
150,101
151,93
156,107
157,115
159,117
160,77
160,133
163,131
165,63
167,69
167,117
170,198
175,78
175,121
176,29
176,157
177,118
177,133
178,197
181,41
181,153
183,149
184,127
186,16
187,3
188,105
190,29
190,62
190,80
190,111
190,120
190,182
192,150
192,166
193,72
194,189
196,147
196,173
197,135
