source,target
0,37
1,166
2,143
3,9
3,84
4,139
5,4
6,19
7,4
7,190
8,154
14,53
14,85
14,179
16,177
18,152
18,172
23,20
23,97
24,51
24,123
25,68
25,79
25,106
26,194
27,164
29,44
29,176
30,38
30,95
31,13
31,111
33,31
33,171
34,129
37,90
37,173
38,25
38,36
41,22
41,57
41,189
44,99
44,191
45,85
47,32
47,83
51,94
52,62
52,160
53,104
53,110
53,164
53,167
53,170
55,35
55,102
56,15
56,75
56,145
57,10
57,158
58,88
59,184
60,32
61,12
62,163
62,175
65,133
67,30
67,39
68,0
71,72
73,93
74,156
76,40
76,109
76,141
77,11
79,49
80,126
80,167
82,48
82,162
83,13
84,192
85,178
86,27
88,20
88,187
89,2
90,143
91,42
91,105
91,128
94,120
95,66
96,5
97,122
97,188
98,124
98,175
98,186
99,151
101,100
101,166
102,17
103,146
104,137
106,63
107,21
107,70
107,91
107,180
108,146
109,52
111,155
113,47
113,144
114,3
115,67
115,100
115,112
115,135
118,41
118,73
119,18
121,197
122,72
122,185
124,64
125,7
127,96
129,6
129,118
130,76
130,81
131,157
131,161
132,170
133,77
134,55
135,46
136,199
137,33
138,24
138,87
140,10
140,81
148,181
149,168
149,183
151,54
152,127
154,28
154,80
154,99
155,125
155,162
156,59
156,142
157,17
157,115
159,14
159,117
160,43
160,78
163,61
163,131
165,56
165,116
165,174
166,150
168,77
169,92
169,138
171,50
173,107
174,16
177,159
179,59
180,45
181,182
182,121
182,147
183,69
184,193
188,119
189,199
190,108
190,148
190,168
192,91
192,153
194,124
195,120
195,160
195,198
196,35
