source,target
1,89
1,169
2,28
2,98
2,106
4,80
4,177
5,80
5,164
7,116
8,53
10,64
11,55
12,191
13,83
14,116
16,31
17,102
17,112
18,133
20,82
21,144
21,170
22,13
22,41
24,166
26,29
26,181
29,153
30,36
30,122
33,23
33,128
33,149
36,67
36,69
37,52
39,67
39,97
40,34
42,22
42,166
43,172
45,94
47,189
48,98
49,146
52,179
55,35
55,58
55,90
55,134
55,152
55,162
56,35
56,75
56,136
57,8
60,32
60,45
60,180
61,193
62,190
63,183
65,74
66,59
66,87
66,192
68,3
68,151
70,196
72,49
72,88
74,103
74,156
76,38
76,141
76,193
77,184
81,107
83,99
83,174
85,91
87,3
88,187
89,2
90,0
90,145
90,171
90,185
93,163
93,186
95,30
96,190
97,28
97,93
97,105
97,127
99,132
100,46
101,150
105,91
105,109
106,15
107,27
108,50
111,179
112,114
114,56
114,84
115,6
115,29
115,135
116,78
118,39
119,86
119,188
120,195
121,88
121,124
123,63
125,92
125,158
126,5
127,18
127,34
128,111
128,168
129,118
130,81
131,66
133,60
133,174
136,12
136,31
136,71
137,68
138,24
138,46
139,51
139,96
139,99
140,10
140,120
142,76
143,65
144,26
144,194
146,14
146,63
146,105
147,182
148,43
151,37
151,54
154,73
154,79
155,47
155,113
155,125
155,182
157,1
158,14
158,50
158,160
159,110
159,148
161,70
161,101
164,117
167,199
170,53
170,79
170,103
172,20
172,25
172,61
172,149
172,197
173,104
173,107
174,165
175,62
177,86
177,159
178,19
180,140
181,137
184,93
184,198
191,44
191,72
192,9
192,81
194,176
195,4
196,147
197,178
199,126
