source,target
0,35
1,100
1,101
2,123
2,169
3,132
4,56
5,77
5,83
5,89
6,28
7,149
7,158
10,52
10,104
10,189
11,147
13,22
14,191
15,182
18,152
18,160
19,24
19,169
19,178
21,111
22,32
22,121
23,20
25,23
26,77
28,80
29,112
30,36
30,154
30,185
31,13
35,110
36,34
38,122
40,34
41,48
41,94
42,9
42,61
43,72
44,27
44,124
45,85
45,128
47,144
48,145
49,23
49,73
50,172
51,60
52,5
52,57
52,62
52,109
55,90
56,150
58,0
59,16
60,179
63,151
65,133
66,74
67,114
67,138
68,171
69,103
70,196
73,118
73,124
75,10
76,141
78,185
79,107
79,146
80,95
80,180
83,53
85,21
87,130
89,1
89,143
90,106
92,140
93,137
95,47
96,108
97,71
97,177
98,165
99,45
100,157
102,12
102,189
103,64
105,59
105,179
106,187
107,156
108,78
108,159
110,67
110,70
112,17
113,41
113,111
115,6
115,81
116,120
116,195
118,39
118,65
119,51
120,91
121,86
121,164
122,58
122,72
122,84
125,7
125,176
127,174
130,161
130,166
130,168
131,66
131,135
131,163
132,8
133,17
133,33
133,132
133,186
135,197
136,18
137,175
138,87
139,172
139,174
140,82
140,93
140,129
141,39
143,54
143,106
145,54
146,119
147,196
149,104
150,24
150,136
151,139
152,134
153,181
155,76
156,142
157,115
159,103
159,127
160,97
161,46
162,55
164,167
165,92
167,57
170,50
170,199
171,31
172,61
173,11
174,16
174,117
174,177
174,191
175,38
175,198
176,192
177,37
177,188
179,126
180,70
181,116
182,50
183,53
186,98
189,194
190,96
190,148
193,184
195,170
196,88
196,184
197,62
199,49
