source,target
0,35
0,55
1,114
2,28
2,143
4,7
4,22
4,33
4,170
4,195
5,96
6,45
11,121
11,139
12,136
12,145
12,193
13,32
13,111
14,2
16,0
16,8
18,57
19,101
20,182
21,170
23,54
24,19
25,38
29,176
30,36
30,115
33,62
33,140
35,10
38,12
41,194
42,91
43,68
43,79
44,124
45,85
45,92
46,131
47,83
48,41
48,186
49,26
49,172
50,53
50,82
51,24
51,135
54,61
54,95
54,110
54,122
56,15
56,193
58,9
59,146
60,189
62,148
63,104
64,32
64,167
65,74
65,134
68,171
69,103
72,71
72,74
72,127
73,93
76,34
76,39
76,40
76,142
77,17
77,154
79,47
79,191
80,118
81,157
82,20
82,60
83,18
83,80
83,160
83,165
84,3
84,161
85,88
85,113
85,155
89,5
89,62
89,67
89,185
91,128
92,179
93,98
93,137
94,120
96,16
96,120
96,190
98,175
100,46
100,84
100,87
100,169
101,150
102,21
103,51
103,52
104,64
106,25
108,143
108,158
109,52
111,128
112,67
113,144
115,129
116,181
117,133
119,152
121,164
123,54
124,59
124,73
124,105
125,92
126,71
127,198
129,6
133,17
141,130
149,159
151,23
151,37
152,48
152,132
152,177
153,29
154,44
155,119
156,1
156,46
156,136
157,1
158,31
158,50
159,14
159,172
160,77
160,123
163,36
163,99
163,138
164,27
164,107
164,116
166,24
167,108
167,164
168,34
169,66
174,78
176,180
177,9
177,39
177,86
177,188
178,60
180,80
182,72
182,137
182,147
182,156
182,162
183,94
184,59
187,75
188,35
188,43
188,97
188,174
192,130
192,153
192,166
196,69
196,70
196,90
196,173
196,187
197,192
199,18
