source,target
0,55
1,114
2,23
2,56
3,68
3,87
4,44
5,43
5,159
6,76
6,130
7,152
8,28
8,127
8,175
8,184
9,192
11,113
13,10
14,139
16,10
16,49
16,53
16,165
16,186
17,94
17,112
17,157
18,119
19,6
19,81
20,88
21,83
22,41
22,48
26,33
26,181
27,198
30,122
32,82
33,105
34,130
34,168
35,99
39,141
42,61
44,137
45,128
45,183
47,79
47,147
48,20
49,110
50,172
51,24
51,111
53,158
54,143
55,58
55,123
56,75
56,171
57,27
57,52
57,120
58,9
58,193
60,126
61,171
64,31
64,104
64,121
64,126
66,169
67,89
68,0
68,25
70,180
71,136
72,74
73,95
74,118
75,123
76,46
76,100
77,120
77,154
79,5
79,191
80,108
82,103
83,38
83,167
85,140
88,187
89,72
90,106
91,98
91,107
93,73
96,190
97,28
98,124
99,163
99,170
100,40
101,19
103,15
103,146
104,63
104,71
104,91
105,44
105,59
105,109
106,43
107,173
108,51
108,117
108,159
109,52
111,14
111,96
112,67
112,176
114,3
115,36
116,85
117,188
117,194
118,29
118,179
119,78
119,188
121,88
121,164
122,37
122,54
122,97
125,190
131,66
131,100
131,129
133,17
133,73
134,35
134,65
134,189
135,197
138,84
139,21
139,149
139,182
142,81
145,90
145,132
146,50
146,86
148,176
148,178
150,136
151,93
152,26
155,96
156,27
157,144
158,125
159,199
160,18
161,24
162,155
163,36
163,131
163,141
164,11
164,180
164,195
166,1
166,197
167,77
169,2
169,12
169,138
172,133
174,92
174,117
175,62
175,64
175,185
179,45
183,69
183,174
183,177
188,85
189,102
192,22
192,153
195,80
196,173
