source,target
2,61
2,143
3,87
5,89
6,29
8,28
8,132
9,3
10,18
10,103
10,189
10,195
11,72
12,123
15,56
17,166
19,81
19,101
19,178
21,102
21,173
22,41
22,42
23,97
24,106
24,138
25,4
26,91
26,177
28,198
29,44
30,36
30,122
31,79
32,22
32,47
33,62
33,128
33,133
33,152
34,40
34,129
34,168
36,33
36,115
37,118
37,151
38,20
38,63
38,98
38,172
39,52
39,67
39,141
40,192
41,80
41,91
42,166
44,124
44,137
48,11
49,13
49,146
50,121
52,21
53,49
54,23
55,134
56,193
57,85
58,0
59,179
59,183
61,75
61,145
62,175
64,48
64,121
65,74
66,2
68,25
68,163
69,154
69,159
71,151
72,21
72,71
74,66
74,156
76,39
76,46
76,142
77,15
77,194
80,94
80,139
81,130
82,32
82,97
84,131
85,78
85,107
87,143
89,1
92,169
95,69
96,14
96,149
96,190
97,170
100,46
100,84
101,1
103,62
103,88
104,14
105,26
105,59
105,111
106,187
107,27
107,182
108,64
109,105
111,113
114,112
114,115
114,135
116,194
117,18
118,65
118,90
119,51
119,149
119,155
120,57
121,73
121,136
126,60
126,199
127,119
127,191
133,16
134,148
134,189
137,53
137,171
140,82
140,93
144,24
144,173
146,10
146,79
146,119
147,38
155,162
157,100
157,176
158,7
159,102
160,123
160,126
160,158
161,130
163,0
163,28
163,54
165,96
165,174
166,150
167,4
169,42
171,56
172,160
172,197
173,110
173,164
176,125
176,153
177,37
177,86
177,199
178,155
179,45
179,83
181,116
182,147
184,43
184,127
184,185
184,196
186,98
188,31
188,35
188,99
192,150
195,120
199,70
199,180
