source,target
2,203
4,235
5,166
5,280
6,236
7,118
7,221
8,157
8,262
9,19
9,170
12,256
13,124
13,154
16,111
16,194
17,33
18,115
18,273
21,60
21,206
21,214
22,82
23,199
24,148
24,259
25,55
26,281
27,75
28,42
28,276
30,31
30,97
30,129
30,204
31,40
32,4
34,14
35,222
36,77
37,141
38,68
38,210
39,47
40,118
41,198
44,102
45,76
45,278
46,78
46,184
47,278
48,9
50,36
50,136
54,202
54,213
54,249
57,89
57,107
58,218
59,53
63,176
64,3
64,43
66,122
67,41
67,251
68,31
68,112
70,82
71,149
73,93
73,116
74,35
76,110
78,277
78,285
79,178
80,254
80,259
81,113
83,38
84,125
88,13
89,250
90,242
91,286
95,92
97,192
98,69
98,105
98,153
98,205
99,90
99,127
99,244
100,219
101,155
101,207
103,214
105,49
106,56
108,175
109,84
109,119
109,149
110,162
111,74
111,186
112,10
113,56
113,87
113,237
114,224
114,279
115,268
116,94
116,114
116,162
117,57
120,216
123,167
123,267
124,16
125,192
125,219
127,83
127,280
128,80
129,66
129,240
130,148
132,73
133,93
134,133
134,150
134,263
137,17
137,255
138,37
139,270
141,231
141,266
141,299
142,65
143,229
145,137
145,238
146,121
147,295
149,11
149,25
152,26
152,269
155,174
155,210
156,88
158,50
159,139
159,190
162,95
162,121
163,144
163,181
166,161
167,48
168,174
169,20
169,142
170,108
172,29
172,147
175,5
176,157
176,160
176,275
178,151
178,241
179,223
181,67
181,96
183,291
185,282
187,172
187,199
189,0
189,62
189,193
191,287
193,265
196,165
196,179
196,180
196,215
196,289
197,191
198,30
198,177
198,212
199,126
199,230
200,4
200,154
201,296
202,128
203,91
204,248
205,45
205,274
205,292
206,258
208,153
210,77
210,188
210,232
211,58
213,182
214,131
214,225
215,260
217,173
217,222
218,70
219,227
220,120
220,247
221,104
223,169
224,6
224,220
225,85
228,32
229,120
229,195
233,145
237,257
238,75
239,283
240,63
241,143
243,140
243,261
245,44
245,261
246,26
246,52
246,239
247,99
250,28
250,163
250,173
251,65
251,135
251,290
252,12
252,185
253,3
253,14
253,189
253,209
253,294
254,86
254,138
255,94
255,256
256,70
256,234
257,187
258,132
264,81
265,1
265,71
270,46
271,282
272,103
273,6
273,59
273,245
278,164
280,203
284,51
284,54
285,217
285,288
287,208
291,112
291,171
293,236
295,66
296,15
296,253
297,98
297,283
298,61
298,72
298,105
298,226
299,159
