source,target
0,177
1,37
2,99
2,191
2,271
3,95
9,48
9,72
9,122
10,105
11,39
11,63
11,145
12,259
16,36
16,207
21,218
22,10
22,214
23,203
23,207
24,128
25,61
25,220
25,249
26,254
27,46
27,217
30,294
31,116
32,150
33,71
33,229
33,257
34,150
34,183
34,189
35,151
35,159
37,33
38,227
39,132
40,19
40,64
41,170
41,285
42,2
42,163
43,230
43,291
44,179
45,147
45,243
48,68
48,174
48,225
48,237
49,117
49,178
50,23
52,54
53,176
54,8
55,223
55,274
56,112
56,276
57,40
60,223
61,58
61,76
61,281
63,167
65,73
65,107
65,215
66,22
66,273
68,129
70,109
71,4
71,284
73,202
73,275
74,35
74,127
75,87
77,36
77,62
77,171
79,59
80,108
80,114
81,131
82,11
84,293
87,6
87,219
90,42
92,49
94,86
95,92
97,107
98,45
100,127
101,239
102,186
103,154
104,111
104,165
104,224
105,3
109,267
110,47
110,89
110,136
110,158
110,287
111,28
111,51
113,142
113,231
114,30
116,282
117,67
117,110
118,148
118,217
121,87
121,288
123,103
123,166
126,195
126,247
128,162
131,91
131,245
135,232
135,272
136,232
139,141
142,173
142,199
143,255
144,29
144,64
145,7
145,135
146,9
149,102
149,188
149,213
151,152
152,241
153,63
153,137
157,121
160,134
161,96
163,176
165,0
165,196
165,290
168,27
172,224
172,244
173,5
173,85
173,264
175,31
175,103
179,130
179,262
181,17
183,140
184,124
185,252
186,12
186,253
188,222
188,295
189,55
191,124
191,175
192,287
193,50
193,120
193,209
194,8
194,155
194,193
194,212
194,293
196,25
196,190
197,299
198,139
200,123
200,292
201,75
202,83
202,183
203,20
203,21
203,121
203,164
204,94
204,236
205,279
206,147
206,286
208,260
208,270
210,172
212,59
212,78
218,208
218,234
218,267
222,93
222,187
224,265
225,41
225,248
225,280
226,248
227,98
228,188
230,182
235,1
235,198
235,211
236,278
238,134
238,180
238,277
239,216
239,254
239,258
239,283
240,138
241,221
242,14
242,148
242,271
246,106
246,144
247,45
247,68
247,279
248,130
248,162
251,246
252,38
252,119
255,156
255,181
256,169
256,213
258,18
259,214
259,289
260,43
260,69
261,29
261,238
263,184
264,90
268,159
269,91
269,204
272,296
273,88
274,242
275,15
276,143
277,185
278,72
278,298
281,13
282,250
282,258
283,13
283,56
283,284
284,115
285,113
287,125
291,96
291,101
291,233
291,240
291,272
294,104
294,241
296,266
297,133
297,192
299,200
