source,target
7,221
8,42
9,14
10,124
11,83
13,18
13,127
14,160
15,100
16,115
17,137
18,5
18,36
19,88
19,203
21,43
21,237
23,36
23,112
25,171
25,218
26,32
26,197
26,267
27,243
28,42
28,63
28,209
29,142
29,215
29,288
30,47
30,73
31,178
31,229
32,192
32,292
33,25
34,75
38,244
39,122
40,84
40,291
41,268
42,77
42,253
43,164
44,174
45,290
45,293
46,134
50,65
51,283
52,74
52,274
54,17
54,56
54,289
55,39
55,96
55,252
58,116
59,57
60,124
60,207
60,280
61,80
62,154
62,183
65,97
65,187
66,162
70,2
70,34
71,66
72,37
73,202
74,92
74,108
75,71
76,6
76,90
76,259
78,194
78,217
80,175
80,236
81,38
82,67
83,78
87,41
87,298
90,233
90,281
95,177
98,51
98,181
99,246
100,79
100,140
102,118
102,291
103,121
104,131
104,165
105,44
106,276
107,19
107,136
107,185
108,9
108,240
109,89
109,287
110,105
110,260
111,98
113,231
114,53
114,144
116,216
116,221
116,254
117,78
117,110
117,213
118,48
118,206
119,11
120,168
120,247
121,232
122,225
123,273
126,252
132,193
133,24
134,24
138,28
139,12
139,150
139,185
139,279
141,30
142,264
143,54
143,296
144,69
145,20
145,167
146,248
148,91
148,122
148,261
151,62
152,178
153,15
153,49
153,208
156,64
157,29
158,13
158,173
159,68
159,170
160,0
161,4
161,275
163,272
164,50
164,149
169,172
171,265
172,77
174,151
178,86
180,47
180,128
181,60
182,63
183,107
183,201
183,226
185,5
186,169
186,200
187,171
189,191
189,212
190,153
190,179
192,190
193,135
195,130
195,166
195,176
197,68
198,40
198,176
201,245
202,89
202,238
203,234
205,143
206,22
206,147
206,205
206,271
208,101
208,184
208,213
209,163
210,240
211,69
218,20
218,141
218,188
219,95
220,188
220,196
222,93
223,48
223,104
224,33
224,235
228,57
228,103
229,109
230,186
230,199
232,75
232,138
232,236
232,269
233,144
234,55
234,250
236,3
237,286
238,45
238,87
238,125
238,135
239,1
239,265
241,17
242,259
243,6
244,155
244,277
247,61
247,67
248,53
248,231
249,125
249,129
250,95
251,145
251,227
254,26
254,115
256,251
257,35
257,93
257,154
258,239
262,197
263,134
263,226
264,8
266,214
268,296
269,64
269,191
269,204
270,85
270,91
272,198
275,15
275,72
275,123
276,113
277,293
278,23
280,161
281,158
281,255
282,70
284,71
285,85
289,108
289,139
289,266
291,246
294,128
295,51
297,3
298,94
299,39
