source,target
0,72
0,102
0,273
1,30
2,88
2,175
2,244
4,126
4,270
5,169
5,257
6,92
6,212
8,170
10,224
11,291
12,237
15,260
15,266
16,234
17,177
18,247
20,7
22,264
23,120
25,86
25,157
25,295
26,9
28,44
28,195
29,8
29,130
29,144
29,183
30,208
31,269
32,258
34,104
35,116
35,151
35,228
36,23
37,130
39,11
41,292
42,5
42,53
42,282
43,22
43,182
44,38
44,256
45,148
46,69
46,200
46,285
47,166
48,101
48,191
50,33
51,32
51,284
52,56
52,108
54,57
54,155
54,172
55,43
57,214
59,45
59,236
60,20
60,93
62,210
62,279
63,75
63,112
63,141
64,160
65,21
65,53
66,71
66,178
67,78
69,67
69,98
70,218
71,10
71,33
71,68
71,211
73,63
74,40
75,238
76,35
76,254
78,227
79,103
83,100
84,31
84,207
85,84
86,122
87,275
88,206
91,163
92,13
92,15
92,121
94,105
95,0
95,255
96,97
96,252
98,107
98,121
98,190
99,150
99,181
99,202
103,212
104,196
105,125
106,29
108,46
109,276
110,17
111,216
111,250
113,134
113,281
115,189
117,95
117,97
117,213
118,149
119,289
120,171
121,215
121,220
122,18
122,287
124,186
124,189
125,114
125,143
127,157
127,218
128,205
128,294
129,79
130,194
130,242
133,183
135,14
135,229
136,232
138,232
139,185
142,113
143,198
144,19
144,233
145,28
147,51
153,288
154,213
156,83
157,173
157,259
160,133
161,239
161,293
162,253
165,161
166,74
166,137
167,4
167,49
168,287
170,59
171,12
174,159
177,263
178,226
179,34
179,36
179,174
179,262
180,221
183,140
184,85
185,149
185,274
186,155
187,265
188,65
188,66
188,176
188,205
188,208
189,58
191,209
192,144
195,41
195,89
197,26
200,40
201,119
202,83
202,107
203,48
205,80
206,138
207,193
208,271
212,204
214,139
214,198
216,47
216,217
216,223
220,44
220,146
220,278
221,3
222,268
224,142
225,152
228,14
229,3
229,25
230,27
230,174
231,141
233,90
235,296
236,164
237,126
239,77
239,283
240,104
241,135
243,58
246,200
247,246
248,20
248,280
249,73
250,290
251,87
256,219
258,106
258,206
259,24
260,179
261,245
262,182
265,77
267,93
268,178
269,158
269,222
270,81
271,9
272,180
273,6
273,245
274,67
274,132
275,123
276,52
277,1
277,191
279,64
280,187
281,123
281,147
281,225
283,249
284,199
286,270
288,62
288,131
288,234
289,188
289,237
291,54
293,61
293,163
296,167
296,238
296,253
297,94
298,17
298,181
299,82
299,282
