source,target
0,99
0,104
0,110
1,27
1,116
1,154
1,259
2,128
3,50
4,91
4,116
5,14
6,267
7,77
7,229
8,223
9,249
10,95
10,175
11,247
14,71
14,228
14,242
15,90
20,0
20,36
21,53
21,57
21,280
25,211
25,220
25,226
25,295
26,32
28,260
29,144
33,137
34,33
35,98
39,19
39,48
40,185
41,189
42,237
44,255
47,72
48,167
48,207
49,153
49,281
52,43
52,135
54,38
54,244
56,155
58,62
59,189
59,200
61,188
62,34
62,139
63,84
64,35
66,63
66,266
67,46
67,195
68,31
68,210
69,178
70,37
71,50
72,161
73,59
74,30
74,177
77,291
78,55
78,93
78,212
79,123
80,117
80,166
81,203
82,101
85,248
86,148
87,132
87,283
89,11
91,8
92,103
94,166
98,170
102,213
102,225
103,70
103,79
103,214
104,143
104,235
105,75
105,272
105,290
106,162
108,241
109,215
110,76
111,28
111,51
111,184
111,267
113,24
113,81
113,134
113,286
113,288
114,37
114,163
114,182
115,253
116,18
117,83
118,232
119,78
121,198
122,181
123,96
123,129
124,33
124,100
124,174
124,176
125,219
126,179
127,83
127,191
128,1
128,195
128,205
129,39
130,16
130,126
132,127
132,227
133,81
135,55
138,236
138,284
139,247
142,171
144,158
145,109
145,219
145,268
146,9
148,40
149,29
149,143
149,239
150,269
151,178
152,64
152,168
152,279
156,231
156,285
157,298
158,147
158,196
158,271
159,124
160,26
160,192
161,112
161,293
162,66
162,90
164,43
164,136
164,294
165,25
166,82
167,255
169,159
169,187
170,63
170,107
170,172
174,155
175,2
176,160
179,52
180,239
181,69
183,45
183,140
185,20
186,23
186,85
187,171
190,105
191,287
192,3
192,17
192,221
193,225
199,187
200,4
204,30
204,77
204,92
205,22
206,42
206,299
207,209
209,130
209,194
210,70
211,115
211,273
212,73
212,97
213,7
213,252
215,13
215,165
218,87
218,257
220,45
221,206
222,201
223,149
226,263
230,186
232,5
233,202
233,279
235,224
236,122
240,119
240,198
240,269
241,3
246,282
247,141
247,276
248,21
250,289
251,233
252,12
253,120
254,18
256,264
256,274
258,88
259,88
259,234
260,69
260,214
261,164
261,278
262,118
262,173
264,288
265,74
265,296
266,157
266,222
270,208
271,169
271,216
272,106
273,230
273,245
275,125
277,145
279,65
280,240
281,61
281,113
281,243
285,277
286,131
286,270
288,38
288,197
289,108
290,191
290,249
290,270
292,112
293,60
293,194
297,217
297,222
297,238
298,23
299,282
