source,target
0,135
0,165
0,204
2,43
2,283
3,164
4,147
4,167
4,225
5,53
5,276
7,18
8,5
8,278
11,74
13,88
13,248
15,49
15,78
17,167
18,19
18,95
20,7
20,130
20,145
22,188
26,236
26,254
27,243
28,59
28,100
28,223
29,228
31,129
33,25
34,150
34,231
36,33
36,39
36,96
38,182
39,70
39,118
39,159
39,274
41,281
42,275
43,41
44,72
44,230
46,27
46,190
48,14
49,67
52,108
53,32
53,56
54,17
56,252
63,112
64,195
65,70
65,82
66,22
67,116
69,107
72,0
72,9
72,102
73,226
74,179
77,126
77,240
79,46
82,6
84,280
85,111
86,210
86,285
87,99
87,285
88,271
89,238
91,278
92,121
92,192
92,282
93,133
95,105
95,160
96,195
97,141
98,35
103,69
103,291
104,21
104,131
104,215
105,267
107,198
110,180
110,259
111,273
113,81
114,144
115,161
115,213
115,292
116,104
118,232
119,169
120,23
120,208
124,38
125,63
127,1
127,152
127,163
128,26
129,134
130,197
131,2
132,91
133,146
135,55
135,84
137,168
138,86
139,253
139,266
139,270
140,45
141,8
142,60
143,208
144,158
147,176
147,235
147,293
148,122
149,80
150,109
154,257
154,261
155,183
156,24
156,83
158,201
166,47
166,92
166,199
166,263
169,256
170,20
170,108
170,120
171,222
172,42
172,83
173,45
173,48
174,143
174,168
175,30
175,71
175,123
176,207
177,113
177,219
177,275
179,298
180,241
180,255
181,176
182,93
182,174
182,185
186,16
186,211
187,225
188,50
188,76
188,80
188,210
188,220
189,51
189,284
190,97
193,265
194,28
195,57
196,4
198,153
198,178
200,29
200,32
200,36
202,269
205,218
207,101
208,30
208,206
208,249
209,193
209,297
211,115
211,136
211,162
212,129
212,227
212,295
214,157
214,299
216,77
217,239
218,58
219,110
220,114
220,196
221,29
222,155
222,279
223,117
223,187
226,171
228,250
229,181
232,138
233,198
233,214
234,94
234,218
234,264
236,106
236,277
237,12
238,270
239,287
240,61
240,109
242,68
242,148
242,175
247,12
247,66
251,75
253,184
253,191
255,166
256,14
256,43
256,203
257,244
258,112
258,160
260,40
261,177
264,246
265,200
266,44
267,127
268,37
268,85
269,64
269,151
270,35
271,194
272,73
273,10
273,65
277,216
278,298
279,268
280,152
280,262
282,247
282,260
283,251
283,297
284,142
284,260
286,142
286,290
287,124
288,62
288,114
288,234
289,90
289,250
292,253
293,61
293,164
293,170
294,3
295,154
296,272
297,224
299,132
299,245
