source,target
0,74
0,159
0,178
1,122
3,198
4,57
5,166
6,107
8,7
10,41
12,169
13,69
14,9
16,102
17,216
17,240
17,249
18,108
19,31
21,54
22,70
23,120
23,298
24,148
28,158
28,231
29,106
29,264
31,95
32,4
32,162
33,87
33,268
35,208
38,173
38,244
39,47
39,78
40,118
41,128
42,101
44,105
44,173
46,85
47,20
48,237
49,153
51,75
51,138
53,185
53,210
56,36
56,90
56,239
56,255
59,77
61,76
61,254
63,79
66,37
67,59
68,210
69,15
69,43
69,187
70,42
70,139
70,242
70,258
71,144
71,145
71,166
71,249
72,155
73,63
73,212
76,145
78,22
80,4
81,89
82,103
84,185
86,96
88,290
89,25
89,253
91,163
91,174
91,286
92,0
94,1
94,51
94,124
96,241
97,32
97,275
98,205
101,11
101,282
103,250
104,126
104,160
107,34
107,82
109,215
110,176
111,141
111,167
112,10
112,161
112,292
114,297
115,64
115,281
116,236
121,152
123,214
124,287
125,153
125,202
127,2
127,83
129,104
132,92
132,184
133,51
133,93
133,134
134,217
135,128
136,50
136,71
139,85
140,243
141,123
143,251
144,19
146,114
147,24
148,235
149,209
149,295
151,229
152,115
152,267
157,247
158,183
160,222
160,241
162,263
164,193
167,48
167,73
168,195
170,189
171,154
171,283
172,60
176,55
176,194
179,74
179,98
179,147
180,196
181,11
182,125
182,193
182,230
183,113
183,201
183,248
183,262
185,142
186,49
188,47
188,137
189,18
189,288
190,165
191,253
192,37
192,163
193,238
195,108
196,121
197,258
198,97
198,177
200,186
202,63
202,150
203,142
203,225
204,122
206,273
207,112
207,118
208,164
209,269
209,287
211,100
211,136
211,268
211,289
212,227
212,228
213,65
213,126
213,143
215,256
218,58
218,232
218,271
219,259
219,279
220,64
222,13
222,18
223,181
224,31
224,149
226,285
227,252
228,30
229,175
229,182
231,131
233,214
235,1
238,45
238,245
241,221
243,156
244,12
244,56
244,277
246,26
246,238
249,283
250,228
252,32
252,54
253,60
253,116
255,224
256,9
256,99
256,132
256,234
257,3
257,53
259,16
260,89
260,211
261,146
264,171
265,30
266,7
266,156
266,295
269,129
270,130
271,265
274,39
274,130
275,117
275,207
276,35
276,206
277,62
278,98
279,157
279,226
281,257
281,280
282,199
282,260
283,52
284,138
285,38
285,119
286,27
286,46
287,272
287,294
290,77
290,91
291,83
291,155
291,183
291,190
291,274
292,219
293,141
295,194
296,276
297,120
298,179
299,266
