source,target
0,41
1,87
2,74
3,42
4,2
4,52
4,60
5,78
7,64
8,36
8,57
8,84
9,4
10,67
12,92
15,79
15,85
17,74
21,14
21,27
21,86
22,23
23,35
24,7
24,59
24,68
26,2
26,3
28,58
29,8
30,56
30,66
31,11
31,32
31,33
31,49
32,21
32,65
32,77
33,98
34,45
34,90
37,34
38,64
41,95
44,40
45,25
46,73
46,77
47,69
51,44
52,76
54,6
54,7
55,33
55,83
56,16
56,50
56,61
57,43
58,24
59,23
59,81
60,30
61,25
61,75
67,88
70,40
71,47
71,97
72,22
74,10
75,0
75,62
76,80
81,19
82,65
82,78
83,20
84,28
85,91
86,1
86,18
87,44
87,48
89,13
89,83
91,81
91,96
92,53
93,92
93,99
94,29
95,31
96,55
96,63
97,39
97,51
99,27
