source,target
2,22
2,26
2,67
4,2
4,85
5,53
7,46
8,43
8,57
9,7
12,66
13,32
13,89
15,18
16,20
17,14
17,74
17,87
19,77
21,27
21,74
23,3
24,55
26,11
26,90
27,13
27,70
29,44
29,94
32,3
32,77
35,22
36,4
36,63
39,45
40,25
42,34
43,52
44,83
46,73
47,78
47,80
48,69
48,87
49,79
54,6
54,10
54,76
55,33
56,0
56,13
56,41
58,1
59,18
61,21
61,25
61,31
61,50
62,75
63,6
63,91
64,7
64,16
64,61
65,32
66,16
66,30
66,55
66,60
68,58
72,30
72,45
72,97
72,98
74,96
78,5
78,82
79,24
79,75
81,15
82,65
83,20
83,71
84,28
84,63
86,49
88,37
88,92
89,58
90,8
90,51
90,70
92,12
93,38
93,48
95,15
95,19
96,99
99,34
