source,target
0,41
0,64
3,77
5,78
7,9
7,91
8,7
8,94
8,96
11,22
12,63
14,21
16,1
16,73
18,64
20,85
22,51
23,3
26,11
26,13
26,69
28,58
30,79
31,33
32,3
32,29
32,94
33,25
33,83
33,98
34,37
34,99
35,41
36,63
37,40
37,87
39,6
39,43
41,19
41,56
43,57
45,89
46,91
48,14
48,46
49,15
49,17
49,86
50,47
50,56
52,71
53,92
54,45
58,68
58,79
59,28
60,4
60,55
61,10
61,84
62,75
65,32
67,2
67,88
67,92
68,24
69,42
70,27
70,74
71,97
72,61
73,81
74,67
74,69
75,66
78,93
79,75
80,5
80,30
82,60
84,4
85,38
85,52
85,76
87,0
87,8
87,17
87,36
87,43
87,51
89,90
90,1
90,34
90,84
91,44
91,95
93,65
97,72
98,26
