source,target
3,65
5,48
5,80
6,97
7,46
8,36
8,43
8,57
10,70
12,87
13,32
14,17
14,84
15,1
16,1
16,56
18,64
21,27
21,86
23,11
23,35
24,79
25,97
26,2
26,74
28,29
28,58
28,94
31,81
33,3
34,96
34,99
35,66
37,88
38,85
39,6
39,52
39,54
40,48
40,51
41,0
41,19
41,53
42,6
44,16
45,28
45,34
45,89
47,62
49,31
51,44
53,5
54,9
54,72
55,9
55,60
56,22
56,30
57,33
57,63
58,24
59,73
61,23
63,73
64,95
65,16
65,93
66,47
66,50
67,74
67,83
68,12
68,92
71,98
72,26
72,45
72,66
72,98
75,47
81,19
82,75
84,13
84,90
85,4
85,41
85,76
87,14
87,20
87,21
88,92
91,77
93,39
93,78
95,7
95,91
96,68
96,70
96,91
97,69
