source,target
0,87
1,58
4,67
4,74
5,53
5,78
6,39
8,32
11,72
13,32
13,89
16,55
18,86
20,83
21,27
22,11
22,77
22,98
23,65
24,1
24,68
25,14
26,2
26,3
26,37
26,69
27,8
28,94
29,28
30,13
31,33
31,49
31,61
31,81
33,98
34,43
34,96
35,22
35,66
38,45
39,34
41,85
45,61
46,95
47,50
47,62
48,14
51,25
51,40
54,6
55,9
55,60
57,25
57,36
57,63
58,79
59,81
60,78
63,73
64,0
64,50
64,91
65,93
67,52
67,92
69,87
69,97
70,10
71,2
74,17
74,70
75,5
75,82
76,42
76,80
77,7
77,24
77,73
79,30
79,55
81,15
81,19
81,85
84,28
84,90
86,67
87,12
87,20
87,44
88,60
89,54
89,56
90,37
95,7
96,74
96,99
99,76
99,84
99,93
