source,target
0,41
3,23
3,65
5,16
5,53
6,61
6,97
7,91
8,32
8,57
13,26
14,48
14,84
16,20
16,55
16,86
18,79
22,2
23,11
24,58
25,1
25,72
26,15
27,21
27,70
28,29
28,42
30,13
31,32
31,33
31,95
34,39
34,94
38,85
39,43
39,52
40,72
41,22
41,56
42,34
42,61
44,29
44,81
45,89
46,0
46,60
47,69
47,78
48,46
49,17
52,37
54,10
54,39
55,96
56,65
56,94
59,24
62,47
65,64
65,82
66,12
66,35
66,50
67,88
68,9
68,92
70,99
73,63
74,17
74,90
75,5
75,26
75,66
76,9
76,54
77,3
77,7
77,19
78,93
79,62
83,28
83,71
84,4
84,45
85,63
85,76
86,18
86,58
87,1
87,14
87,36
88,7
90,87
93,38
95,59
98,51
98,97
99,34
99,80
