source,target
2,72
4,9
5,48
5,66
6,8
6,21
7,16
8,7
8,84
9,76
10,96
15,19
18,64
21,86
22,3
22,45
24,1
24,79
25,1
26,23
26,74
26,94
28,59
28,84
29,44
30,13
31,33
31,51
32,29
32,77
35,60
36,63
36,93
37,14
39,6
39,17
40,93
41,53
42,34
44,16
44,57
44,81
45,42
46,59
49,15
50,61
51,97
52,39
52,76
55,83
56,54
56,64
60,78
60,82
63,12
63,73
64,11
65,95
69,38
69,48
69,87
70,26
70,56
71,98
72,30
72,36
73,24
74,67
74,88
74,92
78,55
79,49
79,58
79,62
80,30
80,47
81,19
81,41
81,85
82,75
83,20
85,22
87,0
87,40
89,52
89,61
89,83
90,37
90,70
91,23
91,95
94,32
96,43
96,68
96,99
97,28
98,25
99,27
99,80
