source,target
1,15
1,44
6,8
6,42
7,95
8,57
8,94
10,67
12,98
13,89
15,18
15,85
16,0
16,77
19,81
21,10
21,14
23,11
23,65
25,40
25,98
26,3
26,49
28,84
29,94
30,56
30,62
34,42
34,43
35,23
35,60
37,26
38,45
39,70
40,51
40,87
44,81
46,93
47,69
50,30
50,32
51,31
53,92
54,39
55,5
55,83
56,61
56,91
57,33
57,36
57,88
58,1
59,63
60,46
60,76
60,82
61,72
64,7
64,13
66,47
67,4
67,52
68,9
69,48
70,27
71,47
72,2
72,22
72,26
72,66
74,17
74,96
75,82
76,80
76,99
77,22
79,55
81,73
82,78
83,44
83,67
84,6
84,63
85,20
85,38
85,41
86,18
86,24
87,17
88,37
88,74
90,96
92,74
95,46
96,68
97,28
99,27
99,38
99,50
