source,target
0,3
0,133
1,57
1,182
2,91
2,121
5,225
6,198
7,138
10,71
10,232
13,7
13,132
14,193
15,46
15,152
16,208
17,101
17,216
18,64
19,150
20,66
21,73
22,103
23,144
26,75
26,120
28,164
30,40
31,118
31,237
32,123
34,41
35,187
36,28
36,184
37,126
38,47
40,68
41,294
42,212
45,252
46,244
46,286
47,172
47,275
48,114
48,226
50,88
51,90
52,121
52,254
54,85
54,294
55,163
55,185
55,239
57,47
58,51
58,194
61,10
61,27
62,45
62,189
63,69
64,59
64,284
65,171
67,52
69,99
69,134
69,288
70,242
71,81
74,11
74,282
76,57
77,214
79,118
81,169
81,258
82,277
83,233
84,274
85,32
85,44
85,209
85,280
86,270
87,9
89,255
91,133
91,180
91,238
93,18
93,168
94,92
94,125
94,240
97,142
98,264
99,35
99,46
99,55
101,218
104,25
105,175
106,124
106,144
107,61
108,154
110,17
111,126
111,281
112,181
113,42
115,164
117,232
119,195
120,248
123,29
123,58
123,259
124,251
130,106
130,267
131,11
131,80
131,192
133,39
133,250
134,207
135,197
137,4
138,83
138,262
138,270
138,279
138,295
140,129
140,222
141,73
142,141
143,204
145,37
145,231
150,111
150,222
151,51
151,116
151,159
153,6
153,141
154,223
155,257
156,148
156,219
158,48
158,62
160,241
161,116
166,212
167,90
168,14
172,208
173,13
174,89
174,104
174,147
177,191
177,259
177,278
177,299
178,1
178,226
180,84
180,108
180,266
182,24
182,110
183,119
183,146
184,216
185,176
185,183
185,210
185,293
187,217
188,215
188,287
189,204
190,131
192,250
194,2
194,240
195,8
195,243
196,100
196,249
196,296
197,12
197,199
198,109
198,235
199,38
199,171
200,98
200,102
202,30
202,289
203,293
206,261
208,56
209,53
211,50
211,130
212,162
213,93
214,231
215,9
216,127
216,128
218,165
219,151
219,268
220,122
220,168
221,34
222,170
222,297
223,245
224,30
224,82
224,229
225,177
226,96
227,148
228,149
234,186
234,209
235,174
236,33
236,84
237,157
237,242
239,136
240,179
240,263
243,241
245,178
245,201
246,43
246,59
247,63
247,205
248,22
250,4
251,49
251,227
252,95
253,82
254,155
255,0
255,72
256,12
258,8
258,19
258,64
258,283
259,60
260,215
260,273
261,291
264,67
264,230
265,78
265,234
269,284
271,20
271,42
271,76
272,140
273,181
273,247
276,161
276,175
281,54
285,238
289,36
290,162
291,22
291,272
292,21
294,139
295,70
295,107
296,276
298,147
299,228
