source,target
0,274
1,264
2,121
3,177
5,73
6,199
6,285
9,254
10,179
10,185
10,278
11,288
12,148
14,208
14,231
14,251
15,58
17,216
21,35
21,170
24,164
25,103
25,134
27,122
29,76
31,54
31,283
36,163
41,4
41,127
42,297
43,237
43,260
46,243
46,256
47,56
49,204
49,206
50,28
50,160
50,259
51,57
51,246
51,263
52,13
52,241
53,105
53,116
53,167
55,51
55,189
60,27
60,234
61,107
62,202
63,190
63,226
63,266
65,277
66,23
66,151
67,194
69,230
69,268
70,64
71,109
78,123
78,267
79,214
80,36
81,267
86,188
86,269
86,296
87,5
87,160
87,180
88,144
89,287
90,234
91,192
92,97
94,45
94,125
94,299
96,226
97,142
98,195
98,200
102,171
103,211
104,137
106,29
106,130
106,146
107,67
107,274
109,145
110,37
110,74
111,18
111,88
112,176
113,169
114,98
117,10
120,222
122,202
122,209
124,223
124,266
126,73
127,80
127,99
129,94
129,95
131,24
131,232
135,132
135,228
135,240
135,298
136,8
136,77
136,239
137,121
137,136
138,295
139,40
139,65
139,242
139,270
139,272
141,227
142,32
142,139
143,75
143,106
143,183
144,203
145,37
146,221
148,233
149,44
150,11
150,39
151,59
152,15
153,17
153,98
155,187
155,229
156,78
156,110
156,118
157,115
157,265
158,12
159,150
162,68
162,279
163,53
164,30
165,218
166,124
167,247
168,1
168,176
168,237
170,222
171,140
171,251
172,19
172,117
173,68
174,173
175,102
178,96
179,34
180,191
181,207
181,229
185,55
186,134
189,219
191,179
191,244
194,133
194,192
194,253
197,210
199,282
201,45
202,289
210,93
210,236
211,3
212,70
215,291
216,20
216,131
217,7
217,48
218,54
218,101
218,290
221,85
224,30
225,83
225,159
227,128
227,154
227,177
229,33
229,64
229,196
230,38
230,273
231,18
231,258
231,288
233,29
235,147
238,52
238,157
238,209
239,16
239,63
242,22
242,93
243,156
243,254
245,125
247,46
248,95
249,16
249,119
250,280
251,49
252,261
253,41
255,72
255,104
255,147
256,26
256,108
256,190
258,189
258,240
261,129
261,149
261,213
262,48
262,62
262,100
262,220
263,31
263,224
264,111
264,182
265,161
265,276
267,79
268,47
269,170
269,193
269,284
270,66
270,86
271,75
273,193
273,219
275,155
275,246
276,168
277,82
277,257
279,144
280,120
280,184
282,152
283,15
283,81
283,227
286,196
287,69
287,221
288,84
292,244
293,183
294,161
295,6
296,198
296,205
296,281
297,113
297,215
299,25
299,113
