source,target
3,117
4,129
5,123
5,211
6,146
9,14
10,256
10,262
11,38
13,200
13,291
14,52
14,208
14,226
15,7
15,121
16,84
16,194
19,178
19,296
20,31
20,216
20,299
21,44
22,254
25,134
29,61
30,45
32,280
34,261
35,176
36,102
36,289
38,279
39,35
43,136
43,292
45,138
45,252
46,76
47,1
47,87
47,275
50,145
52,141
52,193
53,24
53,34
53,120
56,295
57,179
58,285
59,0
60,294
62,290
63,74
64,181
65,202
66,160
67,192
67,266
68,93
69,11
70,56
71,182
71,278
73,17
73,18
73,119
74,8
74,161
74,174
75,158
76,24
76,148
78,1
78,48
78,183
79,131
79,151
80,193
81,63
84,255
87,37
87,265
88,51
88,113
88,240
88,287
89,140
90,118
91,168
91,180
92,11
92,57
95,233
97,68
97,104
98,126
101,16
101,79
104,132
104,272
106,47
106,62
106,126
107,70
108,86
108,110
108,170
110,286
112,238
113,28
113,96
115,50
115,207
115,235
116,49
117,130
117,166
117,173
118,77
118,268
119,195
119,234
120,66
120,248
120,297
121,37
121,137
121,221
122,205
122,242
124,38
125,210
126,2
127,240
128,191
129,82
129,223
130,210
135,27
136,21
137,101
137,114
137,216
138,100
139,12
139,65
139,103
139,218
142,114
142,150
144,164
146,197
146,271
147,97
148,41
148,109
148,167
149,54
153,144
156,259
157,136
158,190
158,225
159,167
160,184
163,60
163,105
164,58
164,209
165,287
169,263
170,59
170,215
172,19
172,56
172,239
175,276
176,89
176,174
176,236
177,283
178,33
179,49
179,84
179,112
179,251
179,277
180,269
181,273
182,169
182,214
184,232
184,243
186,279
187,23
187,199
187,203
187,246
189,130
191,223
192,166
193,55
194,260
196,40
196,133
196,229
198,53
198,143
199,282
201,95
202,115
203,165
204,36
206,261
207,9
207,191
208,92
209,258
209,276
211,71
212,194
214,73
216,100
217,157
219,83
219,156
219,196
220,177
220,237
221,284
222,212
222,264
223,94
223,154
224,72
224,171
227,61
227,135
228,139
229,277
230,64
230,155
230,280
231,5
232,6
233,80
234,163
237,149
238,188
238,247
241,99
242,52
244,172
244,293
245,201
247,231
249,108
249,190
250,133
250,241
253,12
254,127
254,185
255,171
257,200
257,297
258,88
262,27
262,90
265,267
268,162
268,249
269,13
270,15
271,42
271,204
273,152
273,195
274,228
281,31
281,111
283,156
286,132
286,153
288,161
289,26
289,244
292,20
294,10
296,25
296,192
296,270
298,140
298,274
299,85
299,213
