source,target
0,170
1,81
2,226
4,64
5,159
5,296
7,135
9,18
9,98
9,184
10,5
11,285
12,31
12,128
12,267
13,217
19,68
19,111
20,90
20,244
21,20
22,196
22,248
23,187
23,205
24,23
25,134
25,266
26,16
26,117
26,262
27,114
27,124
28,70
29,53
29,119
29,278
30,125
30,171
31,71
36,82
36,263
37,127
38,161
42,149
42,297
43,257
46,76
47,265
49,120
51,113
52,8
52,224
52,241
52,242
52,251
54,37
54,137
55,42
57,146
58,88
58,191
59,0
60,168
62,106
62,130
63,281
63,289
64,254
65,295
66,57
66,192
68,93
70,101
72,236
73,68
74,63
76,185
78,156
79,39
79,112
79,208
80,176
80,185
80,269
85,32
85,290
86,292
88,235
89,272
91,2
92,150
94,45
96,75
99,55
100,10
101,160
102,174
104,246
104,298
107,206
108,228
109,199
110,296
111,148
114,282
116,283
120,118
122,44
124,131
125,258
126,100
127,34
129,4
129,95
130,88
130,153
131,190
133,109
133,283
134,155
135,217
136,4
136,77
136,114
137,96
138,83
138,141
138,221
139,19
139,159
139,274
140,129
144,143
147,142
148,69
148,240
150,74
152,6
152,27
152,49
152,123
152,132
153,103
153,264
154,215
155,196
155,260
156,220
157,13
160,214
160,268
162,40
162,212
164,56
164,87
165,173
165,218
165,256
166,293
167,39
168,128
169,158
174,154
175,170
175,202
177,62
178,245
179,84
179,228
180,175
182,172
182,194
183,50
184,221
184,288
185,142
185,183
185,210
186,15
187,53
188,121
189,12
189,55
190,16
191,144
192,126
192,267
193,186
194,26
194,67
194,74
194,127
194,145
197,57
198,169
199,28
202,65
202,115
203,35
204,271
206,140
207,58
208,282
209,79
209,223
209,234
209,243
210,94
211,249
212,2
212,193
213,277
214,9
215,188
215,299
216,116
216,122
217,48
218,35
218,87
218,133
218,161
218,232
218,294
219,56
220,84
220,165
221,14
221,270
221,287
222,21
225,22
227,259
229,200
229,213
230,233
231,80
233,3
234,163
236,248
236,255
237,179
238,209
239,36
240,46
240,61
240,249
241,151
244,17
245,33
246,86
247,93
249,230
250,180
250,286
251,182
253,61
254,201
257,279
258,49
259,15
259,41
259,81
259,152
259,278
261,252
261,291
263,225
264,51
264,227
265,66
266,158
266,276
269,13
269,78
272,7
275,273
277,34
279,33
279,275
279,284
280,157
284,52
284,181
284,204
285,238
288,43
290,200
291,122
292,244
293,155
293,231
293,292
294,97
295,105
295,232
297,195
299,77
