source,target
2,273
3,56
3,296
4,250
4,299
5,199
5,235
8,52
8,195
9,69
9,212
10,17
10,109
11,168
11,268
12,203
13,173
13,202
13,215
14,204
17,21
17,85
18,119
19,68
20,12
24,101
24,239
27,284
28,133
28,237
28,288
28,294
29,106
29,295
31,100
32,280
33,167
33,245
34,277
36,238
37,3
37,75
37,128
37,225
37,232
38,268
40,33
44,243
45,125
46,71
46,76
46,289
47,38
47,57
47,120
47,127
49,166
51,90
51,113
51,169
51,170
52,174
53,17
53,83
55,230
60,98
61,1
61,153
64,41
65,66
66,120
69,232
70,218
70,288
71,172
72,236
74,180
74,194
74,211
75,271
77,193
77,280
78,111
79,14
79,55
80,11
81,258
81,267
82,229
83,5
83,123
83,233
83,243
87,37
87,121
88,271
92,94
93,246
95,48
95,201
97,40
98,249
99,241
100,20
100,138
100,146
102,18
102,89
103,242
104,137
106,15
108,99
109,189
110,118
111,16
111,149
112,179
112,256
113,0
113,175
114,200
115,144
115,161
115,164
115,224
116,34
117,108
117,196
118,77
119,73
119,112
119,231
119,261
121,35
124,240
124,251
125,93
125,154
128,216
129,4
130,165
131,158
133,91
133,186
135,64
136,77
136,124
136,247
138,177
141,8
141,73
142,58
142,190
144,6
144,53
145,231
147,129
147,132
148,138
149,59
149,217
150,159
150,160
150,192
151,110
155,134
155,145
155,167
156,23
157,136
157,220
158,266
163,244
165,292
166,28
167,39
168,56
169,26
171,84
171,102
172,79
172,130
175,105
176,88
178,161
179,51
179,211
179,254
182,169
183,34
183,223
185,31
186,36
186,114
186,152
187,35
188,9
190,134
190,209
190,239
191,62
191,208
191,227
196,219
198,210
199,148
202,30
202,115
202,122
203,46
205,19
206,52
210,104
210,171
213,24
214,208
214,285
215,291
217,135
219,182
221,226
222,141
223,94
223,209
225,54
227,159
228,234
230,107
230,126
230,155
233,290
234,7
234,25
234,265
236,176
238,86
240,62
240,96
240,143
240,272
242,217
242,298
246,104
252,95
253,57
255,275
256,156
258,254
259,151
260,197
260,215
262,48
263,25
264,67
264,165
265,283
266,50
266,163
266,170
266,262
268,1
269,30
269,181
270,140
271,42
272,19
272,139
272,140
272,255
273,42
273,43
274,175
275,86
275,87
275,207
276,59
276,63
278,27
278,249
279,162
279,257
280,248
281,218
282,58
283,185
283,242
284,10
284,221
286,22
287,132
288,184
291,22
293,126
295,278
296,198
297,63
299,82
299,228
299,279
