source,target
0,28
2,226
3,79
3,91
6,265
7,132
7,154
8,136
8,253
8,282
12,128
16,121
16,148
17,232
18,219
19,38
19,103
20,244
21,14
22,227
23,275
24,85
24,224
25,118
31,218
33,45
34,88
34,277
37,73
37,296
38,98
42,276
43,42
43,257
43,297
45,30
46,165
46,240
47,36
47,190
47,212
48,110
51,269
52,8
52,13
52,206
52,278
53,83
54,137
54,218
55,4
56,254
57,87
57,151
58,285
59,217
59,298
60,27
61,32
61,241
63,279
64,195
64,199
65,202
66,22
68,162
69,214
70,181
71,166
71,258
73,47
75,194
76,48
77,232
78,152
78,221
79,20
80,131
80,237
80,244
80,247
80,269
81,267
82,129
83,46
83,138
83,183
84,255
85,21
85,44
85,287
86,180
86,246
87,270
88,263
92,11
93,213
93,215
94,191
95,282
96,127
96,202
97,150
98,24
99,55
100,72
100,262
101,271
102,36
104,13
105,19
105,56
105,238
106,80
107,146
108,105
108,117
108,175
108,193
109,29
113,169
115,207
117,130
119,159
119,221
119,234
121,5
123,182
124,203
126,74
126,245
127,107
127,230
131,160
131,208
133,0
134,295
137,28
137,279
137,299
138,100
138,124
139,196
140,277
141,60
142,26
142,53
144,100
145,55
145,81
146,34
148,50
148,57
150,74
151,61
155,185
155,213
156,99
157,292
158,106
160,39
160,283
163,15
163,61
164,183
167,90
168,145
170,77
172,130
174,45
174,93
175,161
176,6
177,259
178,33
179,139
180,280
182,12
182,143
182,167
182,286
184,37
184,160
187,163
188,86
189,172
192,3
194,260
196,249
196,266
197,149
198,289
199,233
200,114
200,140
200,290
201,198
203,153
207,181
207,193
207,275
208,118
209,158
210,94
210,236
211,62
211,81
211,151
211,209
211,299
212,2
212,162
214,11
214,283
215,9
215,173
215,235
215,297
216,27
216,117
216,122
217,149
219,1
221,22
222,52
222,285
223,82
223,147
224,171
225,40
226,166
228,272
231,225
233,109
234,132
234,251
234,259
236,89
238,294
239,248
241,35
242,70
243,49
245,125
245,223
246,59
246,104
248,120
248,126
249,268
251,184
253,109
253,119
255,142
256,211
257,229
259,111
259,250
260,157
261,189
261,252
263,110
263,116
263,216
264,17
264,222
265,208
268,16
269,219
270,186
271,76
271,204
271,225
273,152
276,123
276,169
277,82
277,135
277,205
279,288
281,113
284,159
286,256
287,75
289,187
289,272
291,135
292,43
293,41
293,49
293,167
293,203
295,29
296,10
296,220
297,112
297,274
299,67
299,94
