source,target
2,80
2,226
3,96
3,177
3,283
5,31
5,227
6,225
7,13
8,146
8,195
9,145
11,285
13,220
15,42
15,52
15,110
20,86
20,244
22,88
22,184
23,77
24,199
24,230
27,240
28,282
29,106
30,175
31,256
31,281
32,250
34,243
34,290
35,158
35,203
36,82
42,41
43,136
43,297
44,104
44,258
46,2
47,37
47,160
48,76
50,111
50,161
51,287
53,49
53,120
53,163
53,271
54,279
55,254
56,59
56,231
57,19
57,39
57,121
57,151
58,14
59,64
60,10
60,278
61,163
61,183
62,22
63,69
63,139
64,113
71,5
71,26
71,135
71,194
71,289
74,144
76,24
76,98
77,70
78,33
78,152
80,42
80,127
80,233
81,14
81,35
82,65
82,229
83,40
83,221
84,269
86,36
86,113
89,102
92,4
92,47
94,135
95,248
96,259
97,92
100,57
101,106
101,168
101,182
103,211
107,227
108,276
110,99
111,54
111,216
113,91
115,161
116,285
117,263
118,105
119,127
121,222
125,72
125,154
126,105
127,213
129,94
129,95
130,51
130,210
131,192
133,150
135,237
135,247
135,291
136,114
137,226
139,165
139,190
139,274
139,294
142,75
148,50
148,90
148,138
149,261
150,141
153,1
153,174
154,206
155,251
155,270
156,10
160,101
163,0
163,132
164,279
166,79
166,244
167,103
167,123
172,100
172,118
173,259
175,108
178,33
181,230
182,12
184,215
185,210
185,288
186,238
187,18
188,25
188,44
189,71
190,1
190,112
190,152
191,124
191,144
192,62
192,225
192,267
195,119
196,188
196,270
197,30
197,85
199,38
199,171
199,277
201,185
202,122
203,293
203,295
204,189
207,28
207,287
208,56
209,133
209,191
210,236
211,43
211,67
214,131
214,160
215,68
215,93
215,154
216,73
217,242
218,11
219,18
219,172
220,93
221,66
222,193
222,260
223,147
225,134
227,17
227,150
228,149
228,170
228,264
229,207
229,224
230,200
231,116
231,273
233,53
234,159
234,292
235,115
235,215
237,280
239,55
240,179
240,194
241,250
242,72
243,83
245,97
246,221
249,31
251,142
253,109
253,129
254,9
254,155
255,0
255,89
255,147
257,247
258,16
258,125
259,198
260,196
261,34
261,252
262,176
263,209
265,208
266,180
266,274
266,276
268,251
269,181
270,23
270,140
271,204
271,246
271,275
272,255
275,87
277,46
277,205
278,78
282,48
282,212
283,45
283,81
283,128
283,143
283,169
283,176
283,296
284,193
286,168
287,32
289,3
290,162
291,122
292,21
292,157
292,241
294,148
294,238
295,63
295,232
297,58
298,27
299,4
