source,target
1,47
1,78
1,214
1,248
2,208
6,146
7,149
7,200
7,243
8,0
8,124
10,122
10,205
11,16
15,7
15,95
15,265
17,116
17,264
19,105
20,180
22,29
22,138
22,184
22,291
23,114
23,254
24,241
25,75
27,74
28,36
28,50
29,294
31,196
31,281
32,152
32,250
33,178
33,245
34,17
34,261
35,212
37,73
40,83
41,143
41,224
41,259
43,230
44,169
44,243
45,201
45,252
46,106
46,223
47,87
49,45
49,67
49,204
49,258
52,206
53,12
56,81
57,141
57,146
59,25
59,202
60,106
60,221
62,133
63,56
64,52
68,19
69,216
71,210
71,244
71,251
73,162
73,184
73,279
74,37
74,240
76,191
77,152
80,5
80,112
80,185
83,284
84,179
85,220
87,128
88,211
90,118
92,142
93,68
94,223
96,99
96,179
97,104
98,169
101,137
101,167
102,65
102,135
102,279
103,54
104,93
106,53
106,79
108,4
108,170
110,31
111,54
112,219
115,32
117,113
119,136
119,193
120,118
120,183
120,218
125,215
126,198
129,82
131,102
132,85
133,194
135,229
137,121
138,214
138,242
138,262
139,48
139,92
140,291
141,34
142,117
142,239
144,292
145,151
145,164
147,132
148,16
148,123
148,257
150,262
153,76
153,182
153,209
154,108
155,125
155,134
155,142
155,218
156,99
156,160
159,172
160,163
161,109
165,139
166,69
167,18
167,39
167,187
168,128
172,21
172,71
172,151
172,289
173,165
174,147
175,163
181,149
181,195
183,176
184,9
184,88
184,260
186,36
187,24
187,287
189,29
189,55
190,199
190,256
191,58
191,127
192,66
193,222
194,109
194,253
196,56
196,91
196,100
196,228
196,266
196,276
198,67
202,61
203,46
204,158
204,192
206,40
207,53
207,297
208,63
209,20
211,26
213,299
215,13
215,64
215,197
215,299
217,13
219,178
221,14
221,159
222,4
223,82
223,124
223,277
224,72
224,144
224,171
225,75
225,278
226,288
227,154
228,298
230,282
231,3
232,6
233,199
234,148
235,174
236,30
236,235
237,21
238,10
238,103
239,35
239,38
241,88
241,130
242,86
242,122
245,97
246,140
246,157
247,155
251,41
254,107
254,193
254,225
254,238
255,274
256,117
257,131
258,69
258,127
258,250
259,3
259,177
259,191
264,217
265,19
265,283
266,50
266,105
268,77
270,275
271,20
272,103
272,269
273,42
273,70
273,253
273,287
274,209
278,249
279,270
280,226
282,15
283,27
283,156
283,263
284,153
285,86
285,267
286,135
287,51
287,85
287,89
288,121
288,188
290,200
292,43
293,23
294,295
296,188
