source,target
0,96
1,63
1,208
1,285
2,6
3,117
3,127
5,6
5,61
5,263
6,151
6,232
10,60
12,92
13,129
15,95
15,105
15,186
15,225
15,253
16,258
17,73
17,227
19,205
25,75
27,73
27,76
28,97
28,231
28,294
30,94
31,180
35,200
35,212
38,98
40,139
43,280
44,298
45,33
45,62
46,156
50,267
51,22
51,254
51,257
52,141
52,229
53,66
53,101
53,189
54,228
55,229
56,70
56,110
56,164
58,250
60,71
62,12
62,283
64,213
64,260
65,82
65,272
67,144
68,162
69,8
69,118
71,244
71,249
72,125
73,47
74,264
75,106
76,10
76,106
79,239
80,289
81,169
81,198
83,132
85,221
86,140
87,238
92,282
98,2
98,214
98,278
99,142
100,242
101,24
101,292
102,18
102,39
102,135
103,3
103,129
103,177
104,93
104,210
104,255
106,46
106,109
107,1
107,123
111,190
111,247
112,42
112,100
112,119
113,28
113,298
114,195
115,29
115,96
115,130
115,161
115,164
115,199
115,258
117,37
117,108
118,160
118,208
120,26
120,56
121,35
124,214
125,68
125,171
126,145
126,219
126,279
130,165
134,295
135,138
135,197
138,159
139,219
141,34
141,188
142,251
144,51
147,266
148,146
149,111
149,217
150,19
150,218
150,262
153,100
154,223
157,136
158,36
158,178
158,204
158,266
159,32
159,183
160,150
164,128
164,155
165,173
166,49
166,66
168,52
170,4
171,30
171,179
172,90
172,268
173,102
174,215
178,236
179,45
179,59
179,132
180,211
181,149
181,207
181,224
182,16
182,271
183,50
184,74
185,11
185,53
186,193
187,207
188,25
189,261
190,243
191,57
191,127
192,110
193,81
193,221
194,128
195,92
198,235
199,24
202,59
202,272
206,154
210,252
211,174
211,240
211,286
212,218
212,222
213,18
215,104
215,117
215,297
216,152
218,133
220,168
223,191
226,14
226,38
227,148
228,4
228,157
228,257
230,21
230,42
230,69
230,216
230,284
231,116
231,233
233,48
233,54
235,147
236,176
237,44
238,297
239,275
241,163
243,121
243,234
243,256
244,31
245,126
245,201
247,281
248,95
249,288
250,163
250,192
251,41
251,182
254,88
255,72
255,236
258,23
258,136
259,143
259,254
262,220
263,103
263,184
263,196
264,287
265,137
265,169
266,209
267,15
269,80
269,86
269,131
269,246
270,7
270,120
270,167
270,172
273,77
273,230
275,43
275,78
275,226
276,91
276,265
277,199
279,9
279,79
280,175
288,84
289,172
291,43
291,122
291,290
293,20
293,58
295,12
295,203
296,237
297,274
298,89
299,55
