source,target
1,196
5,31
5,100
7,140
9,180
10,92
10,93
10,145
11,14
11,69
11,285
14,196
15,54
15,237
16,84
16,121
16,249
17,189
17,287
20,105
21,116
21,288
21,297
22,251
23,202
24,126
25,51
25,85
25,135
27,74
27,122
29,61
30,197
31,256
34,50
35,38
36,82
37,221
39,78
39,102
40,178
40,299
44,113
46,15
46,159
46,286
47,37
49,50
49,106
52,253
53,41
56,118
56,241
56,267
56,294
58,24
58,170
58,207
60,216
60,278
62,10
62,165
66,35
66,73
69,55
69,98
69,166
69,231
70,181
70,242
70,268
72,270
74,61
74,184
74,266
79,265
79,279
80,131
80,269
80,271
83,62
83,272
83,291
85,246
85,296
86,36
87,9
87,166
92,52
92,65
92,94
95,129
96,75
96,171
96,280
97,28
99,128
99,158
100,149
102,229
102,257
103,4
104,40
105,53
105,63
105,186
105,238
106,124
106,226
107,209
108,31
108,113
109,23
110,263
111,90
111,137
112,179
114,77
114,92
114,193
115,146
117,173
118,26
118,264
120,101
120,150
120,193
123,0
123,8
123,70
125,236
127,110
130,185
133,194
134,114
135,13
136,42
136,262
137,19
137,226
137,239
137,247
139,195
140,132
140,192
141,60
142,28
142,32
143,75
144,199
145,126
145,175
145,200
148,208
149,7
149,9
149,67
149,197
149,215
151,99
155,103
156,81
156,211
156,259
157,132
159,284
160,267
162,68
162,290
163,58
163,153
168,188
172,160
172,292
173,5
173,57
174,52
175,274
176,89
176,108
179,45
179,234
179,240
180,169
181,284
182,167
182,218
183,39
183,128
186,134
187,264
189,18
189,204
190,283
191,164
191,182
191,209
192,141
194,2
194,293
195,55
197,224
197,293
198,6
198,169
200,64
200,230
201,95
201,206
202,96
203,81
205,217
208,155
208,214
208,232
208,275
212,247
213,18
216,243
216,287
218,35
218,289
219,6
223,154
223,277
226,26
226,199
226,280
228,157
230,86
230,250
230,282
232,190
233,53
233,76
235,148
236,72
236,210
237,87
239,80
239,142
239,227
240,272
242,259
243,27
244,119
244,191
245,223
248,11
251,71
251,142
251,146
252,33
252,261
254,3
254,29
254,88
254,276
255,258
257,86
258,64
258,91
259,220
261,119
262,139
263,147
264,273
266,84
270,163
271,12
271,20
272,217
273,152
276,161
276,296
277,171
279,43
279,177
279,288
281,54
282,16
283,180
283,225
284,48
285,222
288,37
288,68
288,185
289,187
295,268
296,110
296,138
296,188
297,112
298,153
299,59
299,94
299,129
299,260
