source,target
0,163
0,179
2,161
2,232
2,273
3,117
6,146
7,82
9,116
10,29
10,61
10,294
10,295
11,9
11,74
12,222
14,193
15,96
16,182
17,52
17,85
19,137
19,178
20,184
22,246
23,42
24,144
26,62
26,237
27,114
27,284
30,125
31,5
31,113
34,261
35,66
40,196
41,21
41,121
43,46
43,239
44,21
45,252
45,283
47,56
47,267
48,114
50,130
50,211
52,36
53,187
54,39
54,43
54,274
59,77
59,149
60,27
60,249
61,160
63,107
65,202
66,20
68,73
70,86
72,224
73,218
74,38
74,266
76,128
76,268
77,280
77,288
78,275
79,60
80,131
81,296
83,262
84,32
84,220
84,277
85,280
86,269
87,24
87,35
89,104
91,112
92,67
93,10
95,91
96,75
96,176
96,260
97,147
98,37
98,141
98,238
102,132
103,92
103,153
103,240
104,97
106,118
106,172
108,276
109,119
110,88
110,106
111,88
112,31
112,181
113,243
115,0
115,167
118,281
121,136
123,138
124,191
124,223
125,45
125,154
126,17
126,286
127,107
127,109
127,192
127,227
127,229
128,133
131,8
133,198
135,55
135,200
136,23
137,28
138,25
139,83
140,7
140,65
140,89
140,206
140,228
141,57
142,271
143,204
145,38
145,126
145,287
147,174
147,263
148,156
148,208
151,99
151,227
152,216
153,203
155,100
155,213
155,270
158,12
158,26
158,265
159,139
163,141
163,221
165,189
165,215
166,279
169,81
169,131
169,289
170,228
172,47
173,165
174,94
177,183
178,33
178,68
178,175
178,210
178,245
182,151
182,187
182,241
183,122
183,294
185,176
186,101
186,190
187,199
187,270
188,11
189,254
190,158
191,159
191,180
193,207
194,145
196,188
196,293
197,135
201,219
203,127
204,62
205,298
206,49
207,134
207,185
207,195
208,6
208,87
213,18
214,248
216,110
216,164
216,168
219,247
220,299
222,4
222,150
224,41
224,184
225,169
225,177
225,234
226,108
228,25
229,230
230,55
230,70
230,218
231,136
231,225
231,233
231,282
235,115
238,186
239,105
239,285
241,292
242,59
243,53
246,44
246,244
247,156
247,212
248,40
248,90
248,236
251,124
253,132
253,183
254,105
254,150
254,259
255,142
255,171
256,283
256,297
257,148
258,23
258,250
259,209
260,64
260,197
262,278
263,1
263,3
263,19
264,111
264,157
267,50
267,78
267,128
269,84
272,71
272,103
272,217
272,255
273,51
273,98
275,80
276,123
278,26
278,129
279,2
284,15
285,194
288,69
288,231
289,272
290,7
290,34
290,162
291,13
291,264
294,58
297,120
297,195
298,242
