source,target
1,75
3,289
4,260
7,200
11,9
11,131
11,188
11,257
11,285
14,101
15,295
17,98
17,116
18,73
22,80
22,104
22,169
22,172
24,53
24,144
24,224
27,262
30,45
30,236
31,180
33,68
34,202
35,24
36,28
36,227
37,92
37,168
38,47
40,196
41,21
41,165
44,22
45,94
45,284
46,296
48,243
50,51
50,61
50,170
52,8
52,13
52,174
52,206
52,229
52,242
53,156
55,42
56,38
56,59
56,64
56,208
56,216
56,231
58,166
60,126
60,183
61,240
62,165
63,52
63,266
63,268
68,215
69,157
70,273
70,288
71,192
71,249
73,12
73,123
75,253
76,29
76,48
76,148
77,193
78,152
79,184
80,42
83,121
83,219
84,122
86,104
87,164
89,140
90,218
91,95
91,176
92,10
92,87
93,299
96,115
96,171
97,190
98,63
98,278
100,153
100,263
101,53
102,121
103,175
104,255
106,286
107,282
108,163
110,176
110,203
114,124
114,247
117,5
117,259
118,37
118,249
119,4
119,60
121,2
122,74
122,205
124,191
125,7
127,258
128,48
129,147
130,76
130,111
130,267
131,16
132,272
133,15
133,127
133,250
135,197
135,283
136,77
138,159
138,227
138,233
140,25
140,84
140,246
142,32
142,139
143,155
144,6
144,100
145,17
145,141
145,194
146,251
148,41
149,89
151,66
151,241
153,1
153,182
154,224
155,58
155,103
155,182
157,133
158,36
159,142
159,150
161,50
165,189
166,212
167,152
167,230
169,26
171,65
172,79
177,146
178,162
179,112
180,9
181,149
183,117
186,238
186,265
187,56
190,225
190,232
196,15
196,56
196,186
197,30
197,85
197,210
198,109
198,169
198,201
199,28
199,164
199,207
199,226
199,277
200,77
200,233
203,29
203,106
204,143
205,93
206,40
208,160
209,274
211,81
211,234
213,229
215,82
215,173
216,57
217,187
218,120
219,23
219,145
219,247
220,44
220,281
222,67
222,297
223,125
225,54
225,214
225,271
225,295
226,62
226,178
228,242
230,10
230,279
234,83
235,198
236,72
237,179
237,280
238,43
238,134
238,237
240,88
240,192
240,195
241,2
243,99
244,151
245,97
247,185
248,162
251,41
251,208
252,95
253,132
254,294
256,112
257,222
259,211
259,287
261,129
262,71
263,20
264,90
265,105
269,217
270,58
270,120
270,221
270,275
272,269
273,64
273,137
274,139
275,239
276,0
276,3
277,171
281,19
281,113
282,118
282,123
284,69
287,39
289,46
291,13
292,70
293,34
293,49
293,189
294,81
296,198
296,204
297,215
297,246
298,27
298,290
299,129
299,163
299,228
