source,target
2,139
3,231
3,254
4,228
5,225
5,235
5,275
6,199
7,260
9,17
9,69
9,218
9,292
10,107
13,40
13,215
14,18
17,34
20,73
21,121
21,237
21,298
22,29
24,216
25,220
26,278
27,237
27,284
28,166
28,199
30,236
31,71
32,202
33,279
34,46
36,198
37,126
37,293
40,206
41,295
43,291
45,179
45,252
47,268
48,6
49,78
49,172
50,3
50,146
51,36
51,254
51,272
52,221
53,87
54,85
54,90
56,159
57,92
57,197
58,170
58,190
59,0
59,77
59,95
59,129
60,81
62,283
64,136
64,213
66,53
66,65
66,208
67,50
68,125
69,238
69,288
70,138
71,75
71,76
71,251
71,265
72,270
73,57
75,1
75,12
75,96
76,11
76,29
76,131
76,240
77,156
78,39
78,188
79,172
79,184
81,56
81,63
81,120
82,223
83,49
84,299
85,234
85,280
86,104
86,242
88,258
93,205
93,299
94,30
97,92
98,34
98,174
100,149
100,158
101,120
102,253
102,257
102,269
103,32
103,222
107,35
108,154
109,55
110,216
111,150
112,80
114,98
116,285
117,10
117,26
120,118
120,154
122,209
123,297
124,177
125,45
127,227
127,282
129,147
129,261
130,189
130,267
133,209
134,123
135,94
135,103
135,110
135,217
135,243
136,42
136,124
136,157
137,11
137,19
137,55
139,110
139,274
139,286
141,74
141,127
143,183
143,249
145,115
145,130
149,44
149,54
149,104
150,99
150,212
154,82
155,187
157,164
159,167
159,244
161,38
163,142
163,262
163,266
164,233
164,239
165,292
169,180
170,250
170,256
171,96
173,259
175,25
178,210
179,67
179,128
179,176
180,191
181,269
182,37
183,6
183,83
183,133
185,41
185,80
185,210
188,100
188,204
188,215
192,173
193,2
194,66
196,113
196,169
199,164
200,189
201,206
203,165
205,242
207,23
208,141
208,144
209,89
211,289
212,193
214,62
214,248
216,151
218,290
219,18
219,145
220,86
222,230
226,63
226,160
227,61
227,153
228,132
228,175
229,213
230,192
231,116
234,182
235,147
237,119
237,168
238,43
238,57
238,276
240,143
241,53
242,140
244,31
244,106
245,68
246,287
247,135
250,180
250,227
256,218
257,16
257,277
258,23
259,152
259,258
260,207
262,60
262,123
264,186
264,263
267,184
268,111
268,162
268,232
269,224
270,15
270,186
271,105
271,142
273,4
275,247
276,91
277,93
278,22
279,238
284,15
284,114
284,195
284,221
285,194
287,296
288,137
289,36
289,283
293,5
293,148
294,101
294,138
294,161
295,9
295,155
296,8
296,281
296,294
298,255
