source,target
0,28
0,76
0,118
2,53
3,61
3,83
5,46
6,35
6,60
6,110
6,121
8,50
9,157
10,109
12,108
12,181
12,190
15,51
16,70
16,74
16,109
18,134
18,192
19,0
19,25
19,58
21,129
22,64
23,26
23,197
24,17
24,161
25,33
26,34
31,50
31,184
33,97
34,18
34,87
34,103
34,159
35,4
35,102
36,136
39,96
40,88
42,66
43,69
43,120
44,175
45,195
45,196
48,24
50,72
52,44
53,4
54,86
59,125
60,105
60,122
60,126
61,63
64,10
66,187
67,29
67,80
67,107
69,132
73,128
75,82
77,165
77,183
78,166
79,67
79,130
80,15
80,16
80,162
81,95
81,164
83,56
83,142
84,40
85,175
88,191
91,14
91,61
92,155
93,16
94,138
97,65
97,179
97,185
99,116
99,180
100,45
104,152
106,49
108,57
108,149
111,130
112,30
112,120
112,188
113,37
113,92
115,32
115,81
116,9
117,23
117,186
118,71
120,31
122,46
122,124
124,108
124,112
124,146
124,169
125,0
127,8
127,150
128,20
128,69
129,1
129,13
133,41
135,94
135,134
137,84
137,147
139,42
139,49
139,90
139,174
140,57
140,152
141,90
142,6
142,38
142,178
143,35
145,123
145,139
146,176
147,75
148,7
148,113
151,181
153,136
154,52
154,55
155,47
155,86
155,129
155,197
156,100
158,106
160,189
161,126
161,153
162,12
162,78
163,43
167,20
168,131
168,140
170,27
170,114
170,163
170,183
171,39
171,116
171,144
172,165
175,199
179,31
179,62
179,68
180,170
181,173
182,115
182,193
183,101
186,89
187,44
187,93
187,119
188,100
188,117
189,135
190,41
191,123
192,182
194,98
194,160
195,11
196,177
198,146
