source,target
1,29
1,48
2,28
6,38
6,55
6,143
8,89
8,151
8,188
9,64
9,110
10,186
11,63
11,112
12,62
13,8
13,58
15,67
15,80
15,136
15,187
17,198
18,160
19,140
20,36
20,81
24,126
25,14
26,34
27,180
28,79
31,63
31,91
31,97
32,176
33,172
35,76
39,27
40,84
40,184
41,45
41,121
42,67
43,50
43,158
47,3
47,16
48,24
48,82
50,159
51,157
51,174
52,23
52,141
54,23
56,142
57,54
57,103
57,108
59,5
61,99
62,66
64,2
65,46
66,159
68,42
69,21
69,116
69,128
71,97
75,147
78,132
78,162
79,50
79,87
79,127
79,154
80,78
81,72
81,115
81,135
85,70
86,70
86,107
87,14
87,74
87,114
87,164
87,199
89,59
89,150
90,141
91,191
92,56
93,7
95,41
96,190
98,113
98,171
98,192
100,128
100,156
103,183
105,134
105,197
106,100
107,185
108,49
108,124
108,131
110,168
112,30
112,120
115,13
115,109
116,99
116,182
117,15
118,22
118,71
118,73
118,193
119,86
119,101
119,117
120,33
120,60
120,105
121,181
123,191
124,11
124,165
125,0
125,9
125,94
126,104
127,169
130,35
131,75
131,163
133,90
133,195
133,198
139,130
139,149
140,10
140,87
140,152
142,83
142,106
143,35
143,57
145,12
146,131
146,138
148,49
149,178
151,27
157,94
160,6
160,189
161,47
161,126
162,122
166,138
167,118
168,46
169,3
169,4
169,53
169,69
170,183
171,37
171,109
171,111
171,144
173,18
173,40
174,153
175,44
176,72
181,149
182,196
184,177
186,77
187,34
187,44
187,54
187,88
187,93
187,179
188,96
194,98
196,137
196,173
197,20
197,102
197,155
198,129
