source,target
0,76
0,125
1,67
3,47
3,162
4,169
5,45
7,148
8,189
9,14
9,110
9,116
9,157
10,74
10,168
11,197
12,62
12,199
13,21
13,115
15,54
15,136
16,17
19,25
19,140
21,69
22,83
22,152
25,193
26,72
28,69
29,20
29,197
31,5
31,123
32,89
33,172
34,17
34,94
35,22
35,108
38,87
38,142
39,144
41,6
41,121
41,129
45,127
47,155
48,24
48,44
49,187
50,122
52,36
52,150
54,23
54,99
54,160
57,3
57,55
57,143
58,13
59,0
60,113
61,99
62,106
64,61
64,63
64,178
64,185
65,96
66,42
66,85
67,51
67,164
68,36
68,132
68,180
71,6
71,118
73,11
73,196
74,39
75,119
75,192
81,134
81,183
82,174
84,76
85,95
85,175
86,48
87,10
87,79
88,16
89,37
89,59
90,73
93,98
93,187
96,151
96,190
96,191
99,169
100,171
100,189
101,18
104,49
106,27
106,100
108,126
109,80
110,127
114,109
114,112
115,181
119,101
120,33
120,137
120,195
122,166
122,167
122,179
123,145
124,120
124,175
125,19
125,94
126,60
126,158
128,30
128,131
128,135
129,12
131,75
133,41
136,183
137,147
138,9
139,180
141,53
142,56
144,46
144,114
144,194
146,138
146,163
148,110
149,178
154,124
154,161
157,43
157,58
157,139
158,146
159,34
159,141
160,18
160,130
160,153
160,154
161,24
161,156
162,50
164,15
164,104
165,65
165,77
167,26
167,128
168,111
170,151
171,90
173,182
174,91
174,139
176,32
177,68
177,78
181,40
181,173
182,29
182,193
183,103
184,57
185,107
186,23
188,8
188,117
191,88
194,137
195,2
195,35
195,92
195,97
197,102
197,105
198,141
199,70
