source,target
0,28
0,135
1,108
1,129
3,166
3,173
4,169
6,2
6,41
6,60
6,71
6,143
8,183
9,147
11,196
12,145
12,199
15,175
16,17
16,88
17,70
17,157
19,25
19,125
20,158
20,180
21,74
22,50
23,78
27,189
28,195
29,169
30,62
32,47
33,120
33,172
35,84
36,170
38,152
40,184
41,95
41,121
42,66
42,96
43,52
43,157
44,89
46,14
46,171
48,68
49,104
49,161
49,190
50,73
50,162
51,54
54,15
55,186
56,15
56,142
57,3
57,196
58,131
60,106
61,32
61,174
64,82
64,116
65,2
66,62
66,63
66,85
67,44
67,103
69,79
69,115
69,132
70,86
72,59
75,131
78,1
78,50
81,41
81,61
81,177
81,183
82,75
82,92
82,174
83,71
84,36
85,87
86,107
86,155
90,124
90,133
90,191
91,39
92,56
92,113
94,64
96,128
96,188
98,53
98,114
98,179
99,116
101,67
102,76
102,112
102,140
102,167
105,181
107,91
107,185
108,20
109,16
109,80
109,93
111,97
112,39
116,182
117,23
117,48
117,186
118,22
119,46
119,100
124,5
124,120
124,165
125,9
125,59
126,3
126,24
126,153
128,69
129,13
129,184
130,111
132,21
132,29
132,146
134,18
134,135
135,148
137,10
137,11
138,94
139,42
141,37
141,178
142,0
142,38
144,101
144,154
145,139
145,151
146,57
146,138
146,198
147,75
150,127
153,77
153,156
159,66
159,191
160,130
161,126
163,7
163,26
163,57
164,81
168,67
168,110
168,111
168,117
170,27
171,109
171,141
176,124
179,12
179,31
179,122
179,150
180,27
180,34
180,136
180,167
181,40
181,149
187,93
191,123
192,29
193,182
194,95
195,45
195,168
197,35
