source,target
0,118
3,61
3,128
3,173
5,45
5,97
5,125
5,151
5,169
6,35
7,59
8,89
9,116
10,64
10,87
12,4
12,75
12,108
13,8
16,124
16,198
17,120
18,173
20,5
20,44
20,78
20,167
21,69
23,60
24,17
27,26
27,106
27,158
28,167
29,86
31,193
32,122
32,155
33,137
33,185
35,81
35,164
38,152
39,27
39,51
39,112
40,88
43,111
43,157
49,4
51,42
51,187
52,18
54,174
55,51
56,83
57,2
57,55
57,184
58,13
59,117
59,140
60,81
61,170
62,30
62,96
64,22
64,97
65,3
65,46
65,165
66,165
67,79
67,101
69,28
69,178
70,16
70,123
70,199
71,182
72,136
73,187
74,188
76,25
76,84
79,110
79,186
81,95
83,71
83,142
84,103
84,183
85,9
85,175
86,15
86,48
86,90
86,107
88,34
88,77
88,169
90,133
91,191
92,82
92,113
93,124
93,159
94,58
94,135
96,65
99,54
100,37
100,128
100,188
102,76
103,100
104,49
107,85
107,192
108,43
108,131
108,139
109,66
111,93
114,98
115,126
117,68
122,179
125,19
126,161
127,60
128,196
129,31
130,119
130,149
132,94
133,195
134,2
136,44
137,120
137,174
137,194
138,146
139,36
140,168
141,29
141,53
141,171
143,57
143,135
144,91
144,171
145,21
146,9
147,75
147,190
149,181
150,52
151,12
152,104
153,157
154,186
156,153
157,1
158,47
158,62
159,50
160,6
160,80
161,156
162,109
162,193
163,139
164,0
166,106
167,79
168,87
170,90
170,180
172,33
175,199
176,42
177,41
177,63
177,184
178,148
179,113
179,162
180,14
181,121
181,143
182,192
189,150
192,98
194,144
197,11
197,23
197,102
197,105
