source,target
0,35
0,142
3,184
4,27
5,195
6,121
8,89
8,151
9,36
9,133
10,79
10,199
11,124
13,116
14,25
15,56
15,96
17,198
22,83
24,128
24,161
28,86
32,155
34,18
34,64
34,180
36,1
36,42
37,100
38,4
39,27
41,108
43,143
43,196
44,48
46,64
47,26
47,155
47,175
49,119
50,1
50,20
50,63
51,15
52,42
53,98
53,126
54,160
56,134
57,2
57,140
57,176
58,13
59,0
59,72
59,127
60,113
60,120
62,30
62,91
62,196
63,12
65,2
68,5
69,21
69,129
70,16
70,86
70,199
72,169
73,3
75,57
77,127
79,90
79,168
80,93
80,115
82,48
82,174
84,76
85,107
87,55
87,74
87,138
88,10
88,40
90,85
90,116
90,171
91,189
92,56
93,7
93,111
93,154
93,170
96,39
96,62
96,164
97,71
102,112
103,45
104,164
107,66
108,31
110,6
110,125
111,67
111,97
112,188
113,194
115,95
116,61
117,68
117,119
117,181
118,22
120,19
120,193
121,181
122,170
123,186
126,24
126,158
129,47
129,198
130,9
130,178
131,74
132,92
135,0
135,148
136,39
136,183
139,78
139,145
140,59
140,76
141,37
144,114
145,21
147,75
147,137
149,94
150,117
152,82
153,156
154,186
157,49
158,106
159,153
162,177
165,65
165,172
166,41
166,105
167,102
169,88
169,193
170,101
170,124
170,163
171,100
171,111
171,114
173,60
173,81
174,51
174,153
177,45
177,126
179,12
179,89
179,98
179,109
179,122
180,99
180,146
182,25
182,29
182,115
182,192
184,179
185,33
185,136
186,23
187,44
187,54
188,73
188,117
189,150
190,147
190,175
191,31
191,159
193,94
193,131
193,146
197,105
199,22
