source,target
0,118
5,6
6,2
7,66
8,60
9,125
10,94
11,122
18,85
18,119
18,134
20,21
20,197
21,74
22,152
25,14
26,27
26,34
26,186
28,0
29,50
32,115
32,157
33,113
35,178
38,152
40,77
43,69
43,95
44,187
46,168
47,1
49,4
49,53
52,158
55,87
56,142
57,143
60,23
60,127
61,63
62,30
63,20
64,46
64,59
65,3
65,96
67,1
67,51
67,56
67,144
68,5
68,36
68,42
68,48
68,117
68,177
70,17
70,199
72,50
73,78
77,141
77,187
78,12
79,111
81,33
83,2
83,61
84,88
84,145
85,13
86,107
87,93
87,163
89,37
89,116
91,86
91,189
92,82
92,113
93,16
93,160
94,58
95,194
96,62
96,128
98,53
98,179
98,192
98,194
99,86
99,169
100,190
103,67
104,126
104,164
105,166
110,184
111,97
111,191
112,11
112,22
113,193
114,170
116,15
116,31
118,26
119,75
119,98
120,105
121,41
122,146
122,162
124,80
124,180
125,19
126,4
126,161
127,79
127,150
128,108
128,131
129,21
131,57
131,58
133,120
135,104
136,185
137,33
137,84
137,196
138,85
139,13
139,180
140,7
140,76
141,90
142,83
142,106
143,148
146,32
146,72
146,176
147,75
148,49
148,178
149,130
151,20
151,181
154,52
154,174
156,29
157,17
157,43
157,145
159,18
159,153
162,109
163,7
165,74
166,139
168,154
169,124
170,101
170,151
171,39
172,130
173,182
174,54
175,44
179,114
180,14
180,24
180,78
180,163
180,167
181,9
181,40
181,45
181,121
181,149
181,195
182,65
183,136
184,31
184,108
185,107
186,10
186,123
187,54
188,165
189,71
190,147
191,88
191,132
194,171
197,102
197,155
198,82
