source,target
0,19
0,76
2,181
3,33
3,65
4,49
6,38
6,143
7,62
7,138
9,133
9,157
11,137
12,1
12,75
13,58
13,157
14,25
16,70
18,101
18,119
18,173
20,5
20,170
22,104
27,3
27,26
29,50
29,72
29,86
30,112
31,91
31,191
33,97
33,120
34,73
37,127
38,87
41,95
41,121
43,149
44,89
48,24
48,55
48,68
51,107
51,171
52,141
53,126
54,86
55,6
57,163
60,95
63,64
63,126
66,42
67,103
67,144
69,30
69,41
69,129
69,178
71,118
73,188
74,16
74,21
74,131
76,7
77,80
79,28
79,110
79,167
79,186
80,176
81,60
81,102
82,152
83,56
83,152
84,32
85,175
87,18
87,85
87,163
88,8
88,16
88,40
88,84
88,93
90,93
90,139
91,154
92,155
92,195
93,66
94,10
94,132
96,15
96,39
97,195
99,61
99,169
100,106
103,164
104,101
106,142
106,166
107,185
108,49
108,184
109,111
110,125
110,168
117,48
122,36
122,115
122,146
123,145
124,146
125,0
127,67
129,108
130,111
130,119
132,21
132,92
137,84
138,9
140,19
141,53
144,114
144,134
145,14
145,151
146,47
147,190
148,30
148,113
149,94
150,52
151,116
151,193
153,136
154,174
155,123
156,100
158,43
159,191
160,98
160,189
161,153
163,78
164,59
165,63
166,41
169,64
170,17
171,37
171,44
171,46
172,162
174,160
176,42
177,196
179,79
179,96
179,114
179,162
180,124
181,105
181,117
182,9
182,71
182,135
182,192
183,170
184,128
184,179
187,51
187,130
188,150
189,103
190,5
192,29
192,75
193,20
193,136
193,177
193,180
194,11
195,35
196,45
196,63
196,182
197,20
197,23
198,82
198,183
199,66
