source,target
1,71
2,38
4,27
4,85
6,22
7,37
7,80
9,56
10,26
10,95
13,58
14,21
16,75
19,34
22,7
22,42
24,88
24,90
25,96
26,44
27,71
27,72
28,4
29,8
30,36
31,73
34,17
35,25
36,80
37,50
39,14
39,17
40,9
40,59
41,34
41,99
43,5
43,52
44,24
44,79
45,76
46,57
47,28
47,77
47,82
49,12
49,27
50,38
50,62
50,81
53,62
53,67
53,87
54,40
55,61
56,43
58,1
61,66
64,15
64,46
66,0
66,33
66,60
66,93
67,74
68,11
68,52
69,32
71,5
71,57
72,98
73,0
73,32
73,65
73,78
74,92
76,10
76,20
76,63
79,72
79,89
82,51
82,84
83,16
83,19
86,3
86,53
91,82
92,13
92,66
94,48
95,23
95,48
95,70
96,8
99,18
99,29
99,47
99,97
