source,target
0,62
0,73
2,38
5,27
7,37
7,54
8,29
9,26
9,56
10,70
13,1
17,21
17,48
18,10
19,22
21,14
22,45
24,15
24,90
25,52
25,79
26,44
27,40
27,46
28,64
28,84
29,48
29,80
30,34
30,74
31,99
32,79
33,77
35,54
37,89
39,72
40,63
41,95
42,59
43,5
44,88
46,57
49,12
50,38
50,81
51,75
53,18
53,72
53,73
55,76
56,12
57,6
58,53
59,71
60,68
61,94
63,96
65,0
66,11
66,93
67,58
69,23
69,32
70,66
71,28
71,47
73,30
73,86
75,16
75,78
76,68
77,17
77,99
78,69
80,7
80,52
80,60
80,81
82,1
82,51
83,22
84,4
85,41
85,82
86,3
88,43
89,42
90,9
90,20
91,84
92,11
93,33
93,83
94,67
95,87
96,8
97,19
98,24
98,36
