source,target
0,18
0,65
0,66
1,56
2,38
3,86
6,57
9,90
10,95
11,1
14,8
16,51
17,48
19,80
21,96
24,33
24,44
24,88
25,96
28,1
28,47
28,84
30,36
30,74
34,30
36,93
37,7
37,83
38,11
40,59
44,25
45,47
46,64
47,20
47,99
48,21
49,12
51,69
52,58
52,71
53,64
55,10
55,67
55,94
57,46
59,49
59,54
60,11
60,46
60,80
61,58
64,13
66,21
66,23
66,92
67,77
69,23
69,32
70,8
70,27
70,35
71,26
71,43
71,79
72,3
72,39
72,54
72,98
73,0
73,62
73,70
73,78
75,29
76,55
79,72
80,7
80,22
80,29
81,9
82,91
84,4
84,82
84,85
86,15
86,68
86,73
87,53
90,5
90,40
92,31
92,60
94,63
95,6
95,50
97,19
97,89
98,36
98,42
99,41
