source,target
1,28
2,85
3,40
5,58
6,57
8,25
8,29
8,96
10,15
12,4
12,49
14,21
14,48
14,99
16,75
19,34
19,81
22,20
22,81
24,15
24,25
24,26
27,49
27,54
27,66
27,70
31,38
32,89
33,12
34,42
35,16
36,30
38,47
38,51
40,37
40,58
40,59
40,90
41,85
41,92
43,27
43,28
44,33
45,61
46,13
46,30
46,42
46,60
46,64
47,41
50,0
53,18
53,72
54,31
55,6
55,74
55,94
56,43
57,36
58,71
59,62
60,11
60,66
60,68
61,99
63,67
65,73
66,17
67,55
69,23
69,37
72,39
72,79
72,86
73,98
75,46
75,78
76,68
77,10
79,44
80,22
81,9
82,18
82,91
84,71
88,93
92,0
92,8
93,32
93,83
95,19
95,23
95,52
95,87
96,21
98,7
98,24
98,83
99,97
