source,target
0,51
1,80
2,85
10,15
10,35
11,14
11,76
13,53
13,58
13,71
13,79
16,75
17,21
20,47
20,55
21,5
21,10
21,18
21,48
22,97
23,41
24,90
25,8
28,4
29,48
30,36
31,32
31,33
35,25
36,59
36,62
37,50
39,72
40,3
40,37
41,34
41,69
44,23
46,42
46,64
47,28
47,45
47,66
47,82
48,9
48,19
49,42
50,31
50,38
51,16
52,1
53,75
54,56
56,43
56,63
57,78
60,66
60,92
61,55
63,94
63,95
64,98
65,73
66,14
67,94
68,61
69,86
70,27
71,26
71,84
72,79
73,7
73,70
74,67
75,78
77,24
79,12
80,17
80,22
80,83
82,85
82,91
86,53
88,44
89,93
90,40
92,13
93,36
93,81
93,88
95,7
95,52
95,71
95,87
96,9
98,6
98,83
99,31
99,82
