source,target
2,82
6,57
7,73
8,25
8,51
9,0
9,5
9,40
9,48
9,81
10,63
11,18
12,33
12,56
13,1
14,20
14,39
15,24
16,36
17,66
17,77
22,7
23,83
24,26
24,90
24,98
26,9
26,31
26,49
27,3
27,79
28,43
30,34
31,32
34,19
34,42
35,16
36,93
40,4
40,37
42,59
42,98
43,5
46,30
46,75
47,31
48,29
50,38
50,62
51,38
53,13
53,64
53,67
53,86
53,87
54,35
54,53
55,94
56,54
57,71
58,1
61,45
61,68
61,94
64,15
66,11
66,61
69,41
69,57
69,72
72,27
72,52
73,20
73,65
73,70
73,86
76,8
78,75
79,44
81,51
81,69
81,80
81,82
83,22
84,28
84,91
85,2
86,96
88,33
89,23
92,41
92,60
92,74
95,10
95,52
96,21
97,45
97,89
99,18
