source,target
0,209
1,216
2,51
2,71
4,104
6,284
7,37
8,21
8,140
9,59
10,186
11,226
12,14
15,52
15,218
15,286
16,140
17,3
17,22
17,55
18,12
18,196
20,80
20,98
21,124
21,299
23,179
24,235
27,117
27,145
27,168
28,281
29,131
30,42
30,121
30,241
31,114
33,198
34,125
34,158
35,19
35,185
36,228
37,239
38,236
38,289
41,64
44,255
44,262
45,27
47,74
48,188
49,213
53,277
53,281
54,69
54,138
57,48
58,297
59,31
60,292
61,66
63,270
64,57
66,207
68,138
69,117
69,234
73,217
75,115
76,60
78,79
78,257
82,68
82,271
83,5
85,90
85,221
87,45
88,11
88,254
88,270
92,46
92,143
92,157
92,256
94,133
94,288
95,54
97,106
97,160
98,13
99,189
101,265
102,134
103,32
103,41
103,53
104,50
104,148
104,219
104,222
105,10
107,9
108,99
108,285
111,141
111,152
112,161
113,116
114,97
114,119
114,146
115,278
117,14
117,185
117,200
118,193
120,235
121,203
122,139
123,160
124,55
124,57
124,250
126,125
128,25
129,175
129,194
130,201
134,294
136,61
136,62
137,96
137,150
137,156
137,296
138,211
139,127
139,258
140,197
142,227
148,144
149,122
150,260
151,162
151,253
153,91
154,149
155,15
157,109
158,39
158,77
158,100
159,276
160,191
161,67
161,76
163,120
163,215
164,159
166,105
166,176
166,181
169,275
173,197
175,279
176,84
176,126
176,245
177,101
177,241
177,273
178,70
178,102
179,47
179,173
180,291
182,89
186,205
186,283
187,240
189,65
189,132
189,272
192,247
192,255
193,44
193,86
193,120
194,282
195,280
197,51
198,7
199,152
199,291
199,298
201,58
203,195
204,157
207,266
209,135
209,261
210,38
210,182
211,56
211,233
212,35
216,63
217,123
217,199
217,253
218,16
218,43
220,50
220,136
220,274
221,124
223,46
224,93
224,194
225,28
226,128
226,210
227,126
228,94
228,296
229,95
229,98
229,293
230,142
231,26
232,110
234,247
235,172
237,29
237,33
237,72
238,112
238,214
239,1
240,87
240,298
242,147
242,167
243,208
244,130
248,123
249,132
250,174
251,206
252,155
252,192
255,242
255,246
256,4
256,99
257,67
257,184
259,238
260,2
260,165
261,151
263,219
264,166
264,190
267,263
268,88
269,137
269,171
271,83
275,274
276,220
278,290
279,164
280,91
280,264
283,229
283,232
284,82
284,116
287,169
288,183
289,40
289,73
289,122
290,26
290,85
291,81
291,202
292,178
294,18
295,143
297,170
297,295
298,213
299,129
299,206
299,208
