source,target
2,254
3,236
3,284
4,150
4,289
5,0
6,146
7,18
7,73
7,121
8,44
10,226
10,281
11,266
14,279
16,5
16,60
16,83
16,140
16,207
18,196
23,224
25,128
25,215
25,237
26,9
26,85
26,235
26,249
28,153
29,92
30,42
30,120
31,32
31,81
31,277
33,86
34,1
34,179
34,213
35,49
36,247
36,282
38,65
43,10
44,76
44,164
45,41
45,162
45,167
45,249
47,159
47,252
48,109
49,129
51,35
53,156
54,102
54,142
55,12
55,106
57,36
58,176
59,21
60,239
60,255
61,70
62,136
63,130
65,149
66,103
67,50
67,180
67,214
68,155
68,256
69,13
70,69
70,102
71,87
71,235
71,240
72,29
72,48
72,293
73,37
73,55
78,210
79,198
79,294
80,98
80,265
81,228
82,97
84,53
88,11
88,46
88,271
89,51
90,101
91,23
92,157
93,65
94,52
94,133
97,116
97,211
97,279
99,194
100,184
100,208
103,134
103,178
104,50
105,14
106,160
106,232
107,205
110,44
110,299
111,3
111,283
112,68
115,242
117,86
117,202
117,219
117,244
118,154
119,189
122,269
123,72
123,152
123,257
124,127
124,170
124,286
125,193
126,139
129,204
130,48
131,20
131,143
132,217
134,100
136,158
137,148
137,175
137,283
138,26
138,74
139,229
142,251
143,34
144,32
145,18
145,274
148,101
151,197
151,238
151,245
152,193
152,199
156,293
157,5
157,97
157,117
158,43
159,151
159,223
160,31
163,125
164,28
165,114
165,205
165,278
166,7
168,216
169,206
169,246
171,296
174,233
175,188
175,290
176,24
177,186
179,47
179,77
181,80
181,166
182,17
183,131
184,45
184,243
186,123
187,118
187,212
189,132
190,149
190,287
192,197
194,267
200,82
202,231
202,273
204,177
206,2
208,15
209,19
209,135
209,169
209,276
214,168
214,259
215,27
215,275
217,195
218,201
219,79
219,212
219,263
220,141
221,238
222,121
224,132
226,187
227,108
227,162
231,64
232,4
232,59
232,201
233,122
235,115
237,147
238,185
240,24
240,298
241,56
244,220
245,54
245,75
245,216
247,71
247,127
247,234
248,11
249,8
249,22
249,146
249,224
249,225
250,181
251,38
251,191
253,40
253,119
254,88
256,268
258,289
260,244
260,295
261,217
262,232
264,16
264,30
267,17
267,60
268,218
269,171
270,93
271,39
271,230
272,124
272,210
275,105
275,161
278,113
278,272
279,96
280,38
280,200
280,271
282,172
282,173
284,56
284,57
285,52
285,203
285,209
288,94
291,110
292,139
292,178
294,115
296,250
297,299
298,174
299,95
