source,target
0,22
0,41
2,155
3,125
4,156
4,238
5,82
6,243
7,172
8,208
9,71
9,144
10,123
10,226
11,247
14,157
14,191
15,215
16,161
17,208
18,68
19,80
20,98
21,19
21,67
21,140
22,269
23,189
24,64
24,67
25,57
26,231
29,297
30,222
30,285
34,200
34,267
36,94
37,71
38,31
40,27
40,35
40,109
40,206
40,294
41,160
42,241
43,10
43,77
44,15
44,60
44,282
45,95
45,292
47,289
49,181
52,98
52,101
52,287
53,277
54,184
54,190
55,116
56,3
57,283
58,12
59,31
59,51
59,83
61,253
64,34
64,297
65,234
68,270
69,1
69,251
70,61
71,247
72,29
73,69
73,299
74,164
75,48
75,216
75,293
76,75
76,283
77,39
79,17
79,250
80,237
83,136
85,202
86,145
89,207
90,258
92,163
92,265
94,104
95,147
96,105
97,129
99,86
99,142
101,288
102,70
102,210
103,16
104,153
108,179
109,78
110,76
111,211
112,194
112,236
115,59
116,50
116,129
117,23
117,114
117,122
118,108
118,154
119,214
120,58
120,63
122,139
122,149
123,248
124,127
124,221
125,58
125,138
125,163
127,0
127,220
130,123
131,298
133,26
135,158
135,213
136,30
136,62
136,132
136,231
137,89
137,175
140,183
141,96
141,256
143,27
145,185
146,176
147,264
148,100
151,54
152,44
153,91
155,85
157,25
157,92
157,217
158,14
158,36
158,69
159,174
160,28
163,225
163,252
164,279
165,128
166,204
166,275
167,205
167,286
168,11
169,246
170,271
172,75
173,135
173,290
174,96
176,109
177,204
177,241
178,125
178,218
178,235
178,289
179,159
180,230
181,185
182,291
184,100
184,116
184,259
187,9
187,13
188,224
189,53
189,115
190,33
191,245
192,43
192,145
193,152
194,188
195,56
196,105
197,5
197,255
197,281
198,131
201,32
202,66
202,192
202,194
203,46
207,8
207,150
209,169
209,191
209,276
211,254
213,199
214,5
214,232
216,162
219,79
220,271
222,195
223,72
226,81
226,117
226,205
226,287
227,126
227,217
229,139
232,103
232,262
233,146
234,73
234,261
235,84
238,45
238,178
238,180
238,294
239,263
240,57
240,198
242,284
243,209
243,212
244,220
248,88
249,178
253,187
254,65
256,93
256,160
257,82
259,99
260,140
262,134
263,47
263,201
264,16
264,124
266,149
267,2
267,9
267,186
268,260
270,138
272,278
273,20
273,164
274,113
274,171
274,240
275,102
278,242
280,293
282,40
282,90
282,228
283,87
284,175
285,107
285,121
291,6
292,106
294,165
294,207
295,110
295,203
296,286
