source,target
2,16
2,96
2,178
2,253
3,234
5,125
6,76
7,18
8,0
8,244
9,98
11,107
12,57
12,124
12,280
12,283
13,195
14,231
15,252
16,71
17,3
18,4
18,68
19,35
20,80
21,63
21,116
22,152
23,179
23,208
24,27
24,157
26,28
27,38
28,282
30,222
31,81
32,66
33,198
34,54
36,103
37,67
37,73
37,194
37,201
38,127
38,156
41,21
42,13
43,95
45,167
47,48
50,42
51,227
51,235
52,101
54,138
54,256
55,257
56,186
60,185
63,130
66,202
67,77
67,158
68,210
70,87
70,232
71,44
72,39
76,16
76,156
78,172
80,121
83,70
83,160
84,162
86,278
88,205
91,47
91,212
93,196
94,193
94,288
97,114
101,148
102,110
102,200
102,294
103,160
103,259
105,157
106,55
106,117
106,262
107,9
107,265
108,141
110,104
114,140
115,122
117,69
118,94
119,60
120,200
120,244
121,1
122,233
122,269
123,251
124,206
124,221
125,58
125,204
125,291
126,268
128,24
128,31
128,92
129,29
129,49
129,64
129,79
129,284
129,292
134,76
134,100
134,168
135,173
135,211
136,62
137,84
137,283
138,113
138,133
138,176
139,229
140,164
142,99
143,34
144,31
145,135
146,99
146,295
147,239
149,17
149,174
149,266
150,37
151,189
151,216
152,58
153,231
155,279
157,236
158,109
160,10
160,255
163,53
163,144
164,225
164,273
166,181
166,220
166,247
167,154
168,297
169,246
169,269
170,151
170,237
172,75
173,22
173,179
175,207
175,210
175,225
177,90
177,241
182,89
182,155
184,238
185,35
185,198
185,214
187,287
188,136
189,63
189,175
189,260
189,282
191,116
192,166
193,224
193,270
197,171
197,192
198,131
199,119
199,195
199,250
201,263
202,149
203,126
203,215
205,46
207,141
209,274
212,40
212,74
213,1
213,106
213,298
214,238
214,249
217,275
218,276
219,83
222,98
223,81
224,23
224,188
226,128
227,25
228,36
228,111
230,118
232,110
232,145
233,146
233,281
234,182
235,172
239,264
240,169
240,190
241,52
242,167
242,271
243,286
244,139
247,19
248,123
248,227
249,242
251,129
252,165
253,9
253,61
254,2
254,243
256,46
256,146
258,197
262,12
262,161
264,176
268,88
268,196
271,82
271,170
274,228
275,215
276,95
276,159
276,209
277,53
278,71
279,97
280,32
280,40
281,6
281,77
281,180
282,90
282,245
282,267
285,183
285,203
287,59
287,112
289,240
290,26
290,85
291,199
292,14
292,45
293,65
293,72
293,112
293,226
295,132
295,261
296,284
297,51
297,272
298,56
299,15
299,217
