source,target
0,8
1,185
2,5
2,235
3,111
3,128
4,256
6,64
7,8
7,178
8,225
9,98
11,198
13,42
13,249
14,292
15,218
16,40
17,172
18,164
22,163
22,173
22,254
23,174
24,84
25,55
25,88
25,187
25,196
29,92
31,289
34,180
35,59
35,164
35,189
37,118
38,86
38,131
38,264
41,130
41,195
44,76
44,105
44,257
45,21
45,69
45,191
47,35
48,72
48,73
49,26
49,41
50,26
51,32
51,44
51,242
54,87
54,169
56,3
58,251
59,95
60,146
62,258
63,103
64,4
64,41
64,231
66,17
67,2
67,36
67,262
68,43
68,66
70,50
71,131
72,38
74,140
74,231
75,24
76,85
76,110
76,134
76,283
79,140
80,121
80,237
81,234
82,97
83,57
86,99
87,33
87,111
87,220
89,75
89,207
91,30
95,271
95,276
96,68
100,77
101,177
102,275
102,280
103,259
103,277
106,142
107,202
107,265
108,139
108,171
108,252
109,280
113,274
114,252
116,112
117,48
117,197
118,193
120,224
120,227
120,244
121,52
121,133
123,132
124,144
125,291
127,7
129,175
132,58
133,94
134,25
135,173
136,97
136,219
138,108
138,137
141,136
142,14
142,198
143,249
144,251
145,163
145,200
145,255
147,278
148,137
149,141
150,122
151,261
153,269
155,212
156,100
156,160
158,213
158,229
161,120
162,282
163,146
164,27
165,79
166,161
167,0
167,273
168,103
169,240
169,290
170,10
172,7
172,282
175,188
175,207
176,200
176,295
178,16
179,253
180,211
181,80
182,190
183,248
184,178
185,257
186,29
186,204
186,205
188,47
189,23
189,139
189,145
190,192
190,223
192,247
192,293
193,75
194,78
194,110
194,119
196,93
196,177
196,299
197,152
199,45
199,268
202,5
202,113
203,31
204,129
206,124
208,243
210,238
212,23
214,2
215,203
216,46
216,67
216,168
217,159
217,216
218,11
219,114
220,31
220,127
220,166
220,189
221,28
221,119
222,98
222,104
222,121
226,39
226,81
227,168
227,237
228,96
229,228
230,154
230,281
234,65
235,91
238,295
239,30
243,151
245,215
246,73
246,279
247,19
247,183
248,128
253,61
253,199
256,12
256,147
256,157
257,115
258,284
260,122
261,217
261,233
262,112
262,199
262,206
263,267
264,54
266,102
266,287
267,100
267,194
269,232
269,246
270,125
270,138
272,109
273,241
275,156
278,208
281,10
281,211
281,263
282,90
283,57
283,236
284,81
284,197
285,20
285,107
285,201
285,209
286,32
286,143
288,101
289,53
292,293
294,165
296,250
296,286
297,117
298,55
299,126
299,260
299,297
