source,target
1,57
1,65
3,169
4,212
5,80
6,150
6,153
8,88
10,234
11,247
12,68
12,260
13,0
13,14
13,26
13,60
13,163
15,38
17,71
17,299
18,296
20,122
20,253
23,55
24,101
27,116
28,37
28,201
29,138
32,33
32,101
32,205
35,36
36,176
40,112
40,291
41,138
46,42
47,25
47,186
53,202
53,224
54,27
54,68
55,26
56,10
57,73
57,86
57,108
58,8
61,185
62,40
63,206
64,43
64,225
67,78
67,159
67,273
70,75
71,294
72,32
72,143
74,99
74,258
74,262
75,108
77,94
81,246
81,290
82,291
83,89
83,238
83,270
84,97
89,232
89,278
90,203
91,9
92,125
92,223
93,208
94,51
94,90
98,207
99,149
99,271
102,220
103,45
104,16
104,120
104,187
104,189
105,38
105,175
106,12
107,73
109,137
109,147
111,162
111,190
111,259
112,127
112,233
114,261
115,244
115,245
116,80
116,141
116,277
117,181
119,95
119,276
119,289
119,294
120,2
120,185
120,272
121,145
122,69
122,152
122,295
123,157
124,158
127,50
129,39
129,69
132,9
132,221
133,85
133,117
133,135
133,166
133,277
134,160
134,199
136,66
137,136
139,183
142,102
142,168
144,47
144,275
146,240
148,121
148,131
151,134
151,146
153,164
153,283
154,48
154,268
156,3
156,34
156,119
158,31
158,96
160,167
161,11
162,56
164,8
164,61
165,241
168,28
168,187
171,82
171,242
172,53
172,174
175,52
175,65
175,140
175,231
176,1
177,299
178,35
178,196
178,247
178,268
179,270
180,156
181,105
181,113
182,254
183,237
186,118
188,132
188,182
190,210
192,201
197,113
199,133
199,184
200,0
200,255
202,145
202,245
202,265
202,274
203,243
203,264
206,220
207,165
207,212
207,248
208,123
208,151
208,241
209,286
209,292
211,76
212,250
213,22
213,59
213,106
213,110
214,249
215,49
217,228
218,93
218,128
219,6
222,30
222,54
223,44
225,46
225,256
226,159
227,20
227,193
227,286
228,33
228,84
228,104
228,264
229,100
231,155
231,236
232,144
232,195
232,225
234,213
234,297
235,184
236,172
239,66
239,78
239,111
239,216
245,170
246,215
249,154
251,130
251,139
251,173
251,182
251,198
252,87
252,160
253,96
255,19
255,178
257,197
261,223
261,281
263,192
265,62
266,170
268,204
268,269
270,21
270,267
271,41
271,194
271,279
274,211
275,200
276,287
277,7
279,79
279,126
279,132
279,191
279,219
280,191
281,218
281,272
282,131
284,263
285,171
286,230
288,77
289,83
290,288
293,226
294,100
295,74
296,166
297,45
298,222
