source,target
1,32
1,105
1,174
1,255
1,292
2,84
2,193
4,191
6,222
9,86
10,48
11,41
11,45
11,250
13,180
13,286
16,10
16,84
18,64
18,103
19,126
22,117
23,187
23,245
24,265
25,159
26,147
28,77
30,155
30,188
31,23
31,35
33,151
33,233
34,171
35,125
37,142
37,234
37,267
38,107
38,288
39,132
39,292
42,1
42,79
42,173
43,102
48,62
48,282
49,146
50,296
51,254
53,164
54,68
55,13
55,93
55,208
57,91
59,128
59,138
61,46
61,162
64,184
67,72
67,151
68,15
68,219
68,260
69,77
70,290
71,281
72,135
72,190
73,81
74,92
74,128
74,298
78,16
78,143
78,285
80,129
81,111
81,217
82,210
83,209
84,8
85,192
86,273
87,100
89,269
90,28
92,5
92,294
95,221
96,271
97,99
97,279
98,78
98,104
98,183
101,204
103,61
103,276
104,277
106,11
108,50
109,268
111,121
111,199
112,166
113,17
113,156
113,253
113,270
114,59
115,131
115,291
117,108
118,37
118,123
120,63
120,145
120,224
120,225
121,94
124,34
125,20
126,215
126,236
127,37
127,130
131,45
131,170
131,251
131,283
132,293
134,153
134,228
137,24
140,14
140,95
140,177
141,172
144,196
144,275
145,210
146,25
148,255
149,178
150,6
153,42
153,261
154,218
154,259
156,229
156,295
157,122
157,246
158,198
159,67
160,154
160,167
160,186
160,197
160,201
161,219
162,38
162,56
163,19
163,195
163,212
163,258
164,47
164,51
165,53
169,98
171,212
172,32
172,40
172,65
174,7
174,207
174,235
175,44
176,246
177,3
178,21
180,242
182,109
185,160
187,169
188,138
189,179
189,266
189,272
190,185
191,12
191,231
192,263
192,281
194,243
196,80
196,115
196,178
202,76
202,166
202,245
203,71
205,64
206,214
207,248
211,52
211,150
213,175
213,269
215,66
216,69
216,239
217,133
222,299
223,26
223,74
223,122
224,214
224,287
226,220
227,75
227,170
230,119
231,15
232,14
234,152
236,0
236,31
236,209
237,141
238,177
238,283
239,195
240,57
240,280
241,217
242,110
242,163
243,203
247,298
249,99
250,60
251,198
256,87
256,134
256,168
256,224
256,244
256,252
257,29
257,276
259,123
259,256
260,96
262,116
262,167
263,49
264,181
264,291
265,202
268,227
270,27
270,215
271,165
272,70
272,85
274,211
274,226
275,36
276,139
278,12
280,55
282,54
282,250
283,43
284,251
286,200
286,230
288,181
289,79
291,101
292,86
293,44
293,106
293,279
294,58
294,262
296,57
297,199
297,240
299,35
299,88
299,136
