source,target
0,68
1,130
2,121
2,220
9,82
9,97
10,1
11,271
13,12
13,83
13,268
15,219
17,236
18,64
20,145
22,92
23,38
23,63
23,104
25,169
25,237
26,55
26,101
26,188
27,287
28,206
29,180
29,255
32,93
34,171
35,279
36,154
39,6
42,194
45,1
45,31
45,234
46,217
48,173
49,273
50,199
50,272
51,72
52,253
53,23
53,71
53,72
53,288
56,95
57,252
58,39
64,70
64,76
64,93
64,111
64,240
70,162
71,98
71,125
72,33
73,291
74,92
74,198
74,209
75,276
77,69
79,65
80,262
82,143
82,204
83,88
84,14
84,42
84,97
85,289
87,86
88,150
89,36
89,110
90,152
90,179
91,24
91,87
92,246
94,51
96,60
96,259
99,149
99,194
99,251
100,285
101,261
102,250
103,86
104,131
105,181
105,280
110,56
111,5
112,189
112,192
113,41
113,294
114,284
115,131
120,50
124,158
127,211
128,59
129,39
129,230
131,193
132,13
132,156
134,67
134,120
134,185
135,79
135,94
135,240
135,263
137,142
138,197
140,157
141,212
141,270
142,144
142,237
144,79
144,133
146,63
148,52
151,20
151,108
151,147
151,202
151,245
153,166
154,227
154,242
154,292
158,24
160,167
161,137
161,138
163,11
163,258
164,45
164,87
164,232
165,78
165,174
168,28
170,203
170,205
171,102
172,40
174,10
174,116
175,62
175,139
175,241
175,260
176,110
177,3
177,222
178,21
179,127
179,139
179,285
181,182
182,15
182,85
182,136
182,250
183,274
186,61
187,14
190,243
191,231
192,201
193,159
198,107
198,155
199,184
199,244
201,228
206,7
206,57
206,133
209,113
210,0
213,26
213,140
214,66
214,83
215,40
217,183
218,13
218,44
219,128
219,247
220,168
220,225
221,218
222,99
222,275
223,89
223,218
224,129
228,277
229,122
231,269
232,35
232,195
232,266
233,33
236,126
238,162
239,111
240,16
240,207
241,49
241,77
246,118
246,235
247,175
248,117
248,296
249,121
249,123
249,180
250,75
251,17
251,37
251,173
253,234
254,18
254,122
255,196
256,210
257,53
257,167
259,30
259,188
261,61
261,114
261,172
262,177
264,56
265,281
268,243
269,196
270,164
271,8
271,156
272,73
272,81
272,208
273,134
273,166
274,23
274,226
275,4
275,109
275,200
276,119
279,68
279,135
281,59
282,96
282,267
283,211
284,256
286,54
286,74
286,106
286,230
290,25
290,47
290,205
290,277
291,126
291,221
292,257
293,38
293,216
295,260
296,76
296,245
297,32
297,43
298,4
298,19
298,178
299,27
299,113
299,213
299,278
