source,target
0,15
2,281
3,169
4,18
4,246
5,231
7,98
8,102
9,212
9,250
9,299
10,6
10,56
10,146
11,13
11,243
11,253
13,12
14,19
14,118
16,240
19,152
23,205
25,50
25,64
27,119
27,149
28,124
29,144
29,161
30,13
32,72
33,67
33,137
33,212
34,66
35,154
35,176
35,280
36,83
36,236
36,289
38,2
41,17
42,90
43,291
45,77
48,222
50,167
51,248
51,296
52,80
53,57
54,219
54,279
58,294
59,65
59,183
60,248
62,40
62,190
63,86
64,264
65,50
67,283
68,31
68,54
68,99
68,200
69,99
69,216
70,288
71,110
72,255
74,298
76,210
76,234
77,115
77,129
77,239
78,47
79,32
79,42
79,168
82,282
84,14
84,139
85,68
85,88
86,172
87,8
91,40
92,177
92,276
93,55
94,159
95,230
98,63
100,20
100,117
100,227
101,265
102,142
104,23
104,225
104,266
106,269
106,291
109,242
111,199
111,244
112,70
112,226
113,140
113,191
113,209
114,176
114,261
115,171
117,22
118,78
119,74
119,193
120,145
121,94
121,132
122,236
123,26
125,258
126,269
127,10
127,197
130,107
131,297
132,39
133,117
133,196
134,105
135,113
136,259
138,152
138,264
138,271
141,126
142,79
142,82
145,273
146,274
146,297
147,290
148,25
148,63
148,256
151,281
154,109
155,9
156,229
157,160
157,188
157,198
159,49
159,203
159,237
160,201
161,0
162,174
163,89
163,218
164,150
165,148
165,178
166,81
168,52
169,61
169,207
170,228
173,189
174,76
176,213
176,251
177,34
177,156
180,223
180,249
181,166
184,235
186,241
187,192
187,284
188,136
189,51
189,199
189,277
190,121
191,221
195,116
197,37
199,241
202,151
204,33
204,182
206,133
207,73
207,115
207,211
208,175
209,96
209,292
210,272
211,120
211,127
211,185
211,214
213,97
217,84
217,257
218,41
218,295
219,0
219,11
220,185
221,103
222,122
223,143
223,194
224,287
225,153
226,87
227,9
227,75
227,138
230,275
231,74
231,268
232,2
232,81
232,195
235,173
237,3
237,158
240,170
243,46
243,62
243,72
245,224
246,184
246,215
247,92
249,28
249,123
252,75
252,93
252,179
254,4
255,270
258,154
258,260
259,6
262,252
264,267
265,202
268,1
268,44
268,95
268,126
270,21
271,36
271,41
271,130
272,16
274,38
274,105
275,31
275,175
277,228
277,233
278,39
280,57
280,135
281,263
282,24
284,206
285,82
286,157
287,195
289,286
290,71
290,150
290,204
291,238
292,66
292,123
292,158
293,254
294,125
296,85
296,128
296,153
297,108
