source,target
3,219
4,57
5,80
5,256
5,289
6,69
8,174
10,81
10,214
11,126
12,115
14,32
15,37
16,170
16,211
21,97
23,274
24,147
25,33
25,142
26,89
26,96
26,222
26,278
27,5
27,175
27,219
28,67
29,196
31,132
31,203
33,50
33,108
33,263
35,231
38,15
38,32
38,171
38,185
38,221
39,234
40,282
41,198
42,194
43,72
43,128
44,238
45,188
46,225
48,100
48,291
51,64
51,131
53,6
53,181
55,275
62,277
64,134
66,136
66,176
66,262
67,241
68,279
68,292
71,39
73,49
73,53
74,27
74,119
74,294
75,281
77,239
78,76
79,183
81,73
82,76
82,206
83,157
84,79
85,155
86,3
88,83
88,85
88,110
90,58
90,61
90,169
92,4
94,108
94,121
94,159
94,237
95,230
95,254
96,163
97,41
97,59
98,142
102,90
103,86
103,154
104,207
104,288
106,26
106,140
106,295
107,89
108,91
109,270
112,10
112,235
113,0
116,56
116,296
118,297
120,266
122,23
123,70
125,18
125,92
126,177
126,292
128,218
128,293
131,101
131,103
131,227
132,194
132,258
132,271
132,273
135,146
135,183
135,217
139,93
139,210
141,173
141,184
141,257
144,7
144,283
145,261
146,212
147,249
148,64
148,133
149,68
151,2
155,30
155,129
158,137
158,156
159,112
161,35
161,36
162,56
164,51
164,72
165,214
166,105
166,199
167,120
168,166
169,7
169,65
169,153
169,190
169,197
170,245
171,22
171,248
171,265
172,14
172,249
174,220
175,130
175,215
176,114
178,66
178,216
178,270
180,213
181,38
182,15
184,47
186,204
187,192
187,252
189,186
193,186
193,192
193,262
195,80
195,274
196,43
196,57
196,87
197,8
197,113
197,160
197,232
198,74
199,104
199,265
200,99
200,209
202,121
202,151
205,170
206,127
206,290
207,243
208,151
211,256
212,34
212,60
212,124
213,106
213,176
215,19
215,236
217,201
218,138
220,94
222,54
222,161
222,275
223,123
223,143
224,267
225,145
225,190
225,228
226,248
226,251
229,40
229,143
231,229
234,240
236,60
236,209
236,223
237,150
237,179
238,36
238,260
240,153
241,13
242,210
242,269
244,115
244,237
245,52
246,29
247,139
247,289
248,117
248,285
250,158
251,286
253,96
254,122
255,1
256,111
257,144
257,239
258,20
259,224
262,118
264,226
265,233
266,25
267,164
268,11
271,298
272,63
272,168
273,45
273,255
276,75
277,244
279,178
279,299
280,216
281,191
281,284
282,9
282,31
282,48
282,191
286,83
286,158
286,180
287,2
290,102
292,152
295,17
296,67
296,189
