source,target
0,44
2,125
7,52
7,61
7,277
9,86
9,192
9,299
10,284
11,139
11,163
11,200
11,215
11,286
12,289
13,41
14,244
16,104
16,220
18,184
18,296
20,94
22,198
23,135
25,290
26,59
26,132
27,242
29,138
29,144
32,18
33,137
35,71
35,95
35,258
36,35
37,32
39,278
40,172
40,280
40,291
41,165
43,252
44,219
45,224
45,262
47,64
47,226
48,241
49,81
49,202
52,152
52,245
53,67
55,175
56,86
57,91
57,131
58,49
59,42
61,228
62,210
63,145
63,277
64,72
64,184
67,210
67,248
68,149
68,238
69,129
70,185
71,137
71,141
71,294
73,187
74,129
74,231
77,108
78,143
78,208
78,274
79,37
79,240
80,69
80,93
80,114
82,60
84,120
84,281
85,54
85,88
85,133
87,1
87,9
87,189
90,28
90,81
90,102
91,128
92,2
92,251
94,25
94,199
94,237
96,3
96,111
97,161
97,223
99,22
99,194
101,18
101,106
101,204
102,110
103,203
104,105
104,241
105,181
107,38
108,146
108,297
110,218
111,74
111,170
112,165
113,4
113,5
113,236
113,271
116,213
117,23
118,56
119,123
119,193
119,230
119,289
123,66
123,177
123,187
124,119
125,139
126,150
126,168
126,270
126,285
128,176
129,214
130,82
130,272
131,107
132,99
137,24
138,155
138,249
138,264
139,27
139,211
140,221
140,279
141,11
144,43
146,39
146,45
148,63
151,296
152,209
154,36
154,54
154,109
154,227
157,191
157,269
157,287
159,193
162,87
162,103
163,140
164,51
164,211
166,134
167,50
168,133
168,153
168,196
168,197
168,206
169,98
169,121
169,190
169,259
169,283
173,174
173,201
174,75
174,76
174,240
175,156
176,96
176,247
177,74
177,136
177,175
177,246
178,31
178,216
178,298
181,53
182,85
183,135
183,257
184,205
185,115
185,116
186,207
186,208
188,154
188,222
191,122
192,263
193,276
194,217
195,239
197,30
205,6
206,127
207,169
208,147
209,113
210,171
210,179
212,158
212,250
213,59
213,295
215,10
215,19
216,242
217,16
217,225
217,232
218,158
218,161
218,268
219,89
221,21
223,27
225,25
225,256
229,270
231,15
231,17
234,178
234,253
238,182
239,230
243,41
243,282
244,265
245,266
246,286
248,243
248,291
249,180
254,7
254,293
255,29
257,46
259,77
260,44
260,157
262,235
264,8
264,114
264,142
265,23
265,62
265,233
265,261
267,93
267,160
269,13
271,130
271,299
272,40
272,166
272,273
275,0
278,260
279,254
281,121
282,101
286,83
288,100
288,262
292,68
294,34
296,50
297,65
