source,target
2,4
4,74
6,44
7,211
10,1
11,131
12,182
13,30
14,285
16,57
17,106
17,236
17,295
18,65
18,90
18,169
19,110
20,220
23,117
23,134
24,147
24,251
25,3
25,142
25,283
26,56
27,9
27,35
28,97
28,139
31,32
31,191
32,14
32,46
32,58
32,148
33,227
33,233
33,243
36,12
36,163
38,15
39,262
40,296
43,221
43,257
44,34
44,216
45,49
47,91
47,248
48,73
48,140
48,168
50,81
50,120
52,8
53,66
54,13
54,106
54,135
54,293
55,208
56,13
57,91
61,261
63,33
66,176
67,159
67,224
68,3
71,39
74,111
75,108
75,276
76,48
76,64
77,241
78,112
78,134
78,217
78,285
79,203
81,265
85,294
86,167
86,292
87,103
87,164
87,189
87,231
88,122
88,157
89,180
90,52
92,224
92,258
96,253
99,69
102,130
104,277
107,89
107,198
111,272
112,70
112,233
112,284
113,253
114,174
115,265
116,255
119,92
120,175
121,179
122,118
122,132
125,42
126,154
126,292
127,107
129,259
129,276
130,1
130,82
131,72
131,76
131,144
131,170
131,190
132,84
132,188
132,222
132,260
135,280
136,163
139,175
139,197
139,211
139,291
142,197
147,151
147,187
148,254
150,237
154,223
155,109
155,219
156,113
156,215
156,271
157,83
157,247
158,143
161,29
161,229
163,141
164,45
164,61
164,244
165,289
166,153
167,160
168,28
168,166
170,133
171,115
173,183
173,218
173,232
174,38
175,105
177,213
177,298
178,149
179,103
179,273
181,166
182,204
182,250
186,241
189,78
189,102
192,199
192,217
193,119
196,87
196,108
196,186
197,266
199,62
199,237
200,172
200,209
201,53
204,101
205,170
205,184
206,104
206,210
207,80
208,186
209,99
209,113
209,178
210,60
212,5
212,62
213,59
213,152
213,269
213,295
217,146
218,0
218,191
218,229
219,26
219,138
222,299
223,89
223,123
224,287
224,288
226,86
226,93
227,100
228,98
228,240
229,22
230,286
235,58
236,41
236,223
237,94
238,138
238,162
239,50
240,40
240,234
241,66
242,17
242,124
242,210
245,104
245,185
246,116
248,37
248,51
248,264
249,178
250,31
250,128
251,238
252,43
252,267
255,72
256,6
257,256
258,11
258,194
260,242
262,123
263,193
264,64
264,202
267,114
268,177
270,9
270,21
270,267
271,110
272,81
274,23
274,195
274,297
275,83
276,214
278,99
279,137
279,144
279,215
281,20
281,125
281,145
281,263
282,55
284,281
285,207
286,196
289,79
290,153
291,54
293,85
293,216
294,95
294,158
294,289
296,25
296,90
296,225
