source,target
0,35
1,154
1,234
1,235
1,253
7,244
7,290
9,295
11,99
12,68
13,124
13,191
16,90
18,121
18,164
19,150
19,258
19,269
20,121
25,252
27,97
31,60
33,40
33,212
33,224
33,233
34,5
34,260
37,98
38,2
38,105
38,210
38,288
39,185
41,26
42,264
44,136
44,138
45,87
45,162
45,280
47,70
48,55
48,72
48,222
49,58
52,58
52,144
53,6
53,51
53,133
54,157
57,206
57,252
59,174
64,18
64,291
65,131
67,16
68,31
68,149
71,92
71,132
73,43
73,202
74,198
75,243
76,59
76,203
77,148
80,15
80,166
81,90
82,94
85,223
86,3
86,9
86,273
86,292
87,101
87,189
90,225
95,125
95,230
97,83
97,213
97,238
97,263
97,268
99,241
100,227
103,226
104,288
108,75
109,182
110,19
111,118
113,218
114,79
115,265
116,263
117,23
117,52
117,107
119,193
122,160
125,167
125,294
126,66
126,168
129,214
132,215
132,261
133,170
135,56
137,24
137,107
138,88
138,180
138,188
138,249
139,175
140,17
140,279
141,77
143,242
144,29
146,50
146,239
146,296
150,192
151,274
151,276
152,197
153,259
154,177
155,198
156,124
156,278
157,141
158,5
158,92
161,45
163,96
163,155
165,53
166,49
166,112
168,159
169,8
170,120
170,255
171,211
172,145
173,181
174,32
174,42
175,35
175,105
175,123
176,1
177,246
182,161
183,28
183,125
183,216
185,25
185,160
185,226
187,73
190,8
190,251
193,111
194,209
195,7
195,199
197,61
200,14
200,163
200,219
201,16
201,266
202,142
203,84
204,36
205,290
207,169
207,186
208,186
209,260
211,10
211,108
211,127
212,60
212,62
212,285
213,221
213,247
214,287
216,11
217,194
217,196
218,149
219,147
219,270
219,275
220,272
221,38
221,282
222,21
222,69
222,178
222,200
222,286
224,111
224,287
226,197
227,183
228,104
228,170
228,245
229,77
231,86
232,46
232,134
232,228
236,74
237,153
238,26
238,279
239,150
239,262
240,64
241,57
242,91
243,48
243,250
244,114
244,116
247,184
247,298
248,120
251,143
252,168
252,179
254,63
254,89
257,237
259,30
260,22
260,242
261,39
261,153
261,172
262,85
262,100
262,177
264,43
264,56
264,283
265,88
265,281
266,131
266,151
267,37
268,4
268,128
270,122
271,229
272,63
272,67
272,70
274,78
274,240
277,147
279,13
279,229
280,118
281,2
281,71
282,98
283,52
283,130
284,250
284,256
285,201
288,102
288,181
289,36
289,85
291,93
291,115
291,283
291,293
292,106
292,238
293,82
297,210
299,158
