source,target
0,65
0,116
0,198
1,47
1,131
3,61
3,175
5,150
6,94
6,155
7,109
8,81
10,97
12,139
13,15
13,41
15,124
15,146
16,23
17,29
18,176
19,90
19,190
20,72
23,108
24,191
25,0
25,9
27,112
29,9
30,162
32,45
35,42
35,84
35,176
37,93
37,125
39,4
39,173
43,120
44,21
44,122
45,154
45,194
46,32
48,110
48,185
50,184
50,187
51,4
51,57
52,117
54,180
55,192
56,137
56,192
58,50
59,92
59,128
59,175
60,82
60,134
61,87
63,11
63,87
63,166
64,159
65,63
65,143
65,165
68,48
68,49
68,69
68,120
70,28
70,97
70,149
71,80
73,7
75,111
76,53
76,189
79,26
81,113
81,169
83,127
84,34
86,2
86,121
89,51
90,123
90,186
91,62
95,6
96,141
98,80
98,153
98,171
100,101
100,122
101,33
101,86
102,20
102,160
103,96
103,172
104,46
105,73
106,104
107,174
110,81
110,142
112,183
113,79
115,179
116,22
116,145
116,164
117,184
118,95
119,19
121,195
123,107
124,68
125,88
125,99
125,144
126,148
127,36
127,58
128,111
129,96
130,60
132,77
133,89
134,193
136,55
136,115
137,38
137,44
137,159
138,31
138,130
140,39
142,99
142,145
142,183
147,66
149,34
149,177
149,197
150,139
151,8
152,76
152,157
153,113
153,160
154,100
154,114
155,23
155,24
156,2
158,1
158,56
161,35
162,70
162,109
163,40
163,54
166,12
166,14
166,119
167,196
168,16
170,164
172,30
173,146
173,188
174,135
175,85
176,91
177,199
178,1
178,78
180,132
180,167
181,115
182,26
187,177
189,156
191,13
193,42
195,138
196,74
196,161
197,3
197,66
197,67
197,148
