source,target
2,131
3,9
4,127
6,122
6,130
6,141
7,29
7,136
7,161
8,55
8,136
13,130
14,22
15,13
19,5
20,71
20,175
21,48
21,197
23,16
23,108
23,110
24,18
24,165
25,196
27,198
29,158
30,28
30,59
32,104
34,24
36,88
36,148
36,156
44,78
44,111
44,119
45,31
45,155
46,138
46,191
50,177
51,4
51,10
54,39
54,101
56,11
56,66
56,92
56,176
56,177
57,168
58,149
59,128
60,19
60,104
60,173
61,171
62,103
63,61
64,181
65,188
66,76
69,42
69,73
69,82
69,154
71,34
71,70
71,193
72,58
73,74
75,43
75,67
75,121
75,166
75,182
76,22
76,82
79,33
79,51
79,195
80,81
80,118
81,143
81,167
82,38
82,106
84,62
84,178
85,45
86,100
89,26
89,37
89,115
89,199
91,172
93,88
93,95
94,117
97,56
99,75
99,135
100,125
100,150
100,194
102,77
102,112
102,185
103,46
103,169
105,89
107,9
107,72
108,15
108,57
109,41
109,68
109,190
112,17
112,183
115,53
116,6
120,98
121,140
123,96
123,184
124,139
126,140
127,0
128,162
129,52
129,159
129,188
133,109
135,113
137,21
141,40
141,63
142,86
143,187
144,10
145,134
145,164
146,33
147,142
149,163
152,118
153,162
154,124
155,2
155,160
155,189
156,1
156,174
157,52
157,68
158,12
158,20
159,73
159,151
160,4
160,91
160,111
163,195
165,85
165,120
166,79
166,90
167,59
171,137
172,64
172,80
173,116
174,127
176,114
179,36
179,54
179,132
179,164
180,132
185,151
185,167
186,32
187,35
187,84
187,170
188,83
189,87
189,123
190,94
191,47
192,145
194,26
196,146
197,49
197,102
198,120
199,99
