source,target
1,53
1,63
2,181
3,102
7,32
7,97
7,120
10,0
11,130
14,97
16,105
16,159
16,168
18,45
18,94
22,106
24,67
25,4
25,107
25,196
26,178
26,194
27,149
27,197
28,112
28,171
29,6
29,104
33,14
34,54
34,151
35,84
36,88
38,31
38,82
39,2
39,143
40,134
42,69
42,84
43,90
46,43
47,191
48,185
50,132
52,10
52,175
53,42
53,76
57,89
60,104
64,92
64,136
65,39
65,109
66,41
66,156
67,47
68,12
68,49
68,87
69,150
70,23
73,99
73,164
74,73
77,192
80,198
83,127
84,123
85,27
85,142
85,176
87,37
87,48
87,190
88,33
89,177
90,21
90,119
96,29
98,30
98,71
98,152
99,153
102,31
102,69
102,110
102,125
103,146
105,58
106,166
107,15
109,44
109,144
109,156
110,55
111,13
111,95
112,17
112,96
113,64
115,116
116,47
116,157
117,78
117,138
118,100
118,129
119,154
120,1
120,61
121,162
125,56
127,34
127,130
127,161
129,62
131,141
132,16
132,187
133,179
134,80
135,113
136,115
137,158
138,122
139,29
139,74
139,93
140,108
141,21
142,183
145,8
145,101
147,19
147,114
147,182
148,72
148,81
150,5
153,165
153,180
154,24
154,45
154,108
154,124
154,137
155,7
155,86
159,195
160,184
163,44
164,152
164,193
165,42
165,85
165,146
167,125
169,9
169,54
169,62
169,81
169,103
170,70
170,155
172,20
172,35
173,20
174,75
174,149
174,162
175,55
176,91
177,50
178,61
179,121
181,46
182,13
182,26
182,78
183,59
184,194
185,11
186,199
187,19
188,144
189,60
191,79
192,126
192,145
192,169
195,51
196,36
196,199
197,22
197,67
197,80
199,128
