source,target
0,140
1,178
3,74
4,170
5,42
5,114
5,177
6,17
6,163
7,76
9,92
9,165
10,97
16,14
16,100
16,180
18,156
19,135
20,69
20,85
21,29
21,67
25,174
28,172
29,17
30,23
31,117
34,130
34,196
36,128
36,186
37,68
37,116
38,11
38,60
38,129
38,154
39,48
39,54
42,171
44,194
45,157
49,129
50,192
51,10
54,164
56,11
56,191
58,105
58,187
59,34
59,151
60,5
60,95
62,36
63,40
63,87
64,108
66,41
66,147
68,0
68,173
69,46
72,15
72,33
73,35
73,169
74,134
75,13
75,142
76,82
76,120
76,141
77,2
78,65
79,117
80,188
81,64
84,123
85,142
85,183
86,150
87,109
90,119
91,161
93,62
94,104
94,134
94,176
95,1
95,32
96,9
99,174
101,30
101,81
101,125
102,8
102,55
103,199
104,122
105,53
106,22
106,48
106,126
107,72
108,127
109,189
112,31
112,96
113,70
113,73
115,88
115,102
117,158
119,56
122,45
122,139
123,61
123,173
130,46
131,38
132,77
134,133
134,146
135,28
135,101
136,89
136,145
137,154
139,124
141,98
142,102
142,145
142,179
143,35
144,16
145,2
145,110
147,18
150,168
152,136
153,20
153,97
153,187
154,138
155,71
155,80
156,44
157,29
157,47
157,68
157,113
158,12
158,190
159,195
161,92
161,127
164,113
164,153
165,65
165,115
168,151
169,24
169,83
170,52
170,175
171,3
171,98
171,121
173,111
175,152
176,27
176,166
181,8
182,26
182,37
183,99
183,160
184,112
185,57
185,143
186,33
186,131
187,118
187,167
188,193
188,197
189,182
192,184
194,75
195,14
195,138
197,43
197,66
197,148
198,31
198,149
199,50
199,162
