source,target
1,6
1,53
1,120
1,142
5,67
6,60
7,43
7,155
8,101
8,170
10,159
11,74
12,67
12,82
12,122
14,120
15,72
15,76
17,95
18,176
20,153
21,49
21,90
22,34
22,47
23,108
24,103
25,21
26,3
31,6
33,146
33,186
36,24
37,150
38,60
38,166
42,54
43,41
43,66
46,71
47,68
47,191
48,9
48,55
50,73
50,162
50,181
56,20
56,22
56,75
56,92
58,179
59,0
59,13
59,55
62,82
63,49
64,65
67,197
68,0
68,87
68,104
69,137
69,145
69,154
69,164
71,185
73,70
76,63
77,89
79,195
80,1
80,83
80,152
81,80
83,57
84,160
87,37
87,106
87,130
87,141
87,171
88,112
89,107
91,50
91,133
91,176
93,100
93,139
94,123
94,136
95,117
96,129
98,30
98,73
100,114
100,154
101,33
101,113
102,110
102,115
103,96
105,16
105,170
107,85
107,172
109,97
109,131
109,144
111,56
112,78
116,86
116,125
117,26
117,119
118,198
119,45
119,194
121,3
122,111
123,61
123,84
125,27
126,180
127,4
127,25
127,65
128,110
128,121
128,161
130,190
134,29
134,108
134,116
135,35
135,192
137,118
140,10
140,145
142,148
143,183
146,134
147,157
150,32
151,69
154,78
156,1
156,2
156,109
156,163
157,46
157,52
157,189
158,41
160,126
160,158
162,127
163,11
163,160
165,124
165,199
168,151
169,39
169,129
171,42
171,132
172,19
172,81
172,103
173,184
174,135
175,28
175,99
178,181
179,77
180,167
181,173
182,37
183,149
183,164
185,40
185,57
187,132
187,177
190,90
190,156
192,155
193,20
194,12
195,44
195,51
195,138
195,158
196,74
197,188
198,27
198,58
198,99
199,19
