source,target
2,107
3,1
4,177
5,114
6,46
6,130
6,160
8,110
9,99
9,106
10,144
13,158
14,139
15,108
15,182
16,144
17,52
19,35
19,80
19,190
21,141
22,38
23,30
24,34
26,47
27,85
29,6
29,66
29,69
30,20
30,72
30,75
30,192
31,138
31,154
33,83
35,55
35,105
35,143
37,147
37,178
38,124
38,191
39,9
40,27
41,65
42,171
43,123
45,22
45,116
47,29
49,108
51,89
53,115
55,180
57,83
59,0
59,36
59,148
59,167
59,175
60,31
60,184
61,56
61,178
62,48
63,11
63,122
63,158
64,128
65,109
65,156
67,104
68,138
70,157
70,162
71,49
73,100
76,15
77,58
77,179
77,181
78,130
79,96
81,135
83,170
86,2
90,12
90,21
90,48
91,34
91,183
92,93
92,176
95,118
96,169
98,120
98,129
98,193
100,93
101,33
101,136
102,8
102,82
102,173
104,90
106,124
106,163
107,19
107,25
112,102
113,164
114,32
114,60
115,45
117,52
118,98
118,164
121,140
122,31
122,131
122,139
123,66
123,186
124,17
127,161
130,87
130,111
131,7
133,4
134,95
136,132
138,119
139,166
141,3
141,46
142,24
143,39
143,65
143,126
143,140
145,8
146,188
147,27
147,72
147,94
147,99
149,112
149,135
150,68
151,69
151,155
152,71
153,50
153,67
153,97
157,92
159,16
160,91
161,62
161,174
161,198
163,149
163,185
163,195
168,105
171,37
171,169
173,101
173,188
174,28
174,103
175,55
175,128
176,18
176,125
176,146
177,56
177,84
179,88
181,42
181,89
181,187
182,78
182,120
183,54
183,145
183,197
184,43
184,137
185,16
189,94
194,189
195,44
196,54
196,165
197,74
198,172
199,25
