source,target
0,10
5,180
7,32
7,159
9,39
9,106
11,38
11,56
11,90
11,163
12,11
13,38
14,79
14,83
16,3
16,116
16,178
17,8
19,80
21,47
21,61
23,113
25,127
26,45
26,158
26,194
27,122
27,134
27,173
29,118
31,29
32,37
34,97
35,73
35,128
36,169
37,68
37,143
40,163
41,65
41,109
42,69
42,181
44,154
45,118
45,190
46,43
46,197
48,76
48,87
51,195
52,124
53,28
53,186
55,59
58,164
58,175
58,193
60,104
62,196
63,6
63,74
63,160
64,128
64,136
66,106
66,155
67,43
67,82
68,78
69,20
70,112
71,70
72,170
72,189
74,3
74,166
75,16
76,149
77,192
83,57
83,81
83,138
84,5
84,62
84,187
85,156
87,120
88,93
89,115
93,1
93,95
95,26
95,49
97,10
97,150
97,153
98,129
98,152
99,30
99,75
99,151
103,146
104,21
104,117
104,139
105,71
105,144
107,25
108,23
108,155
108,158
109,133
113,18
114,5
115,24
115,50
116,85
116,86
116,164
117,94
117,138
117,184
118,68
123,98
123,198
124,103
125,88
126,165
127,108
130,78
130,111
131,109
131,141
132,20
133,91
134,70
136,152
137,44
140,126
141,96
142,133
143,15
145,142
146,27
146,42
146,119
146,176
147,94
149,72
153,107
154,87
154,121
155,54
156,36
157,8
157,63
161,50
161,177
161,196
162,199
163,92
163,100
165,35
166,22
167,185
168,151
169,167
171,137
172,64
172,80
172,135
174,101
174,131
174,161
177,162
179,27
180,2
181,55
181,84
183,180
184,140
185,48
185,102
186,33
186,131
189,123
189,182
190,60
190,90
191,13
192,34
192,110
195,193
197,4
197,49
197,148
197,188
199,172
