source,target
2,261
3,64
4,298
7,145
8,166
9,133
9,171
11,37
11,51
11,84
11,143
14,138
15,157
15,207
16,96
16,201
18,58
18,285
19,150
22,169
23,10
23,16
24,51
24,63
24,226
24,275
25,44
25,204
25,213
29,25
30,122
31,39
32,185
33,58
34,191
34,221
35,11
36,241
38,108
38,203
39,109
39,155
40,125
40,179
40,219
40,272
43,71
43,174
43,181
46,271
48,156
49,242
53,254
54,276
55,49
55,196
58,86
60,252
60,255
61,272
62,278
64,120
64,263
65,24
66,26
66,57
66,276
67,79
68,119
68,130
68,194
68,218
71,210
71,253
73,106
73,176
74,136
76,147
77,258
78,112
82,3
82,280
83,292
86,69
88,141
89,295
93,12
93,50
94,203
95,38
95,52
95,107
96,72
96,277
97,20
97,282
98,220
99,201
101,140
101,214
103,250
104,123
104,294
106,83
108,0
108,41
108,117
109,78
111,169
112,28
112,271
113,189
114,208
114,265
115,54
115,159
116,113
116,239
117,146
119,32
121,105
121,161
122,192
123,48
125,5
126,89
126,290
127,115
127,177
128,227
129,86
129,209
132,1
132,69
134,102
134,222
134,228
135,194
135,205
136,231
137,41
138,23
138,91
138,241
139,96
139,136
139,190
142,22
142,244
144,288
145,21
145,135
146,123
146,243
146,281
146,296
148,74
148,187
149,15
150,3
150,92
150,116
151,237
152,68
153,100
154,293
155,245
157,36
158,42
158,188
159,289
160,165
162,183
163,263
164,98
167,208
170,76
170,217
172,17
172,28
172,298
173,176
175,21
176,248
176,260
179,199
180,127
180,182
181,118
181,154
181,216
183,144
184,95
184,178
185,172
185,283
188,92
190,62
191,67
191,202
192,62
196,193
196,251
196,286
197,129
197,284
199,111
199,238
200,164
202,18
203,85
203,274
205,88
206,55
209,75
210,198
212,47
212,207
213,103
214,139
217,54
220,2
220,205
223,47
224,16
224,73
224,211
226,6
227,29
227,70
227,168
228,94
228,131
228,215
229,50
229,173
230,45
230,126
232,8
232,80
233,5
234,101
235,166
236,266
237,265
238,27
238,87
239,60
240,132
240,225
241,153
242,65
242,90
243,97
243,114
246,186
249,82
249,105
250,59
250,162
253,48
254,299
255,160
255,243
256,27
256,184
257,66
258,236
262,13
262,44
262,56
266,89
267,128
268,174
269,234
270,81
270,121
273,295
275,232
276,110
279,196
280,264
283,195
283,206
283,246
283,247
284,259
285,156
287,291
288,171
288,256
289,19
290,104
290,124
291,46
292,170
296,152
297,59
299,257
