source,target
0,115
0,178
0,187
1,111
2,220
3,279
5,219
8,166
8,189
8,289
11,117
13,151
14,33
16,71
16,106
16,224
18,290
20,77
21,145
21,222
22,43
23,10
23,27
23,32
23,150
23,239
25,29
25,109
27,20
30,283
31,192
32,75
32,230
37,25
37,297
40,219
40,272
42,44
43,228
44,211
45,19
46,29
47,23
47,168
48,110
49,267
50,214
51,177
51,259
55,49
58,201
59,88
60,3
60,27
61,1
61,52
61,103
62,230
63,255
64,59
64,98
64,172
64,266
64,298
66,86
66,133
67,9
68,250
69,174
70,165
72,263
73,215
73,280
74,96
75,162
75,193
76,197
76,268
76,271
79,4
79,100
82,190
83,18
85,129
85,198
87,37
89,55
92,116
92,251
93,130
94,97
96,127
97,282
98,108
100,126
101,15
101,172
101,214
102,135
104,218
105,71
105,288
108,0
108,117
108,189
108,196
109,64
110,257
112,28
112,169
113,105
113,180
113,252
114,94
114,243
117,296
121,87
121,131
121,184
121,270
122,12
122,30
123,138
123,146
123,227
124,157
130,36
130,124
131,249
132,274
133,67
133,84
134,73
134,164
134,262
135,252
136,234
139,191
140,163
141,186
142,7
142,204
143,1
144,56
148,217
150,92
150,139
151,3
151,125
152,296
153,268
154,205
155,91
155,118
155,181
156,26
156,106
157,112
159,289
161,199
163,171
164,210
165,281
167,24
167,273
168,227
170,158
172,260
173,161
176,31
176,233
177,66
178,176
179,40
182,2
183,123
183,294
184,107
185,182
186,246
188,146
189,129
194,90
195,33
199,90
199,154
200,102
201,99
201,160
201,195
202,206
203,200
204,39
204,141
205,85
206,17
206,170
207,15
208,100
208,167
211,47
215,54
216,78
216,284
217,238
221,56
221,293
223,36
223,120
225,293
226,103
227,128
228,75
229,260
230,291
231,279
232,275
233,76
234,19
234,258
235,122
236,132
236,153
237,239
238,60
238,212
239,96
241,138
242,11
244,22
244,69
245,173
246,13
246,147
246,163
247,32
248,276
250,119
250,160
250,261
251,255
251,277
252,95
253,137
253,168
254,144
254,299
256,126
257,132
257,285
258,42
258,155
258,175
261,216
262,34
264,17
266,53
266,206
267,6
267,104
267,148
268,61
268,67
268,222
269,210
271,112
271,278
272,61
273,266
276,149
276,285
277,38
277,202
278,235
279,220
280,247
281,120
282,81
282,244
283,35
283,58
283,292
286,65
286,83
286,209
286,263
287,213
288,245
289,82
290,115
293,57
295,139
296,41
296,213
296,265
298,80
298,275
299,229
299,240
