source,target
0,178
0,187
1,66
1,88
1,179
5,203
6,215
8,135
10,121
11,17
13,65
14,74
14,218
16,201
18,117
18,273
20,161
21,141
21,204
21,222
22,181
24,128
26,103
26,156
26,214
27,275
29,53
29,170
30,258
32,15
32,75
33,20
33,50
33,54
33,100
33,159
33,160
35,195
37,224
39,46
39,122
39,155
41,73
42,276
43,129
44,141
44,145
44,189
44,219
45,31
46,55
46,291
47,93
47,113
47,270
49,6
51,107
51,280
52,61
54,96
54,172
56,233
57,135
57,142
57,235
58,59
60,83
62,190
63,23
63,24
63,123
64,108
65,149
66,26
66,257
67,45
67,80
67,150
67,236
67,285
68,138
68,162
71,43
72,8
72,96
74,148
74,283
75,220
75,279
76,1
76,197
77,5
77,43
77,112
79,271
80,30
80,298
81,131
81,270
81,282
82,3
83,58
83,286
83,292
85,68
85,154
85,221
85,278
87,140
93,232
94,228
95,99
95,184
97,124
98,64
99,101
100,212
102,175
103,61
103,200
103,226
105,185
105,210
107,136
109,39
109,78
111,199
112,82
115,11
115,33
116,92
117,297
119,144
119,287
120,64
121,161
121,228
123,104
123,267
123,295
124,4
124,65
125,164
125,284
126,168
126,224
130,157
131,207
131,249
132,274
133,67
134,102
134,164
135,69
137,152
139,108
140,49
140,71
143,28
144,239
145,34
145,236
147,272
150,89
150,167
153,109
154,25
155,77
157,119
158,180
158,293
161,90
161,229
162,76
163,288
165,0
166,44
168,151
170,217
171,11
172,252
174,81
175,221
176,36
176,174
177,2
178,127
178,296
181,38
182,163
183,220
183,251
184,46
185,173
185,230
186,246
188,279
190,35
192,62
194,238
195,86
196,136
197,191
199,263
199,269
200,132
200,181
201,101
202,116
203,85
204,56
209,88
209,169
211,13
211,63
213,255
216,147
216,198
218,126
219,40
220,111
220,186
223,93
223,275
230,92
230,250
231,32
231,195
232,7
234,257
237,113
239,120
239,137
239,199
240,176
242,84
242,120
243,47
243,48
243,114
243,146
245,244
247,14
248,129
250,83
250,227
250,247
251,268
252,193
252,265
253,106
253,117
254,45
254,225
255,15
256,243
258,216
259,284
260,91
260,139
261,177
261,183
262,211
264,9
264,285
265,42
268,153
269,70
270,238
271,266
272,261
273,51
273,266
274,118
274,193
276,110
276,165
276,293
277,38
280,73
280,87
280,206
280,217
281,29
282,166
283,143
283,208
283,231
284,241
288,256
289,19
289,214
290,104
290,294
293,244
295,133
298,12
299,154
299,205
