source,target
0,172
2,26
3,158
3,178
4,31
4,124
4,298
7,232
8,189
9,273
10,290
11,93
11,123
11,267
12,122
14,113
14,173
16,23
16,276
17,35
18,28
18,99
21,222
23,27
23,63
23,238
24,59
24,242
25,199
26,66
27,33
27,115
27,224
27,245
29,141
29,213
29,227
30,267
32,283
33,212
34,88
36,12
36,174
36,241
38,95
38,203
41,177
44,142
45,136
46,55
47,263
48,246
50,64
51,107
51,140
53,29
54,0
54,49
54,99
56,209
60,10
63,211
63,243
64,139
64,223
65,96
65,279
68,85
69,62
71,210
73,224
74,119
75,230
75,237
76,5
76,162
77,98
78,154
79,230
80,17
80,84
83,86
83,296
85,235
88,17
89,266
90,270
93,26
93,128
93,133
95,238
97,150
97,282
100,1
101,15
101,19
101,190
101,231
102,39
102,135
103,200
103,250
104,32
108,19
108,82
110,292
113,47
113,72
114,65
115,108
119,68
119,286
120,207
120,253
124,268
125,2
125,40
125,91
125,291
127,13
127,41
129,153
130,36
132,43
135,6
135,134
135,221
136,295
138,233
138,284
140,157
143,30
144,116
145,132
146,158
148,187
148,276
149,148
151,50
152,180
153,216
154,5
154,198
155,259
156,48
157,112
157,183
157,234
158,87
159,33
160,0
160,103
161,147
162,2
162,75
164,22
164,155
164,161
164,165
164,255
165,37
166,235
169,164
170,250
171,288
174,181
174,186
174,204
175,219
176,233
176,248
176,258
176,260
177,182
177,257
177,261
180,163
181,94
181,118
181,194
183,144
184,256
185,63
188,92
188,269
189,287
191,59
192,34
192,110
193,242
193,274
194,76
194,132
195,87
198,175
201,89
201,160
202,183
204,272
205,192
205,221
206,218
208,14
209,78
210,269
212,207
213,16
214,254
216,111
216,258
217,280
220,205
220,249
222,85
223,208
223,226
224,70
224,146
225,186
227,100
228,98
228,184
231,74
231,136
232,8
234,156
236,62
236,145
237,151
239,65
239,101
239,199
242,20
244,22
249,44
249,179
251,277
252,54
254,239
256,114
256,126
256,294
257,67
257,299
258,52
259,112
260,229
262,56
263,89
263,214
264,13
265,252
267,131
268,92
268,251
270,81
270,121
270,247
271,46
271,61
271,79
272,137
273,24
273,167
275,298
276,197
277,96
277,150
277,180
278,168
278,271
279,83
279,196
280,58
280,109
280,247
281,165
283,48
283,182
285,42
285,264
286,24
286,220
287,127
287,240
288,105
288,143
288,206
289,82
290,51
290,176
291,106
295,215
296,117
297,261
299,57
299,90
299,205
299,293
