source,target
0,178
3,60
4,9
6,128
7,131
8,221
9,51
10,93
12,142
14,63
14,291
15,48
15,158
16,80
16,213
16,269
17,55
18,176
19,289
21,132
21,245
30,122
30,258
31,4
33,84
33,207
33,263
35,231
37,87
37,139
40,38
40,102
40,153
40,272
43,181
44,46
44,145
45,50
47,168
47,275
49,10
49,182
49,288
50,33
50,217
51,36
53,95
53,126
54,42
56,91
59,0
59,64
59,297
61,75
61,112
61,169
62,190
62,192
62,278
63,103
67,9
67,268
68,283
70,224
72,41
75,32
78,57
78,209
80,295
82,115
82,287
83,58
85,135
85,299
86,66
88,59
88,114
90,185
91,118
92,263
93,11
96,65
96,239
97,159
100,24
100,162
103,240
104,298
106,134
106,224
109,93
111,76
111,284
112,119
113,41
113,212
113,255
115,3
115,15
115,47
115,108
115,149
115,290
116,101
116,137
116,279
117,199
117,253
119,157
120,188
120,212
120,294
121,161
121,195
124,65
125,5
125,164
127,139
127,201
128,246
130,19
130,290
132,22
132,154
132,244
132,257
133,195
134,77
134,141
138,261
141,88
141,299
142,57
143,30
143,54
145,34
145,175
145,205
148,74
148,149
149,274
150,127
150,136
151,83
152,225
155,91
156,26
156,42
157,183
157,232
157,286
158,103
158,138
158,296
163,171
164,110
164,161
164,271
165,94
165,160
165,251
166,8
166,140
167,150
167,218
170,29
170,114
171,10
171,79
172,3
172,28
174,186
174,276
175,198
176,194
176,240
177,45
178,83
178,281
179,40
179,131
181,147
181,169
183,144
183,162
183,167
183,202
186,209
189,287
190,247
192,86
198,156
200,111
201,13
201,273
203,129
204,39
204,122
204,186
204,220
206,17
206,27
206,54
206,259
207,23
207,104
208,74
211,252
211,262
214,187
217,211
218,20
219,125
220,75
220,250
220,282
222,244
223,6
225,56
228,90
228,270
229,203
230,2
230,100
230,126
230,227
231,232
233,200
235,135
237,230
239,180
239,254
241,113
242,82
243,20
246,146
247,14
247,283
248,204
251,69
251,105
251,256
253,120
254,121
254,234
255,123
255,291
256,184
256,266
257,1
257,67
257,285
258,155
258,216
258,236
260,173
261,106
261,279
263,214
264,99
264,285
265,117
266,25
266,163
267,81
267,223
267,226
268,98
268,174
269,210
270,31
270,107
270,159
270,238
271,248
272,205
273,242
274,203
276,71
276,197
277,214
277,249
280,215
280,260
281,146
281,165
282,52
284,228
286,196
287,73
288,191
292,276
293,21
295,8
295,89
295,172
295,215
297,193
298,286
