source,target
0,182
1,257
2,177
2,220
2,291
3,171
3,172
3,217
4,79
4,159
5,77
5,145
5,203
8,195
8,232
9,112
10,140
11,273
12,36
13,0
14,20
14,119
14,170
15,17
16,80
17,9
17,202
18,95
19,124
19,199
21,222
22,118
22,194
23,114
24,286
26,2
26,146
29,218
30,80
30,122
30,215
31,149
31,192
32,230
35,280
36,51
38,40
39,57
40,77
40,186
41,237
41,261
42,198
43,174
47,168
47,212
50,299
51,9
51,64
51,99
51,136
51,259
51,292
54,252
55,242
56,176
56,272
57,129
57,238
60,180
61,261
62,88
62,192
63,6
63,154
65,96
68,266
70,269
71,170
71,253
73,18
73,37
73,238
76,162
76,179
76,271
78,22
78,153
80,297
82,49
83,152
83,214
83,279
84,27
84,208
86,58
86,63
87,163
88,34
88,67
88,86
88,116
91,155
93,109
94,114
95,28
96,139
96,289
97,245
100,294
101,116
101,267
103,59
103,160
105,185
106,16
106,41
107,95
108,13
109,268
111,164
111,200
111,271
113,14
113,72
115,149
117,54
117,82
117,265
118,293
120,15
120,104
120,160
120,287
121,131
121,270
123,10
123,23
123,247
124,130
126,90
126,123
126,227
128,93
133,115
134,141
135,134
135,204
136,125
136,234
137,144
137,152
137,239
138,91
138,176
140,71
141,248
142,7
142,21
143,11
143,249
144,286
144,295
145,235
145,236
146,16
146,158
150,183
151,58
153,268
157,167
161,173
163,207
164,98
164,165
165,105
165,251
166,8
167,171
168,227
168,278
169,209
169,228
172,89
174,29
174,81
175,219
178,256
180,127
180,260
181,69
181,147
182,214
183,226
184,169
188,92
188,263
189,108
191,134
191,183
191,190
193,151
193,274
195,33
196,136
198,156
198,210
201,33
204,39
204,102
205,46
205,175
205,258
206,211
208,17
208,74
208,185
208,206
208,223
208,275
209,83
211,224
213,218
213,279
214,187
215,264
216,153
216,181
217,50
217,52
217,285
219,90
221,85
221,220
222,70
222,132
224,106
224,163
225,4
225,137
225,173
228,284
229,91
230,75
230,126
230,138
231,84
232,231
237,32
239,53
239,65
241,205
242,288
243,48
243,97
245,78
245,145
250,223
252,60
253,110
254,234
255,291
256,128
256,281
257,177
257,233
260,18
260,139
260,280
260,298
261,156
262,100
262,216
263,3
268,45
269,23
270,47
273,201
276,66
276,129
277,74
278,197
279,19
280,266
282,52
283,143
283,242
283,246
285,148
290,25
290,243
293,44
293,225
293,244
296,178
298,166
299,142
299,154
299,240
