source,target
1,61
3,82
3,187
4,47
4,159
5,111
5,271
6,17
6,185
8,166
10,101
11,288
13,65
13,172
14,27
15,33
16,65
16,160
17,149
17,264
17,291
18,201
18,259
19,177
21,222
24,259
26,253
26,261
28,286
30,267
33,115
34,48
35,195
36,119
39,31
39,102
40,38
43,71
44,175
44,249
45,2
47,165
49,182
49,289
50,108
50,163
50,176
51,140
51,292
56,233
57,151
58,192
58,223
59,88
59,191
59,285
60,297
61,268
61,272
62,34
62,106
64,266
64,298
65,80
65,104
65,231
68,100
68,250
69,86
70,222
70,227
73,287
74,33
74,37
74,53
74,143
74,277
76,162
76,203
77,43
78,143
79,70
83,151
83,274
83,286
84,32
87,35
87,255
88,1
89,54
89,121
90,27
91,53
91,75
91,125
91,221
96,127
97,20
97,36
97,245
98,131
100,212
101,55
101,99
104,120
106,291
107,84
109,59
110,85
110,240
111,132
112,77
112,247
113,15
113,47
115,117
116,75
119,82
119,144
121,154
122,235
123,252
124,93
124,130
124,208
125,5
125,219
127,116
127,178
131,81
134,238
135,211
137,183
138,193
138,284
139,41
139,234
142,12
144,67
144,137
144,190
144,288
146,170
146,269
147,246
148,276
150,3
152,115
153,19
154,63
154,199
154,262
155,181
156,48
157,126
157,232
158,60
160,84
160,165
161,179
162,226
162,261
164,92
164,228
166,44
167,223
169,94
169,112
170,29
170,106
170,128
171,207
175,25
176,258
177,51
177,260
179,111
179,249
180,152
180,207
181,69
181,194
183,290
184,210
186,86
186,220
188,224
189,163
192,31
192,216
192,221
192,274
193,196
193,297
196,49
196,108
196,136
197,76
197,129
198,39
199,117
200,103
200,270
201,0
203,38
203,164
204,235
205,46
205,145
206,170
206,202
206,242
206,247
208,74
209,56
210,185
210,251
212,189
213,16
213,168
214,10
214,277
216,230
217,158
220,91
220,282
222,200
227,46
227,224
227,265
228,90
228,118
228,131
228,161
232,8
233,200
233,276
234,9
234,257
236,50
237,201
238,142
239,215
240,299
241,78
243,184
244,7
244,22
244,132
244,142
246,95
246,128
247,105
247,280
252,264
254,214
254,239
255,23
255,66
255,141
256,243
256,281
260,173
263,89
265,114
265,146
265,204
265,211
266,273
267,6
267,275
268,124
269,18
269,87
269,234
271,2
271,79
271,248
275,218
276,42
276,174
277,296
278,197
279,150
280,72
281,287
282,52
283,230
289,96
290,133
290,157
292,110
293,62
293,225
294,194
295,140
298,260
299,229
299,293
