source,target
0,60
1,134
1,238
2,162
3,0
4,124
5,154
6,17
8,72
10,288
11,84
12,235
14,163
14,170
14,184
15,113
16,213
16,243
17,9
18,65
20,90
20,161
20,294
22,194
23,128
24,100
25,199
27,4
27,7
27,149
27,275
28,36
30,215
34,69
37,115
37,133
38,181
40,77
40,125
41,193
42,258
43,248
45,31
45,189
47,168
53,289
54,58
56,241
57,66
58,83
59,109
59,257
60,212
62,122
64,229
64,256
65,19
65,239
66,177
69,88
69,186
74,54
75,62
78,57
79,18
79,26
80,17
80,93
81,20
81,282
82,182
82,190
83,99
83,274
83,286
87,234
88,56
88,61
89,121
91,52
91,53
91,221
91,229
92,25
92,230
93,67
93,84
93,223
93,232
95,38
96,214
99,195
103,213
105,185
107,136
110,240
111,76
111,271
111,292
112,111
112,169
114,106
115,108
115,224
115,263
116,202
118,22
119,144
121,7
122,192
123,73
123,171
125,183
126,15
126,168
126,227
127,49
127,67
129,26
132,1
132,200
134,135
134,141
134,222
136,112
137,41
137,116
138,14
138,86
139,277
140,10
140,71
140,273
141,248
142,85
143,245
145,205
146,63
146,269
147,246
147,272
149,107
150,97
150,172
151,70
151,188
152,225
154,179
154,293
155,39
156,48
157,36
157,119
157,231
160,292
161,94
162,291
165,150
165,187
166,85
166,282
167,208
170,16
171,207
172,28
172,139
174,249
175,145
176,260
177,260
177,261
180,152
181,200
182,73
183,64
183,167
183,294
185,173
186,29
187,13
188,120
188,137
189,44
192,110
192,155
193,242
194,233
197,98
197,191
197,284
198,175
198,210
200,22
200,102
200,203
200,276
201,101
204,222
205,159
206,55
206,104
206,215
206,266
211,138
211,148
211,262
212,119
212,253
216,78
216,153
216,155
217,101
217,117
217,211
219,5
219,197
220,1
221,8
221,44
221,220
222,21
223,206
226,123
227,46
228,75
230,32
230,185
230,218
230,250
231,74
234,51
234,139
234,196
235,142
236,50
236,258
239,146
239,237
241,209
242,24
242,283
242,290
243,33
243,114
243,246
245,27
245,145
247,283
247,285
249,251
251,164
251,255
252,265
254,45
255,207
255,217
255,279
256,178
257,80
259,273
260,180
261,2
263,3
263,214
266,68
266,89
266,236
267,11
267,128
267,131
268,174
269,48
269,151
271,40
272,140
273,35
273,280
274,132
278,197
280,264
281,253
282,244
283,15
286,209
287,240
288,143
288,270
290,130
290,157
291,37
291,230
293,158
293,228
293,299
295,82
296,165
296,252
297,117
298,286
