source,target
0,139
1,59
1,183
2,66
2,291
3,171
3,178
3,201
5,40
5,111
5,125
7,145
7,244
8,69
8,195
10,171
11,127
12,37
13,201
13,289
14,123
17,15
18,115
19,136
20,14
20,218
21,44
22,169
25,266
26,253
26,268
27,23
28,18
29,168
29,227
30,80
30,215
33,84
33,149
35,283
37,87
37,252
37,297
38,95
39,102
42,156
42,262
44,235
47,9
48,73
50,229
51,177
53,52
53,210
55,101
56,204
58,264
60,16
60,296
61,98
61,236
62,75
63,120
63,208
64,263
65,96
66,86
66,162
67,70
71,269
74,157
76,203
77,228
78,57
78,112
79,88
79,100
80,279
82,249
82,287
83,32
83,58
85,299
86,69
86,135
86,186
86,192
87,133
88,62
89,116
91,220
92,263
93,20
94,27
97,36
97,159
99,150
100,1
100,223
101,165
101,190
104,64
104,298
105,28
107,51
107,270
108,13
108,54
109,93
113,189
113,250
114,120
114,184
115,72
116,279
116,286
117,217
119,286
120,242
122,12
123,47
126,89
126,95
127,49
127,150
127,231
129,26
132,43
132,111
132,240
135,6
136,234
137,225
138,118
139,23
139,117
140,166
141,88
142,21
142,238
144,137
145,175
146,48
146,158
148,211
148,267
149,107
149,148
151,128
152,83
152,269
154,121
154,179
154,181
155,77
157,15
157,97
157,116
158,3
158,142
158,180
158,217
159,33
161,173
164,255
165,47
166,36
166,282
166,293
169,94
170,114
171,290
172,54
173,58
174,29
174,34
176,50
177,45
177,153
177,182
177,268
178,41
178,65
178,115
178,246
179,164
182,187
183,64
183,91
183,124
183,202
183,254
184,185
184,228
185,140
187,234
187,239
188,160
188,251
189,163
189,280
191,197
193,261
194,68
194,233
196,49
197,81
197,85
199,19
200,110
201,4
204,132
204,222
205,56
205,135
207,131
207,212
210,198
210,277
213,25
213,46
214,108
219,39
219,78
219,90
221,293
222,134
222,200
223,207
224,250
226,24
226,103
227,70
227,265
229,203
230,92
230,144
230,256
231,60
231,65
231,232
233,76
233,276
236,67
239,278
241,205
243,138
244,142
245,8
245,143
247,266
248,176
248,209
249,174
250,275
251,155
254,53
255,63
255,167
256,237
257,79
258,30
259,273
260,245
261,2
261,106
261,138
261,233
261,297
262,154
265,42
267,128
267,226
268,31
271,57
272,40
272,147
273,126
274,83
274,132
275,206
277,74
277,165
278,241
280,11
283,230
283,292
284,34
285,98
288,206
290,247
291,281
294,104
294,216
295,195
296,193
298,130
299,219
299,240
