source,target
0,77
2,47
2,75
3,127
4,209
5,221
8,113
10,65
10,145
11,146
11,205
12,128
13,24
13,236
15,225
16,204
17,212
19,252
20,255
21,55
21,69
21,99
21,281
24,117
25,35
26,141
29,95
30,43
30,285
31,159
34,186
34,254
36,239
37,132
37,151
38,164
39,70
41,215
42,84
42,124
44,158
45,195
46,252
47,260
49,120
49,152
50,262
50,266
53,92
54,7
54,179
54,282
55,85
55,236
56,272
57,6
57,217
59,101
59,243
62,45
63,23
63,195
64,171
65,119
66,110
66,147
67,110
70,191
71,200
72,111
72,244
73,105
75,48
78,162
80,100
81,240
83,242
84,27
84,38
85,36
85,105
86,14
87,11
87,265
89,34
89,94
89,174
90,172
90,291
91,185
95,155
96,62
97,257
97,297
98,83
101,90
101,109
101,228
101,259
102,182
103,102
104,254
106,88
106,165
108,5
109,206
112,18
113,22
113,189
114,143
116,156
116,233
118,73
120,121
120,123
121,60
125,93
125,146
129,14
129,31
129,127
129,216
130,288
131,184
132,169
133,33
134,104
135,1
136,276
137,269
137,280
139,196
139,233
140,281
141,74
141,207
142,132
142,160
143,21
145,208
148,6
150,152
151,287
153,223
154,283
155,68
155,122
155,149
157,82
159,61
159,114
159,220
160,194
160,222
161,248
162,45
163,20
164,79
165,12
165,166
167,203
168,249
171,88
171,247
172,41
172,78
174,227
175,173
175,256
176,116
176,204
177,4
180,121
180,274
181,22
183,28
183,267
185,194
187,67
188,212
188,263
189,228
190,0
191,197
192,131
192,222
196,108
198,223
198,286
199,198
200,46
201,202
202,157
203,137
203,219
203,258
204,198
205,0
207,234
208,2
208,17
210,144
210,298
211,40
211,179
212,115
213,9
213,13
214,1
217,26
217,53
217,197
217,202
218,81
220,32
221,289
221,293
222,158
222,255
224,261
225,161
226,80
227,275
227,295
229,11
229,182
229,185
230,94
230,138
230,245
231,126
231,142
234,7
234,35
235,51
235,136
237,76
238,66
238,84
239,17
240,52
240,170
240,232
241,135
242,15
242,240
248,168
249,229
250,271
251,106
252,133
253,190
256,279
258,140
260,41
260,72
261,213
262,97
262,112
264,59
268,107
268,166
271,130
271,178
272,46
272,264
273,133
274,211
275,54
276,91
277,42
278,150
279,58
279,69
281,128
282,76
282,100
282,122
282,139
284,210
285,125
286,270
288,10
288,229
289,28
289,56
289,177
290,115
292,124
293,147
293,214
294,244
296,134
296,283
297,193
297,235
297,246
298,49
299,293
