source,target
1,129
1,147
3,92
3,267
3,277
4,69
4,159
4,281
5,135
6,79
7,52
7,242
8,113
9,250
12,128
12,151
14,296
16,287
17,270
18,4
18,112
19,161
19,260
20,163
20,194
21,69
24,203
25,254
26,189
27,216
29,294
31,86
34,275
35,130
35,142
36,265
37,61
38,84
40,133
40,211
41,266
42,117
42,171
43,25
48,118
53,160
53,183
53,217
54,20
55,105
56,39
58,200
58,204
58,290
59,57
62,37
62,199
64,96
64,201
65,10
65,119
65,155
66,11
66,279
68,254
68,285
71,33
72,41
72,146
74,123
75,17
76,94
77,286
78,172
78,271
79,24
80,210
81,137
82,174
82,214
83,53
84,205
85,234
89,34
89,50
89,63
89,94
89,154
89,262
90,221
90,249
91,28
94,179
95,110
95,237
95,244
96,77
96,264
98,83
99,157
100,252
101,59
101,88
101,138
101,144
105,125
106,165
107,71
107,173
108,213
109,134
110,66
110,180
111,176
112,104
113,186
115,213
116,60
116,103
117,173
117,175
118,207
119,27
121,295
122,155
124,126
126,278
127,32
127,140
130,258
131,101
132,60
132,201
133,229
133,297
134,295
136,30
137,44
137,107
138,284
140,224
141,39
141,139
143,299
144,218
145,19
145,102
147,43
150,121
151,247
152,9
155,149
155,265
156,11
157,132
162,103
164,31
165,288
167,75
167,203
168,121
168,122
168,170
171,289
173,256
177,291
178,55
184,131
185,109
185,229
186,2
186,185
187,231
190,0
190,192
192,1
192,46
193,144
195,7
195,165
196,233
197,150
199,198
201,56
204,15
205,115
205,190
206,164
206,253
207,197
208,31
208,72
208,234
208,261
212,115
213,13
214,46
215,158
215,296
215,299
217,29
217,95
220,28
221,65
221,235
223,36
224,208
225,90
226,100
227,240
228,135
228,169
228,189
229,182
229,222
230,23
230,51
230,61
230,120
230,255
230,283
231,45
231,91
232,88
233,74
233,166
233,168
233,204
233,231
238,159
239,188
240,89
240,257
241,32
244,114
245,136
246,93
246,297
248,98
248,161
249,9
249,268
251,54
251,215
252,225
254,153
258,199
259,22
259,148
259,243
262,97
263,78
263,92
265,47
266,64
269,42
269,236
270,163
270,274
271,209
271,210
273,6
274,22
275,169
275,245
275,248
278,67
278,181
278,202
279,12
279,196
280,117
281,85
282,87
282,172
282,269
283,68
283,195
284,112
285,124
285,227
285,239
285,272
286,70
286,230
286,274
286,276
287,125
289,99
291,287
291,293
292,126
293,129
293,191
294,73
298,49
298,111
298,200
298,219
