source,target
1,166
2,146
2,171
2,253
3,143
3,277
4,18
5,213
7,77
7,242
8,113
9,117
9,180
10,292
14,86
15,216
16,235
19,32
19,166
20,54
23,133
23,192
24,271
25,98
26,8
26,19
26,77
26,103
26,247
28,285
29,176
31,273
33,37
34,45
34,186
35,234
37,268
38,260
42,84
43,104
45,56
45,126
45,170
46,191
46,252
46,272
47,12
51,181
52,233
53,194
54,80
54,179
55,4
56,291
58,24
59,185
59,266
60,288
61,220
63,241
63,262
64,245
64,262
65,127
65,225
66,140
67,203
67,239
67,246
67,278
68,47
72,140
72,255
73,161
73,208
74,218
75,48
75,194
75,267
76,68
78,206
79,215
83,96
83,164
83,275
84,31
85,187
85,234
86,90
87,94
87,225
88,283
89,172
89,222
90,72
91,132
93,125
97,257
98,53
104,94
105,261
107,268
108,299
111,8
111,82
111,249
111,286
112,145
113,22
114,265
117,99
118,207
119,27
119,297
121,154
122,70
123,65
123,145
123,266
124,120
124,284
124,287
127,135
129,120
131,6
131,80
132,230
133,296
135,237
136,30
137,81
138,224
139,195
142,129
143,38
143,258
143,263
144,193
145,40
146,53
146,116
146,125
147,5
149,289
150,173
151,247
152,49
154,16
154,26
154,60
154,229
155,95
156,11
156,88
158,226
161,269
162,78
162,280
164,15
164,206
166,199
169,89
169,100
169,295
171,20
172,41
173,107
173,224
173,256
175,277
177,142
178,159
178,205
179,14
179,167
180,121
180,222
180,274
181,241
181,243
182,109
182,156
183,114
184,131
184,270
186,211
186,217
187,231
189,67
189,110
190,81
191,244
192,250
195,165
197,23
197,227
198,223
200,293
202,102
202,169
203,36
204,251
205,0
205,115
205,175
205,188
206,92
206,124
207,130
207,197
208,263
210,84
210,261
210,279
213,9
213,212
215,144
216,46
216,174
217,57
218,13
218,144
218,258
219,298
223,153
223,276
224,281
228,40
229,62
230,152
230,195
230,248
231,174
231,176
232,11
233,16
235,136
235,221
236,3
236,17
236,27
236,107
238,17
240,101
240,242
241,135
241,264
243,201
243,259
244,2
248,151
251,61
253,18
254,141
254,147
255,150
257,123
257,148
257,226
258,128
259,141
260,118
264,106
264,157
265,50
271,21
271,192
271,209
276,91
276,160
278,44
278,71
278,111
278,190
278,196
279,85
281,69
282,168
282,210
283,61
285,68
285,134
285,272
289,28
289,155
289,265
290,128
291,39
291,70
291,83
292,64
293,158
293,214
294,29
296,153
296,163
296,283
298,105
299,1
