source,target
0,244
3,294
4,27
4,164
4,271
6,273
8,268
9,138
9,213
12,165
13,24
14,50
15,137
16,79
18,65
18,103
20,21
20,146
22,32
22,102
22,252
22,259
24,108
25,51
26,33
26,91
26,113
26,166
27,79
27,222
28,121
28,168
28,220
30,136
31,69
31,159
32,268
33,71
34,235
35,11
36,285
38,130
39,56
39,122
40,211
41,172
44,43
44,81
44,167
44,278
45,168
45,231
46,154
48,210
48,246
48,279
51,32
52,234
53,83
53,98
53,183
55,75
55,105
57,291
59,242
59,276
60,251
62,96
64,141
64,262
65,14
66,171
67,187
67,298
68,149
70,191
72,140
76,114
76,282
77,0
77,7
78,12
84,31
88,3
88,11
89,162
90,29
90,86
90,237
90,288
92,238
94,104
94,230
95,85
95,277
96,20
96,87
97,119
98,20
98,150
98,202
99,69
100,195
102,33
102,226
105,258
106,266
107,236
109,61
110,12
112,183
114,265
115,261
117,280
118,17
118,188
118,290
120,109
120,123
121,25
121,149
121,174
122,239
124,42
124,62
125,55
126,129
127,26
129,127
129,296
131,60
131,119
131,192
133,125
136,101
137,107
137,179
139,5
139,184
139,196
142,160
143,38
147,9
147,135
147,225
147,270
148,6
150,49
150,134
151,72
152,38
152,222
152,250
153,296
155,289
157,52
157,99
157,158
160,63
161,132
161,214
162,78
168,235
169,295
171,53
171,208
173,107
175,167
178,179
178,205
179,54
179,211
180,128
180,241
180,249
182,156
182,215
182,229
185,106
186,113
187,30
188,205
188,209
189,46
190,253
191,217
192,264
193,199
193,216
194,260
197,173
198,203
201,89
201,169
201,243
202,1
202,19
202,74
202,109
202,157
202,204
203,81
203,257
205,190
206,134
207,47
207,197
208,140
208,145
209,73
209,256
212,115
213,144
214,28
214,30
215,176
216,172
217,186
218,3
219,298
223,58
223,153
224,208
225,104
225,161
227,45
227,160
228,169
229,124
229,170
232,87
233,126
233,139
234,233
239,67
240,23
240,37
240,150
241,82
242,15
244,118
246,93
247,207
248,111
248,201
248,245
249,90
251,155
252,80
252,100
254,195
256,212
258,263
260,41
261,139
262,40
262,154
263,281
264,185
265,36
266,14
266,66
266,110
267,75
269,236
270,163
270,181
271,24
271,116
271,178
272,37
275,56
275,200
276,286
278,180
279,73
279,85
279,238
280,99
281,4
283,245
284,224
285,50
287,10
287,267
288,2
288,41
288,60
288,88
289,274
291,6
291,177
291,293
292,145
293,147
293,221
293,255
297,246
299,132
