source,target
2,36
2,115
3,181
4,205
5,131
6,203
7,77
9,250
11,146
12,31
12,84
17,239
19,252
20,159
21,271
22,274
23,133
24,6
26,49
26,127
27,128
27,236
28,158
29,90
29,176
29,217
31,35
34,23
34,255
34,275
37,56
37,192
38,143
40,74
41,144
41,215
42,137
44,242
45,43
45,234
47,276
48,140
48,246
50,35
50,289
53,85
53,265
54,18
54,116
54,179
55,73
55,125
55,164
56,52
57,59
58,24
59,7
59,117
59,153
60,87
62,51
62,145
64,72
64,232
64,245
65,161
65,216
66,147
67,291
68,94
69,21
69,99
70,294
75,55
76,264
78,2
81,13
81,126
81,218
82,241
83,98
83,278
84,246
84,261
85,236
86,14
87,110
89,170
89,172
89,240
89,295
91,174
93,272
96,31
97,119
97,133
99,130
99,269
100,141
102,202
107,210
109,96
110,238
111,193
111,268
111,286
113,19
116,231
118,188
120,121
121,260
122,91
124,42
126,79
126,242
129,32
129,293
130,38
130,66
132,126
132,149
133,123
134,285
134,296
135,252
136,154
136,228
136,297
137,280
139,32
140,277
141,64
141,201
142,152
142,177
145,103
146,125
147,293
150,132
151,248
152,37
155,251
155,287
156,92
157,25
157,190
158,14
158,82
159,61
159,114
159,220
160,65
160,181
161,182
162,78
163,290
164,4
164,15
164,83
165,168
166,120
167,75
168,39
169,156
169,254
170,233
171,194
173,150
174,34
175,173
179,167
179,178
179,211
179,257
180,228
184,270
186,22
187,67
188,209
189,247
192,46
193,138
194,165
194,185
196,282
197,160
197,191
197,249
199,62
199,155
200,19
200,288
200,298
201,262
202,40
202,237
203,81
203,198
203,219
206,77
208,20
208,290
209,105
209,256
210,12
213,212
214,30
214,53
216,193
217,33
217,95
220,89
221,124
222,180
223,135
225,1
225,101
226,139
227,285
229,240
230,61
230,121
233,25
233,134
234,7
234,106
234,109
235,291
238,17
238,85
241,8
241,56
241,113
241,274
243,156
244,0
244,95
244,171
245,5
245,136
246,93
246,224
246,263
247,154
248,168
248,230
251,112
251,215
253,18
254,104
256,9
256,48
257,10
258,199
259,50
259,148
260,127
261,115
264,157
265,47
265,169
266,10
267,211
268,200
270,196
275,45
275,195
277,58
277,207
278,80
278,111
278,213
279,178
280,15
281,105
282,54
282,108
283,201
284,33
285,68
287,16
287,100
288,88
288,118
292,204
292,259
292,273
294,183
296,63
296,101
296,129
296,183
296,202
296,254
296,283
297,71
297,197
298,67
299,5
