source,target
0,77
0,246
1,299
4,105
4,213
4,236
5,280
6,24
6,57
7,220
10,32
10,252
11,85
11,234
12,78
14,86
14,283
17,75
17,212
19,273
20,2
21,258
22,6
22,298
24,58
24,162
24,175
26,16
26,51
26,113
26,127
26,216
29,176
31,215
32,103
32,131
32,293
33,202
33,237
34,242
34,296
35,85
38,42
38,137
42,9
43,30
43,104
45,62
46,189
46,248
47,183
49,82
50,25
50,35
53,214
54,20
56,221
56,249
59,295
60,131
60,170
61,109
61,132
62,121
63,262
64,7
65,47
66,130
68,94
69,48
69,99
72,237
73,55
73,118
74,160
76,157
76,264
78,263
79,199
80,65
80,167
81,13
82,232
84,38
84,261
86,81
86,155
89,172
92,3
92,238
94,204
95,64
96,87
99,271
100,52
100,195
101,74
101,88
103,40
104,18
104,134
104,265
106,266
107,81
108,173
108,269
108,282
109,101
110,12
110,72
110,266
112,18
112,177
112,277
113,8
114,55
115,290
117,173
118,260
118,288
119,27
122,168
123,251
123,287
124,229
125,68
125,268
126,233
127,140
127,166
127,278
128,93
128,281
129,14
129,111
129,154
129,273
130,207
132,149
133,102
134,56
135,222
135,225
136,174
136,245
136,276
137,203
138,147
139,5
140,72
140,196
141,252
146,11
146,36
148,184
148,259
152,213
154,23
155,28
155,132
155,256
156,76
156,116
157,230
158,44
158,91
158,289
160,89
160,227
163,112
164,42
165,246
165,255
166,262
168,39
168,98
169,231
171,113
172,20
172,124
176,215
176,253
177,159
180,161
183,28
183,151
183,267
187,30
191,133
193,188
193,251
194,185
195,97
195,200
195,275
197,49
197,150
198,133
198,239
199,15
199,203
201,46
204,15
204,198
205,208
207,53
208,114
208,145
209,92
210,80
211,179
212,115
213,190
215,142
217,90
218,164
219,298
221,90
222,64
222,192
223,5
224,88
225,147
225,226
226,257
227,285
227,295
228,73
228,136
228,180
229,43
229,120
229,176
229,182
230,1
230,61
230,194
232,127
233,136
233,169
234,7
234,206
235,26
235,87
236,140
237,292
238,110
239,17
239,67
240,37
240,71
240,144
240,221
241,255
243,12
243,181
244,171
247,274
248,180
249,197
249,214
254,19
254,270
257,100
257,139
258,84
259,243
260,194
264,241
267,211
268,98
271,24
271,209
271,250
272,153
272,222
273,119
275,34
276,286
277,83
279,69
279,143
279,178
281,4
282,139
284,36
287,45
288,186
289,66
289,274
290,128
291,177
293,41
293,62
293,158
294,70
294,268
296,228
297,97
