source,target
2,20
5,136
5,139
5,198
6,22
9,147
9,250
11,87
13,236
14,294
16,174
17,238
19,82
20,11
20,163
20,248
20,281
22,113
22,298
23,192
23,201
25,254
26,49
26,235
28,166
32,5
32,153
32,220
33,37
33,284
34,293
35,222
36,85
36,203
37,45
37,285
38,66
38,130
39,151
41,151
41,237
42,117
42,281
43,47
43,262
48,77
48,118
51,274
54,62
54,179
56,104
56,275
59,40
59,242
59,264
60,116
60,170
61,3
61,7
61,150
62,96
62,241
63,34
63,131
63,149
64,65
64,72
64,95
64,232
66,256
67,164
67,187
68,89
70,293
72,110
74,141
76,18
77,0
78,2
78,12
78,206
80,1
80,226
81,13
83,224
84,38
84,69
85,146
88,59
90,70
90,86
91,230
92,53
92,156
93,246
95,135
95,217
95,244
98,177
100,37
100,282
101,10
101,88
102,297
103,26
105,266
107,205
108,178
111,193
112,284
114,4
114,76
114,265
115,269
115,290
118,244
119,65
120,124
121,260
122,22
122,168
123,74
124,54
124,172
125,134
127,278
129,233
133,19
133,102
133,229
135,29
135,32
135,176
135,223
136,228
136,276
137,107
138,224
139,257
139,261
140,258
141,100
141,235
142,8
142,35
144,10
145,31
145,142
146,61
147,1
147,287
148,6
150,230
150,240
151,253
152,271
156,181
156,243
157,52
157,62
157,99
160,16
161,109
162,127
162,270
162,280
163,155
164,92
165,106
165,195
166,186
166,199
167,203
170,7
173,17
175,9
175,179
176,190
180,249
183,249
184,270
185,109
185,145
186,211
188,239
189,247
189,288
191,30
191,248
193,188
194,75
195,97
195,275
195,296
196,16
196,140
197,111
198,204
199,251
200,46
200,71
200,98
200,138
200,214
201,160
201,227
202,25
202,129
202,168
202,268
205,148
206,134
209,238
209,271
209,279
211,137
213,212
214,53
215,158
216,174
217,57
217,265
219,225
222,27
222,132
222,157
225,252
227,169
228,14
229,182
231,292
233,154
233,196
234,63
234,208
236,55
236,105
237,11
237,90
239,36
240,25
242,44
242,194
242,202
244,73
244,207
246,67
246,263
249,126
252,98
252,159
255,68
256,175
258,128
258,218
259,234
259,243
260,4
262,64
266,144
267,112
268,221
269,280
271,21
271,178
272,93
273,8
274,171
274,180
275,245
277,48
277,213
278,15
278,299
279,210
279,277
280,58
281,79
282,101
282,131
283,46
284,68
287,24
287,123
287,183
288,60
289,50
289,56
289,94
289,158
291,79
292,283
293,286
294,165
295,89
296,133
297,27
299,143
299,161
