source,target
0,290
2,36
6,79
9,138
11,59
15,216
18,76
18,196
20,72
20,163
21,99
23,25
24,241
25,129
26,33
26,74
26,166
27,157
28,159
28,220
28,252
29,0
31,12
32,192
32,273
34,177
36,169
36,223
37,39
37,62
37,222
38,137
40,102
41,260
42,84
42,171
44,144
44,184
45,287
46,197
47,261
48,140
51,32
51,86
52,16
53,98
53,265
54,20
56,34
56,109
57,116
58,24
59,153
59,288
61,88
63,1
63,122
63,155
64,141
65,18
65,221
66,238
67,13
68,114
68,149
68,254
68,274
69,281
70,286
71,237
72,146
72,267
73,30
73,224
73,263
74,3
74,65
74,202
74,217
76,68
76,96
78,104
79,126
79,243
79,281
83,38
86,14
86,81
87,7
87,225
87,291
89,229
91,131
91,132
91,134
91,227
91,287
92,164
93,80
93,125
94,78
95,119
98,162
98,168
98,270
99,69
99,209
103,102
104,43
104,56
105,21
105,92
106,223
106,233
111,46
111,176
111,298
113,22
114,73
114,205
115,118
115,172
115,269
117,42
121,28
121,295
123,101
123,133
123,156
124,147
124,167
124,284
130,179
130,288
131,128
132,116
132,190
134,97
134,255
135,131
136,245
137,107
137,211
138,299
139,282
141,26
141,49
141,100
141,139
142,232
143,5
143,199
144,218
145,283
145,292
146,53
147,139
150,49
151,183
151,268
152,142
152,161
152,250
152,271
153,272
153,296
155,95
157,160
157,264
158,215
158,248
158,293
159,12
159,151
159,178
159,289
160,16
160,170
161,19
161,269
162,280
164,218
164,258
165,106
166,186
166,206
166,262
167,75
169,240
173,17
173,37
173,175
178,108
180,215
180,228
181,22
182,272
183,249
186,185
187,279
188,205
188,297
189,67
189,253
192,1
193,297
194,163
195,11
195,88
197,173
197,244
198,5
198,133
199,85
199,203
200,70
200,275
201,64
202,103
203,67
203,219
203,257
205,148
207,47
207,171
207,247
208,110
209,279
211,186
212,188
214,161
216,129
221,235
221,241
222,152
222,160
223,276
225,80
225,110
226,158
227,60
229,177
230,94
230,251
231,174
231,275
232,35
232,204
232,234
234,207
235,191
236,55
237,202
238,209
238,266
239,176
240,25
241,82
242,8
242,276
247,112
248,201
248,294
249,90
252,181
252,225
254,34
254,50
255,293
256,212
257,77
257,240
259,195
260,4
261,105
263,69
263,143
263,236
263,246
268,214
269,213
270,278
273,10
275,154
276,136
277,3
278,71
282,210
285,120
285,135
286,111
287,260
290,2
290,48
290,95
292,259
293,127
296,200
299,108
