source,target
0,42
0,55
0,105
1,252
2,206
2,208
3,253
4,159
5,108
5,213
5,280
8,268
8,273
9,180
9,250
10,28
10,145
11,265
12,210
15,137
17,173
19,133
19,138
20,146
20,171
22,198
23,63
24,108
24,271
25,121
25,233
26,166
27,136
27,157
29,176
32,51
32,65
32,169
34,288
35,20
35,204
35,222
38,260
40,102
40,228
42,38
44,29
44,81
45,275
46,37
46,141
46,191
48,0
48,256
48,290
49,160
50,285
51,181
53,92
53,171
55,236
58,204
59,242
60,88
60,142
60,154
61,106
64,7
64,72
64,127
66,234
67,239
68,114
69,48
70,294
72,260
74,200
75,55
76,264
77,26
77,158
83,244
83,261
84,12
85,36
85,53
86,90
87,96
91,276
95,237
95,255
96,11
96,76
98,23
99,209
101,282
104,94
104,169
105,212
106,132
109,161
110,129
112,177
113,65
114,21
114,205
115,212
116,59
117,253
119,297
123,14
123,145
124,284
125,133
126,79
126,243
127,19
129,14
129,31
129,120
129,126
130,143
131,119
132,18
132,149
134,97
136,30
139,257
139,272
140,164
140,281
141,70
141,227
141,249
141,254
142,158
142,232
144,240
145,62
146,3
146,72
147,23
147,197
147,287
147,296
151,39
151,265
152,124
152,231
152,250
155,125
155,199
156,11
156,123
157,99
157,132
157,170
158,268
159,83
160,185
163,296
165,156
167,44
168,91
168,107
168,122
169,16
169,89
169,201
169,247
170,202
172,162
173,37
174,227
176,152
177,56
177,104
177,229
179,167
180,43
180,241
181,88
181,127
181,234
185,2
186,41
186,74
189,113
190,197
194,165
195,121
196,140
200,46
202,40
202,70
202,225
204,82
205,35
205,175
206,277
207,277
208,118
208,148
208,192
208,263
210,80
211,179
213,4
214,1
215,144
216,86
216,187
217,33
217,57
217,103
217,291
218,13
218,184
218,258
221,155
222,255
223,6
223,235
225,161
226,100
226,225
227,275
229,90
230,49
230,293
231,93
231,116
231,292
231,298
232,182
235,22
235,87
240,101
240,233
242,83
242,110
243,230
243,259
244,47
245,136
246,193
246,224
248,98
249,111
251,215
252,135
254,147
254,150
257,203
258,21
258,128
258,224
262,154
263,78
263,289
266,192
266,238
269,137
270,189
272,5
272,153
275,54
276,223
278,150
279,58
279,143
279,178
280,15
280,162
281,69
282,131
282,210
283,245
285,68
285,135
285,220
286,270
286,274
287,52
287,112
287,134
287,183
287,267
288,32
288,188
289,50
290,239
291,6
293,299
294,73
295,134
297,71
297,226
298,219
