source,target
1,93
6,15
7,254
8,43
8,158
9,25
11,262
15,68
15,235
17,138
20,136
20,202
21,251
22,106
24,10
27,72
27,97
29,131
30,73
30,199
31,0
31,173
31,220
32,148
32,155
32,255
33,244
36,196
36,277
37,214
39,3
39,28
39,57
40,24
41,140
41,155
41,205
41,236
44,272
45,258
46,287
47,145
49,52
49,83
49,96
50,53
50,269
51,9
51,200
55,211
55,227
56,121
58,183
58,281
59,275
62,217
62,249
62,297
65,140
67,34
67,162
67,207
68,60
68,152
69,54
69,243
69,292
70,99
70,238
71,8
71,233
71,246
74,8
75,27
75,55
76,218
77,153
78,11
78,285
80,184
82,279
84,219
84,235
84,245
85,148
86,128
86,195
87,172
87,215
88,226
90,81
90,209
91,252
94,149
94,268
95,37
95,271
96,213
97,193
97,257
100,2
101,77
102,234
102,286
103,175
103,181
104,18
106,78
106,147
110,86
112,100
112,114
113,282
118,165
119,283
120,66
120,118
121,231
121,289
123,194
124,91
124,146
125,49
125,169
127,51
127,138
127,225
129,25
129,204
130,84
130,214
131,118
132,256
132,264
132,277
133,89
133,100
133,203
135,6
135,191
138,117
138,124
138,197
139,278
140,79
142,128
142,151
142,154
142,242
143,36
143,61
144,105
144,263
150,298
151,16
154,144
154,177
156,178
159,1
159,12
159,119
160,238
160,267
161,91
161,228
161,246
163,168
164,4
164,108
166,176
166,205
166,218
166,278
169,127
170,39
171,70
171,253
172,115
174,58
175,23
177,108
178,26
178,291
179,79
180,12
182,267
185,28
186,151
187,241
188,190
189,17
189,42
190,19
190,67
190,174
190,247
192,24
192,284
194,92
194,135
197,293
198,49
199,82
199,229
202,111
202,129
202,208
203,182
203,266
204,31
204,212
206,62
209,75
210,82
210,240
211,56
213,126
215,107
217,295
218,270
220,210
220,295
221,293
222,48
223,234
224,38
224,175
226,53
229,120
229,167
230,35
231,50
232,14
232,137
236,46
236,57
236,189
237,99
239,150
240,5
244,64
245,30
245,98
245,104
245,187
248,44
250,77
250,230
251,132
254,296
255,13
258,14
258,109
259,101
259,201
260,104
261,133
263,20
263,87
263,103
264,34
264,160
265,109
265,182
265,275
266,130
269,48
269,177
272,21
272,141
273,240
273,243
276,63
276,197
277,35
280,45
282,116
283,4
284,64
284,188
285,95
285,268
286,81
286,116
288,122
288,172
291,134
291,174
292,274
294,47
294,157
294,163
294,164
295,216
296,184
296,206
298,137
299,125
299,290
