source,target
1,13
1,252
2,230
3,286
4,74
4,134
5,169
7,16
7,152
8,132
9,76
10,205
11,190
14,54
14,213
15,206
17,52
17,120
17,189
18,289
22,209
23,222
24,87
25,9
26,156
28,39
29,149
30,268
31,19
31,207
33,18
34,290
35,288
36,55
38,248
42,31
42,243
43,84
44,98
44,273
45,255
46,51
47,59
47,171
48,159
48,216
48,231
49,41
51,9
52,167
52,218
53,79
53,222
54,176
55,126
57,36
58,71
58,191
62,91
62,297
64,107
64,179
66,6
67,15
68,112
68,135
69,236
70,99
70,175
70,177
70,232
71,81
71,246
73,208
73,233
75,166
77,0
77,103
78,46
78,122
79,250
81,56
81,89
82,7
86,110
86,293
87,40
87,173
88,187
90,127
91,107
93,88
94,92
94,141
95,259
99,28
100,138
101,211
101,229
101,278
102,64
103,45
103,236
104,258
106,114
108,22
108,35
109,216
109,253
109,294
112,78
112,128
113,149
113,211
114,17
114,96
114,171
114,262
118,142
118,151
118,235
121,116
123,223
125,275
126,174
127,51
127,108
127,145
127,169
127,196
127,238
127,289
129,138
130,274
132,264
132,270
132,296
133,209
134,21
134,67
135,281
137,202
137,298
138,124
140,63
140,90
141,117
143,105
143,237
144,98
145,168
148,30
149,131
150,3
151,188
151,192
153,122
154,11
154,139
154,219
155,161
155,179
155,265
156,97
156,239
157,49
157,186
157,254
157,261
157,298
158,65
160,66
160,125
160,251
161,139
161,224
162,208
163,144
165,24
166,199
167,158
167,163
172,43
172,144
174,80
174,291
175,166
178,60
178,70
180,4
182,115
183,42
184,37
184,260
184,282
185,1
188,150
188,283
189,181
189,221
190,61
190,277
193,83
193,182
194,217
198,69
200,195
200,225
201,143
201,234
202,111
202,245
203,48
205,293
207,30
207,85
207,164
207,229
208,130
210,240
214,106
214,141
214,249
215,223
217,186
224,178
224,197
225,20
225,194
226,191
227,104
227,170
227,181
231,67
231,269
232,38
235,204
236,271
237,99
238,50
238,162
239,205
239,279
240,57
240,228
241,242
241,280
242,56
242,184
244,33
246,256
248,244
250,283
252,2
252,20
252,123
254,214
255,177
257,12
257,102
257,121
257,212
263,137
264,285
264,295
266,8
266,37
266,147
267,109
269,32
269,155
270,27
270,129
270,187
272,123
275,53
276,13
278,136
279,72
279,82
279,146
279,182
279,203
283,259
284,270
285,119
286,140
286,247
287,54
288,29
288,172
289,40
290,189
291,220
291,284
292,39
296,200
296,213
299,95
