source,target
0,97
0,105
1,81
1,225
2,122
3,252
5,187
8,71
10,156
11,190
11,262
13,276
13,283
14,243
16,11
17,191
17,218
19,118
20,199
20,284
23,258
24,54
27,52
27,57
27,211
34,112
34,169
34,176
36,100
36,247
37,180
38,17
39,61
39,216
39,231
40,12
40,155
41,45
41,236
43,229
44,273
48,158
49,196
49,222
50,73
50,178
51,42
52,140
60,68
61,47
62,32
62,226
62,263
64,124
64,288
67,15
67,133
70,94
70,99
70,104
70,177
72,149
72,227
73,167
75,8
76,26
76,86
77,64
77,197
78,179
80,63
81,132
81,181
82,71
83,95
83,150
85,8
86,195
87,4
87,107
87,164
88,145
88,265
89,38
89,185
93,164
95,59
97,75
97,245
99,91
99,139
100,72
100,145
100,296
102,172
105,6
106,0
106,37
107,75
107,116
109,67
110,282
111,192
112,68
112,192
113,250
113,289
114,232
117,212
120,160
122,185
123,28
125,216
127,48
128,125
130,44
130,178
131,215
132,130
132,270
134,32
134,207
134,244
135,83
136,88
136,112
137,202
137,260
138,127
138,159
138,206
138,280
139,113
141,49
142,154
143,248
144,64
144,297
145,119
146,77
147,37
147,188
147,198
148,22
149,87
150,147
153,10
154,175
155,7
156,9
156,33
156,152
156,183
157,25
157,74
157,106
157,269
157,271
158,265
160,18
160,66
160,84
160,226
160,248
160,264
163,29
163,168
164,230
166,157
166,187
167,9
167,163
168,120
170,110
171,238
172,31
172,165
172,288
173,31
174,208
175,209
175,224
178,96
179,155
182,50
188,103
189,194
189,253
191,27
191,238
193,201
193,264
194,92
195,53
195,252
195,254
197,90
197,205
200,51
202,98
204,117
205,281
208,239
209,272
211,121
211,220
213,69
214,200
216,259
217,188
218,46
222,114
222,162
223,234
224,40
225,239
226,229
228,292
231,285
232,16
232,126
234,101
235,204
236,39
237,223
238,203
240,210
240,214
240,228
241,129
241,186
242,56
242,80
242,184
243,55
243,274
244,28
245,30
245,84
247,69
247,115
249,26
250,219
251,21
253,294
254,15
254,153
255,247
256,126
257,277
258,234
258,259
259,246
259,287
260,1
261,161
262,41
263,142
264,233
266,176
267,171
268,43
269,108
271,295
272,21
272,141
274,44
274,52
277,261
278,22
278,261
279,138
281,80
281,182
282,221
283,79
283,250
284,25
284,110
284,215
285,151
285,200
285,298
286,54
286,240
286,293
288,19
289,241
290,204
290,225
291,35
291,268
291,277
294,58
294,62
295,65
298,70
298,275
298,299
