source,target
0,31
0,59
2,230
4,105
5,182
5,228
7,155
10,118
11,175
16,73
17,226
20,199
20,237
21,146
24,107
25,284
27,17
27,211
28,29
28,245
29,163
32,53
32,161
32,216
32,217
32,269
33,24
33,113
34,45
34,255
36,52
36,137
36,238
37,214
38,122
38,247
38,287
39,111
40,22
40,102
42,51
42,189
42,222
43,99
43,144
44,273
46,218
46,220
48,114
48,246
51,186
52,9
52,76
55,166
57,39
58,257
59,74
59,295
61,78
61,210
64,154
65,263
66,177
66,216
67,30
67,78
70,5
70,85
70,191
71,167
71,203
72,145
72,274
77,46
78,179
80,159
80,266
81,90
82,240
83,150
84,130
84,207
84,229
84,290
86,73
87,28
88,83
88,178
90,1
90,26
92,270
92,272
92,282
94,215
95,145
96,158
100,164
101,184
102,172
103,175
103,197
106,79
107,64
110,124
111,299
112,68
113,138
113,156
114,106
115,80
115,283
117,128
117,195
117,230
120,151
121,127
123,1
123,3
124,250
125,177
125,275
126,168
127,200
129,100
129,115
130,91
131,2
131,94
132,15
133,63
136,88
137,169
137,202
137,208
138,280
139,117
141,225
141,276
142,296
143,103
144,98
144,141
145,119
146,64
147,206
148,50
148,56
148,112
148,166
149,123
150,116
150,147
150,289
151,33
151,62
153,10
156,93
156,101
157,114
157,148
157,196
157,254
158,52
160,253
165,94
166,176
167,192
168,87
168,212
171,6
179,89
180,49
181,14
181,17
181,227
182,281
183,92
184,7
184,18
184,100
185,75
185,241
188,13
189,7
189,239
189,273
190,67
190,248
191,72
192,34
192,104
192,171
192,250
193,41
193,90
193,259
194,249
195,118
195,265
196,132
196,141
197,12
197,138
199,142
199,223
201,233
204,77
204,173
205,293
207,172
208,252
208,279
209,96
211,56
211,187
216,60
217,54
218,129
219,84
220,134
221,91
223,288
224,206
227,23
229,36
229,68
230,198
231,70
234,170
234,201
234,258
235,277
236,181
238,140
238,271
240,57
241,187
241,213
242,19
243,236
244,162
245,13
245,135
247,108
250,200
251,291
252,47
252,65
255,108
255,157
256,133
256,251
257,224
258,48
259,131
260,221
261,12
262,180
262,256
264,193
265,5
265,61
265,109
265,269
266,132
267,232
267,249
268,4
268,43
269,253
272,152
277,32
277,35
277,267
278,139
282,69
282,205
284,20
285,120
286,72
286,97
287,8
288,19
288,234
289,283
291,162
291,174
292,183
293,41
293,86
294,279
295,136
295,174
297,262
298,61
298,188
298,219
299,37
299,71
