source,target
3,150
3,225
6,4
6,79
7,16
7,193
8,171
9,129
9,191
11,155
11,279
12,110
12,180
14,189
14,258
15,36
17,114
17,180
18,77
18,201
18,290
19,214
21,30
22,253
23,25
23,237
24,107
24,165
24,211
24,233
25,14
25,105
26,129
27,131
27,156
27,183
28,293
31,19
32,103
33,142
34,99
34,179
35,213
36,216
37,59
38,6
38,256
39,3
39,155
40,102
40,113
40,187
41,289
42,162
42,223
43,84
45,203
46,63
47,120
47,294
48,121
49,119
53,144
54,69
55,228
55,251
56,284
57,227
57,292
61,90
61,134
61,136
62,163
62,242
62,271
64,212
66,15
67,188
69,93
70,125
70,222
70,238
71,58
72,173
73,252
74,217
76,87
77,153
78,11
78,30
82,80
82,195
84,7
86,71
87,75
88,73
88,187
88,275
90,1
92,140
94,27
97,260
98,10
98,44
100,2
100,22
100,108
101,221
102,67
102,243
102,281
104,44
104,215
104,270
107,63
108,29
108,170
108,230
109,148
111,202
112,175
113,149
114,52
115,17
115,40
118,124
120,59
123,205
124,272
127,160
128,117
130,154
130,250
132,50
133,167
133,232
133,261
134,89
135,5
137,138
138,197
139,113
140,51
140,270
141,94
142,19
142,139
142,175
143,61
143,239
144,118
145,226
147,37
148,53
148,193
150,205
151,16
153,230
153,276
154,285
155,235
157,22
157,178
157,207
161,196
161,246
161,275
163,43
164,95
165,91
166,70
166,223
167,182
167,226
167,254
168,62
169,125
172,111
172,126
173,243
174,109
178,60
178,88
179,32
179,48
179,89
179,247
179,296
181,17
185,75
189,249
189,273
190,264
191,135
191,299
192,24
194,245
195,41
195,65
196,119
196,159
198,255
199,237
200,121
202,208
203,48
203,67
203,231
203,257
204,276
206,112
210,247
211,45
211,240
213,207
215,284
216,83
216,264
219,151
220,31
220,228
223,122
224,161
229,158
229,199
230,50
230,209
233,71
234,204
235,64
236,57
236,81
236,293
238,135
241,185
241,186
241,280
242,218
244,73
245,13
245,78
245,98
245,146
248,295
251,96
251,116
253,127
254,268
255,217
255,269
256,171
256,233
256,262
257,172
259,157
260,104
260,138
263,20
263,242
265,267
266,176
266,198
267,34
267,95
267,167
269,82
271,68
271,83
272,54
273,183
273,194
273,286
274,23
274,65
277,32
278,184
279,128
279,241
279,298
280,287
282,101
283,177
283,266
285,120
285,143
285,278
287,0
287,38
287,54
288,234
291,289
292,9
293,221
294,106
295,192
296,152
297,222
299,85
299,111
