source,target
0,59
0,263
1,63
1,215
1,225
7,47
9,85
9,167
9,239
14,243
15,67
15,261
16,82
18,33
18,113
18,250
19,123
20,237
21,129
21,291
22,170
22,179
22,265
23,214
24,72
25,183
28,257
30,21
32,62
32,236
35,204
35,247
36,236
38,218
39,3
40,87
42,31
42,139
43,99
45,103
45,287
46,240
47,217
48,238
49,277
54,241
55,228
56,116
57,27
57,220
57,221
62,271
64,84
64,192
66,254
69,155
71,80
71,142
73,130
73,208
73,294
75,209
78,67
78,190
79,76
80,57
81,41
81,121
82,171
83,165
83,259
84,219
85,4
86,181
86,218
88,12
88,224
89,270
91,161
93,122
93,278
95,253
97,79
97,127
97,137
97,276
98,118
99,70
100,32
101,184
103,77
104,74
104,258
105,124
105,150
106,294
106,296
110,2
110,146
110,227
111,299
116,25
116,176
117,141
117,153
118,10
118,43
120,17
121,231
125,177
126,148
127,53
127,90
128,266
132,81
134,61
135,75
135,86
135,125
136,22
136,169
137,19
139,20
140,197
140,286
142,188
143,88
145,119
145,267
147,59
148,34
149,131
150,104
151,154
154,166
155,108
155,251
156,137
158,143
159,138
161,60
161,132
161,174
162,98
163,284
164,95
164,255
165,94
166,74
166,273
167,43
167,157
168,68
169,249
169,258
170,40
171,8
171,233
175,23
175,24
175,68
175,157
176,37
178,26
178,50
178,246
179,58
179,226
180,272
181,3
181,5
181,17
181,187
181,245
184,18
184,260
185,241
186,178
188,13
189,52
189,290
190,235
191,135
192,111
193,160
193,293
195,65
196,90
197,211
197,223
197,224
198,69
198,176
198,182
199,117
200,195
200,196
201,55
201,193
202,35
203,296
204,179
205,129
206,131
207,29
207,30
207,213
208,252
210,46
211,51
211,282
214,16
214,141
216,78
217,45
217,186
221,91
222,191
224,206
229,257
231,48
231,228
231,281
232,49
232,114
232,119
233,201
234,102
234,149
238,140
238,194
240,248
241,280
243,185
243,295
244,229
245,274
246,89
248,229
248,256
249,6
249,31
249,79
249,279
250,111
250,198
250,230
251,22
251,173
252,97
252,244
253,112
254,7
254,263
254,271
256,107
257,212
258,159
259,128
259,283
261,133
261,164
261,285
262,36
263,172
264,265
265,11
265,34
265,109
266,275
268,64
269,114
270,27
270,272
272,144
272,152
274,44
274,189
275,136
276,225
278,199
282,101
282,146
284,92
284,96
288,172
288,284
289,73
290,289
291,39
292,99
292,115
294,49
295,134
295,264
296,242
297,120
298,66
298,112
