source,target
0,287
1,9
1,13
1,276
5,121
5,181
6,83
6,125
6,140
8,299
10,225
11,68
11,265
13,122
15,196
18,204
19,218
20,139
22,136
22,278
22,291
23,274
24,104
24,165
25,247
26,249
27,194
29,28
29,110
30,71
31,150
31,173
31,193
32,291
33,142
34,233
35,202
36,100
36,114
37,195
37,219
39,111
40,12
40,22
40,87
42,166
42,183
46,288
48,40
48,157
49,41
49,145
49,280
50,182
50,261
52,6
52,27
52,90
54,183
54,286
55,126
55,211
57,11
58,257
59,171
60,30
61,15
61,39
61,210
61,251
64,154
65,140
67,49
68,78
69,198
70,232
70,274
74,103
74,112
75,116
76,52
78,106
79,8
80,63
81,115
81,218
81,241
82,53
83,53
83,191
83,296
84,7
84,207
84,229
85,47
86,268
88,275
89,81
91,62
91,107
91,165
93,14
94,243
96,267
96,294
97,89
98,72
101,137
105,25
105,265
108,34
108,203
109,174
110,235
111,76
112,42
116,24
118,195
119,79
119,185
120,118
121,56
121,100
121,113
121,153
122,10
122,38
123,92
124,64
124,99
125,20
125,49
126,121
126,237
127,125
128,279
128,283
130,44
130,250
131,2
131,27
132,81
132,196
134,21
134,178
135,226
141,272
141,284
142,19
142,133
142,199
143,30
143,105
143,169
146,208
148,106
152,7
154,117
155,206
156,69
156,123
156,223
156,250
159,138
161,80
161,91
162,231
163,207
164,266
165,201
166,14
166,32
167,169
168,87
172,77
174,96
175,24
175,217
176,73
177,34
178,60
179,119
179,275
180,4
180,236
181,3
181,187
181,239
181,240
184,18
187,108
187,221
188,144
190,61
190,235
190,277
191,72
191,124
191,158
191,292
193,124
195,146
195,151
195,159
195,188
195,254
198,230
200,156
201,234
202,263
203,253
205,208
205,238
206,147
209,210
209,269
212,252
213,228
213,282
216,74
216,186
217,188
218,281
219,298
220,173
222,148
223,197
224,143
224,171
225,37
226,47
226,127
227,135
227,242
227,245
228,5
229,43
229,66
229,244
230,179
232,16
232,38
234,149
235,155
236,17
236,293
238,162
243,77
243,129
243,273
244,73
244,170
246,150
248,145
249,120
249,160
250,215
252,123
253,109
255,45
255,271
256,246
257,224
258,234
259,216
260,200
261,285
262,167
264,258
265,214
265,295
266,48
267,243
268,64
271,251
272,270
274,189
278,31
279,267
282,287
283,51
284,260
285,88
285,95
285,192
286,102
288,223
289,18
289,170
289,213
290,141
291,35
292,57
293,227
294,58
297,164
298,137
298,297
299,277
