source,target
0,283
1,13
1,188
2,179
2,230
4,74
4,295
6,258
7,154
9,28
9,218
10,1
11,106
11,112
11,195
17,51
18,104
21,60
25,9
25,286
28,245
29,146
31,105
31,148
32,39
32,166
32,231
34,48
34,122
37,66
37,184
37,186
38,215
40,157
41,195
43,99
44,272
45,199
46,220
47,120
47,168
47,290
48,222
50,5
50,108
50,182
51,181
52,80
52,133
52,191
52,203
53,88
54,93
54,286
56,284
56,288
60,204
61,16
61,136
61,186
62,294
63,12
64,113
65,263
67,143
68,297
69,91
70,109
70,178
70,242
71,30
73,248
74,166
75,14
76,25
79,26
81,96
81,225
83,36
83,42
84,7
85,193
85,299
86,226
87,76
87,172
88,144
90,81
90,123
90,193
93,135
95,269
96,132
97,159
97,276
98,23
101,27
101,31
101,165
102,243
104,138
106,177
108,29
108,100
110,235
110,257
111,79
112,82
114,251
115,38
115,256
116,24
117,77
118,98
119,196
121,4
121,69
121,296
123,92
124,43
125,270
127,42
127,164
127,238
129,9
130,11
130,228
130,298
131,94
132,68
132,169
132,265
133,68
133,89
133,141
135,267
137,0
137,24
137,127
137,208
142,118
144,126
145,73
146,239
146,257
147,46
147,106
149,131
151,214
153,122
153,254
154,278
155,180
155,207
156,33
157,134
158,8
158,52
158,143
159,33
159,80
160,171
162,222
162,291
163,43
163,149
163,269
164,266
165,227
166,197
167,22
167,71
167,177
168,130
169,6
169,74
169,187
170,151
171,70
171,104
171,233
172,77
174,55
178,238
180,49
180,224
181,3
183,27
183,103
184,19
184,90
184,278
185,47
187,221
188,150
188,190
189,293
190,35
190,209
193,128
195,236
198,147
198,176
200,250
200,261
201,55
201,85
202,35
202,145
204,152
204,268
206,20
206,112
207,163
208,192
209,175
209,287
210,288
211,101
212,185
212,237
213,198
214,219
215,87
215,107
215,284
216,37
217,160
219,86
220,57
220,295
223,123
224,246
227,170
227,194
227,293
230,253
232,199
232,265
234,26
238,205
239,181
239,289
240,82
241,41
244,229
247,109
248,44
248,121
249,78
250,113
251,173
251,217
252,2
252,139
253,15
253,95
255,247
257,12
257,72
257,102
258,259
259,65
259,75
260,189
261,216
262,91
263,137
264,119
264,155
264,285
266,79
266,252
267,219
267,264
267,294
268,111
269,53
270,140
270,183
271,255
273,44
274,97
275,136
275,161
277,0
278,157
279,299
280,116
281,58
281,225
282,194
283,229
284,98
289,211
291,277
295,59
295,249
299,292
