source,target
0,131
0,237
4,295
5,299
6,50
6,232
7,41
7,281
8,109
11,57
12,180
14,27
16,7
16,271
18,254
20,284
21,187
25,105
25,148
27,273
28,9
30,60
32,78
33,276
35,235
36,2
36,18
36,46
36,55
36,258
37,152
37,219
37,280
38,129
39,261
40,72
42,226
42,295
46,56
47,167
48,100
48,147
48,222
49,15
49,53
49,256
49,283
51,181
52,9
52,140
53,22
53,191
55,174
55,211
55,289
57,292
58,61
59,47
60,68
62,23
63,12
64,29
64,162
65,62
66,298
69,127
69,243
69,294
70,88
72,13
72,173
73,208
73,262
78,279
80,177
81,116
81,132
81,156
81,266
83,135
83,259
84,192
84,290
86,218
87,76
87,92
87,263
91,221
94,268
95,242
95,269
95,285
96,256
97,26
97,193
99,43
100,108
102,158
103,274
104,24
104,260
105,267
106,283
109,177
110,101
110,102
112,16
114,58
114,236
115,68
115,80
116,201
116,282
117,152
118,19
119,90
120,43
121,54
121,81
122,204
123,223
124,118
127,159
127,210
128,278
130,274
131,94
132,247
132,270
133,163
134,79
134,178
137,202
139,287
140,228
142,94
142,112
145,17
146,282
147,170
148,85
148,164
149,110
149,113
150,86
150,137
150,225
150,240
151,120
151,206
153,10
154,142
155,32
156,33
156,138
157,126
157,195
157,230
160,133
160,168
160,248
161,91
161,115
162,293
165,101
166,154
166,215
167,119
169,134
172,77
172,118
172,144
172,288
178,229
178,264
179,89
179,158
179,161
180,196
182,130
184,268
187,40
188,13
189,103
190,88
190,98
191,83
191,194
192,120
193,52
193,82
193,261
195,11
195,103
196,48
197,183
200,176
200,250
201,143
203,51
203,253
205,10
205,239
207,84
208,146
209,90
209,175
210,121
212,257
213,96
217,25
217,62
217,186
217,251
221,3
221,227
222,166
223,169
224,266
225,107
226,49
227,72
227,75
227,93
227,185
227,293
228,270
231,67
232,1
232,20
233,115
234,197
235,64
236,251
238,225
240,286
241,41
243,77
244,147
246,157
246,171
246,231
247,7
248,38
249,164
250,44
250,111
252,2
253,42
254,155
255,217
257,39
257,111
258,239
259,75
259,246
259,299
260,200
261,66
261,71
261,220
263,136
263,252
264,216
265,125
266,198
267,145
267,160
271,255
272,54
273,272
274,245
275,6
275,125
276,141
277,36
277,190
278,31
278,136
278,199
279,203
280,116
284,224
284,296
285,74
285,119
285,151
286,97
286,234
287,38
287,45
290,179
290,204
291,145
292,69
292,178
294,34
294,214
297,249
