source,target
1,102
1,121
3,18
3,57
4,67
4,76
5,29
6,188
8,104
9,123
10,113
11,5
11,23
11,94
11,147
11,172
13,19
14,117
15,181
16,43
16,120
17,100
17,141
20,105
22,1
22,43
22,198
23,26
25,137
25,193
26,152
27,40
27,75
27,148
27,196
28,39
28,136
28,146
29,116
30,11
30,19
30,61
31,11
32,121
32,197
33,82
34,162
35,65
35,110
35,165
36,147
39,46
41,183
41,195
43,7
43,114
43,123
44,8
44,157
45,130
48,45
49,30
50,17
50,92
50,129
51,35
51,42
52,25
53,24
53,89
54,118
55,128
55,184
56,16
57,138
60,10
61,39
62,95
64,53
65,37
65,70
65,176
66,36
66,69
67,32
67,174
68,99
68,166
68,167
70,143
72,170
73,45
73,150
73,161
75,85
80,60
83,73
86,29
87,25
87,61
87,77
87,88
87,111
89,15
89,47
93,12
93,133
93,155
95,90
95,115
96,163
96,179
98,14
101,169
101,177
106,165
107,48
109,84
109,87
109,91
111,27
112,34
112,108
112,171
113,6
115,3
122,58
124,41
124,179
125,126
126,81
126,192
127,74
127,92
132,100
133,52
135,103
139,51
140,109
141,6
141,47
141,104
141,124
143,102
144,156
145,135
149,98
151,129
156,176
157,38
158,26
158,63
158,134
159,66
160,119
161,62
164,20
166,80
168,79
168,97
168,194
170,93
170,103
171,0
175,119
175,154
175,158
176,59
176,153
177,78
177,198
178,37
179,180
182,174
182,191
183,71
183,77
183,122
183,125
184,2
184,82
184,149
185,54
185,117
185,122
185,142
186,69
187,136
189,31
190,167
194,83
195,162
196,173
197,57
197,140
197,164
199,21
199,131
199,132
