source,target
0,66
1,17
5,96
5,112
6,147
7,179
9,132
9,158
10,97
11,14
11,37
11,194
15,86
16,56
18,12
20,197
21,188
22,155
22,163
24,153
25,52
25,102
25,109
29,109
30,19
30,83
30,180
30,193
32,181
33,25
34,81
35,1
35,28
35,165
38,118
38,157
40,49
42,107
42,150
43,123
44,116
47,116
49,79
50,87
50,164
54,92
54,138
55,31
55,110
58,197
59,18
59,105
60,114
61,39
61,179
63,31
65,113
66,159
67,19
68,36
68,51
68,99
68,124
69,11
71,183
73,45
73,161
74,21
75,195
76,192
77,72
77,103
79,46
82,43
83,62
83,172
84,22
85,83
86,71
88,160
89,15
90,37
90,47
90,154
91,80
91,166
92,57
93,184
94,106
95,69
96,30
98,189
100,118
101,125
101,169
102,41
102,140
103,3
103,115
103,135
103,195
106,70
106,174
107,34
107,39
107,168
108,48
110,35
111,60
112,108
115,124
115,148
116,146
117,20
119,58
119,77
122,136
122,137
123,91
125,59
125,177
125,178
126,101
128,182
128,196
129,176
131,143
132,16
132,52
132,113
132,176
133,5
133,127
136,50
136,60
136,98
139,33
142,141
143,70
143,104
144,2
144,149
148,55
149,98
151,129
151,159
152,26
153,191
153,198
155,93
155,121
156,76
156,120
158,26
159,190
160,41
160,119
160,141
161,90
164,88
165,57
165,185
166,128
167,8
167,154
168,173
171,185
171,186
172,64
173,28
173,46
174,67
175,130
175,158
177,58
177,134
179,4
180,89
180,100
181,100
182,145
183,122
184,23
184,82
184,147
185,13
186,162
187,27
188,34
189,97
191,111
192,75
194,189
195,170
196,27
196,78
196,144
199,48
199,53
