source,target
0,117
0,172
3,41
3,149
4,89
8,198
11,23
11,36
11,69
12,33
16,47
16,61
16,120
17,115
17,164
18,24
19,13
21,35
22,1
23,186
24,151
25,1
25,12
25,84
27,48
30,6
31,196
32,183
33,80
33,104
33,122
35,65
35,135
37,90
38,118
39,94
40,20
40,138
44,58
45,2
45,150
46,39
47,18
47,28
47,192
50,110
50,116
50,129
51,11
51,139
52,105
54,3
54,88
55,86
55,148
55,184
56,140
57,124
58,102
58,195
58,197
59,100
59,140
59,156
59,176
60,126
60,169
62,14
63,10
63,172
64,190
65,199
66,191
67,19
67,60
70,97
70,101
72,71
72,103
73,83
74,32
74,127
75,85
75,134
79,46
79,49
79,108
81,74
82,6
82,17
82,21
83,57
84,163
85,179
87,15
87,185
89,53
89,108
92,17
92,106
93,55
94,32
94,106
96,179
97,10
97,29
98,136
99,61
100,180
105,16
105,188
106,97
107,45
107,85
108,14
109,92
110,166
112,34
112,123
112,171
113,143
114,43
114,170
116,4
119,77
121,100
123,50
123,91
124,77
124,129
124,160
124,178
129,9
129,146
130,78
130,161
131,157
133,5
133,8
133,22
135,98
135,103
137,47
137,87
137,181
141,59
141,76
142,99
142,125
143,111
144,156
145,98
145,111
145,122
145,193
147,157
147,167
147,183
149,58
149,152
152,76
154,138
155,121
158,26
158,154
158,170
158,187
160,68
161,73
161,150
162,31
168,79
168,128
168,189
168,194
169,114
174,107
174,118
175,154
176,65
177,125
179,7
181,132
182,42
182,128
184,82
185,70
186,42
187,27
187,141
187,159
188,165
190,159
191,153
191,182
196,90
196,95
196,168
196,173
