source,target
0,171
2,23
2,45
3,86
4,54
4,190
8,131
8,158
8,167
10,74
10,77
11,83
13,58
13,175
14,117
15,137
15,181
16,120
16,132
17,70
17,82
17,91
17,149
18,109
20,117
21,35
22,12
22,102
22,146
25,109
26,95
26,152
27,40
28,43
28,47
29,44
31,115
31,196
32,195
34,81
35,12
36,65
36,66
37,84
37,88
38,157
41,195
42,107
44,151
44,157
45,46
45,130
47,7
47,15
47,141
51,135
53,64
54,159
55,65
56,16
57,100
57,165
58,119
58,121
59,127
61,167
63,188
68,99
68,178
69,186
70,29
70,115
70,125
70,185
72,24
74,18
76,192
77,143
78,196
79,46
80,52
83,51
83,62
83,85
83,172
84,87
88,6
88,160
89,108
92,136
93,67
93,142
93,155
94,11
94,39
96,145
97,10
97,106
101,97
102,18
102,183
103,3
103,50
103,180
107,34
107,174
109,71
111,30
111,169
112,5
112,123
113,77
113,89
114,170
117,105
118,38
118,49
118,116
121,156
122,137
123,34
124,41
124,192
125,179
129,90
129,133
129,166
130,85
132,129
136,98
136,131
138,57
139,26
140,197
141,60
141,147
143,104
148,55
149,152
150,73
151,8
151,24
151,127
153,67
154,56
156,25
156,144
156,176
158,9
158,63
158,154
160,125
163,185
165,155
166,28
166,110
167,190
168,128
168,184
169,114
170,33
170,177
172,182
174,22
176,198
177,1
177,133
177,134
178,179
180,19
180,92
181,52
182,66
182,150
182,191
183,32
183,111
184,149
185,27
186,51
186,162
186,171
187,68
187,75
187,164
189,105
190,64
191,42
191,161
192,126
193,108
193,145
194,112
195,93
196,173
197,20
197,32
199,48
199,140
