source,target
0,94
1,35
3,84
4,75
4,179
4,190
7,131
8,157
8,165
9,151
9,161
11,83
11,99
12,25
14,97
14,108
17,100
18,65
18,109
19,44
20,40
20,105
21,199
22,103
22,163
24,53
24,72
26,23
26,189
27,70
28,19
29,5
29,38
29,116
30,145
33,12
35,111
36,11
36,66
36,169
37,88
38,24
38,93
44,29
45,94
46,79
46,173
47,61
47,137
49,0
49,73
49,184
50,58
50,87
50,116
50,123
51,83
51,135
54,170
56,16
57,187
59,27
59,105
59,198
60,114
60,143
61,39
61,193
62,161
63,31
63,106
63,172
65,119
66,64
66,150
66,191
67,174
68,167
71,127
72,27
74,22
74,122
74,127
76,41
78,9
80,134
80,166
81,126
82,21
83,186
84,25
84,50
86,3
86,55
89,15
89,53
89,125
89,141
89,160
90,63
91,80
92,109
92,180
95,31
100,74
100,118
107,85
108,130
108,168
109,183
111,156
112,11
112,194
113,86
113,164
114,18
114,43
114,56
117,52
120,16
122,1
122,32
123,34
124,115
124,123
126,60
128,52
129,9
130,42
130,79
132,102
132,113
133,10
135,69
136,78
138,139
139,51
140,197
141,47
141,68
141,104
142,23
142,133
142,192
143,185
144,142
145,96
145,98
145,159
146,82
147,183
148,143
149,152
150,45
150,85
150,196
154,117
157,96
157,131
157,176
160,88
160,178
161,90
163,149
166,68
166,110
166,129
167,154
170,195
171,185
174,177
175,13
175,90
176,129
177,72
177,101
177,133
178,77
180,89
181,102
181,158
181,195
182,62
183,41
184,2
184,6
184,155
187,136
190,8
191,153
196,28
196,162
196,168
197,57
197,111
197,121
198,188
199,48
199,132
