source,target
0,66
1,25
2,144
3,7
5,96
6,82
8,190
12,22
12,24
14,36
14,182
15,60
15,110
18,3
18,114
20,105
21,35
21,51
21,155
22,121
22,146
23,2
24,67
27,138
27,148
27,185
30,49
31,189
33,40
33,80
33,139
35,12
35,32
36,82
36,111
37,178
39,19
40,147
41,92
41,183
42,191
44,116
44,151
45,108
46,173
48,193
50,17
50,58
50,77
50,166
50,199
51,96
52,55
52,132
54,88
55,22
56,16
59,105
59,127
60,169
61,192
64,53
65,119
66,73
67,174
68,99
70,92
70,106
70,143
70,160
72,19
72,28
72,77
72,167
73,62
74,81
76,4
77,10
77,178
79,108
83,11
84,157
85,121
86,43
86,71
87,15
88,47
90,63
90,95
91,123
93,56
93,100
94,106
95,69
95,115
95,196
97,189
98,51
99,11
100,133
101,42
102,18
102,139
103,149
103,170
104,25
104,122
108,89
109,29
112,172
112,194
114,43
114,141
115,29
115,103
115,119
117,13
117,14
117,158
118,38
118,54
118,97
120,156
123,23
123,26
123,34
123,62
123,162
124,70
125,33
125,142
127,74
127,125
128,52
131,93
131,136
133,177
135,50
135,195
137,87
140,109
141,60
141,99
141,104
141,187
143,27
144,75
144,142
145,84
149,152
149,163
149,184
153,9
153,198
154,158
154,175
157,120
157,131
159,61
161,90
161,130
164,17
165,8
169,76
171,186
172,83
173,28
173,134
174,36
174,107
176,65
176,129
177,13
179,146
180,179
181,72
181,113
182,150
182,161
182,186
184,30
184,59
185,165
187,78
187,159
188,63
190,64
191,79
191,135
192,124
192,126
193,181
196,88
196,168
197,32
197,57
198,102
198,151
199,117
