source,target
1,12
3,18
3,103
4,54
4,67
5,11
5,133
6,184
7,3
7,134
8,101
8,151
10,60
11,36
11,65
11,112
13,177
16,47
16,120
17,1
17,6
19,138
20,105
20,164
22,163
23,186
25,71
25,86
26,23
27,17
27,48
27,143
28,35
28,50
28,93
28,162
29,5
29,44
29,109
32,74
34,81
34,107
35,21
35,111
35,165
37,178
39,28
40,20
44,68
44,116
45,46
47,106
48,9
49,48
50,77
51,83
52,40
53,157
53,199
55,110
57,124
57,180
57,197
58,38
59,27
61,192
63,188
65,80
66,64
66,159
69,95
72,84
72,118
72,175
73,62
78,130
79,46
80,91
80,176
82,33
82,80
86,72
87,15
87,61
88,18
88,31
89,152
90,158
93,67
93,170
96,30
97,7
97,14
98,10
98,145
98,189
100,57
101,125
103,29
105,16
105,188
106,94
106,143
106,174
107,42
107,85
108,89
110,166
112,171
113,115
114,141
114,169
117,52
120,43
121,89
122,32
122,104
122,119
123,43
125,37
125,160
127,41
127,92
127,133
129,22
129,24
129,90
130,45
131,136
132,56
132,147
135,113
136,187
139,0
140,59
141,137
141,142
143,51
143,70
143,148
144,2
144,149
145,159
146,121
146,179
147,122
149,58
153,24
153,198
154,127
155,19
155,75
156,76
157,38
157,84
157,96
158,102
161,150
163,96
166,129
166,137
167,154
168,79
168,97
168,173
168,194
168,196
169,76
170,19
170,132
171,185
177,198
178,124
179,26
179,85
179,99
181,100
181,193
182,145
182,150
182,172
182,191
183,25
184,168
185,87
186,62
186,69
186,182
187,55
190,4
191,79
192,39
192,126
192,139
195,33
196,128
197,32
197,113
197,183
