source,target
0,117
0,171
2,184
3,54
6,24
6,30
8,167
8,190
11,69
11,194
12,3
19,44
19,180
21,35
21,155
28,123
28,138
28,162
28,166
29,109
32,140
32,197
33,122
33,139
34,81
35,12
36,14
36,147
37,90
38,29
39,19
39,46
39,107
41,57
47,18
47,146
50,1
50,55
50,84
50,116
50,164
55,52
55,93
56,16
58,13
59,58
59,137
60,80
63,106
63,188
64,53
64,190
66,64
66,150
68,110
68,178
70,125
70,143
72,27
75,101
75,192
76,41
77,103
78,9
80,82
80,134
83,51
84,30
85,130
86,3
86,15
86,43
86,72
86,102
87,84
87,185
88,47
89,4
89,121
89,152
89,183
90,119
93,56
93,133
93,142
94,11
96,5
96,98
96,163
97,189
98,111
99,61
99,116
99,179
100,181
103,127
105,16
106,97
106,118
108,79
109,25
109,60
109,71
109,91
110,50
111,51
111,143
111,156
111,191
113,17
113,65
113,86
115,95
115,113
117,20
117,40
118,49
118,100
119,160
120,156
122,74
123,62
124,77
124,129
125,33
125,58
127,59
127,67
128,166
129,132
130,42
131,199
133,159
133,198
134,131
134,173
136,92
138,149
139,68
141,114
141,124
143,131
144,2
144,168
145,96
145,193
146,10
146,163
147,122
148,27
149,144
150,45
150,130
153,195
156,176
158,63
160,100
160,141
161,73
161,182
162,31
165,21
167,72
167,154
169,114
171,112
171,186
172,83
174,177
175,14
176,151
177,1
177,22
177,135
179,7
179,26
180,89
180,92
183,71
184,23
184,145
186,172
186,182
187,41
187,78
187,159
188,34
188,170
192,61
192,126
193,108
194,168
195,70
196,128
197,104
197,121
198,102
198,157
199,48
