source,target
3,40
3,115
7,59
7,146
7,156
8,53
9,153
9,158
11,65
11,99
14,98
15,89
16,43
16,86
16,120
18,74
18,104
20,164
22,133
25,1
26,179
29,5
29,97
30,19
30,41
31,88
31,189
32,181
33,25
33,122
33,132
35,111
36,169
41,187
44,19
44,151
45,94
47,90
50,135
51,61
51,139
52,63
55,50
56,16
57,138
58,119
58,125
60,109
60,143
61,47
61,71
62,123
63,31
65,68
66,36
66,64
66,128
66,150
66,159
68,110
68,178
69,149
70,160
72,27
72,28
74,22
74,197
75,155
81,42
82,7
82,80
83,57
83,73
84,129
85,150
86,3
86,55
87,47
87,54
88,87
88,196
89,152
89,192
90,161
92,109
95,165
96,145
97,70
98,30
102,58
103,22
104,114
105,170
107,39
108,14
108,48
108,79
109,72
109,91
111,191
112,34
112,172
112,193
113,132
113,181
116,4
116,15
117,0
118,38
118,49
118,126
121,100
122,136
123,112
123,134
124,12
124,77
124,101
124,113
124,164
125,33
125,37
126,192
127,6
128,52
129,24
129,198
130,78
131,195
132,140
133,96
135,35
135,69
136,62
137,87
141,6
141,18
141,59
141,76
141,89
141,179
142,133
143,51
143,148
144,75
154,117
154,167
154,199
157,21
157,176
160,1
164,17
165,21
165,106
165,155
166,180
168,173
170,93
170,188
172,83
173,46
173,66
174,102
174,107
174,177
175,154
177,78
178,77
178,106
180,127
181,100
182,42
182,174
182,191
183,104
183,163
184,2
184,23
184,30
184,82
184,147
185,13
185,137
185,171
186,182
188,34
188,162
190,8
191,10
191,153
194,168
195,67
195,103
196,95
197,94
197,124
198,8
198,177
199,142
