source,target
1,197
2,23
3,103
7,82
7,134
9,48
9,78
10,63
11,0
11,99
11,194
12,3
12,35
15,71
15,87
16,61
17,1
18,74
18,99
18,104
20,40
21,199
22,129
24,29
24,188
27,17
31,189
32,140
32,195
33,25
33,80
33,132
35,65
35,110
36,43
36,51
36,169
38,44
39,184
40,33
41,43
41,92
41,160
41,166
41,187
42,150
44,151
44,157
45,73
45,130
45,152
47,6
47,90
48,45
48,193
49,30
49,94
50,58
50,77
50,103
53,8
53,24
53,64
55,22
55,52
56,114
57,41
57,138
58,38
58,119
60,114
60,126
62,83
62,136
64,172
66,69
67,4
69,95
70,60
70,77
70,116
72,25
74,81
79,49
83,73
83,186
84,37
84,50
85,107
86,15
86,16
86,102
87,18
87,137
88,160
89,4
89,115
93,131
94,39
95,31
95,62
96,193
97,7
98,14
100,113
100,118
104,143
105,20
105,123
106,97
107,173
107,174
108,130
109,84
109,91
111,27
112,11
113,89
113,174
115,124
117,165
121,85
121,140
123,23
123,34
124,164
124,167
125,142
127,133
128,28
128,55
132,52
132,59
133,5
133,198
134,75
134,177
135,191
137,178
138,54
139,192
142,144
144,168
145,98
145,159
146,179
147,122
147,141
148,143
149,127
151,162
152,26
152,149
156,76
157,117
157,120
157,176
158,32
159,151
163,185
165,57
165,155
165,185
165,188
167,6
167,68
167,166
167,190
170,93
171,74
173,46
175,154
177,51
179,111
180,19
180,101
180,125
181,86
182,66
182,161
183,109
183,125
183,147
184,155
185,13
187,9
191,10
191,42
191,182
192,76
192,126
196,31
197,47
198,21
198,129
198,153
199,131
199,154
199,181
