source,target
0,171
1,197
2,144
6,24
6,141
7,15
7,97
7,131
8,44
11,99
12,125
13,38
14,98
15,86
16,105
17,47
18,104
18,137
20,117
21,50
21,199
22,43
22,145
22,163
24,29
25,52
25,78
26,152
27,75
28,128
29,5
30,87
30,180
30,193
32,94
33,60
34,81
36,14
37,88
37,90
39,28
40,49
41,76
41,195
42,96
42,182
43,114
45,108
45,150
46,79
50,72
51,58
53,54
53,199
55,31
55,110
56,133
57,3
57,180
58,13
59,25
59,166
61,16
64,66
65,36
66,69
70,160
71,183
72,138
72,158
73,83
74,12
74,121
74,171
75,134
75,192
77,47
77,103
79,191
81,42
83,172
85,179
86,113
86,164
89,146
92,41
92,136
93,155
94,45
94,49
95,26
95,62
95,69
98,189
99,61
99,68
100,18
100,57
100,133
105,20
105,123
108,112
109,104
110,68
111,143
111,156
111,197
113,10
113,89
113,132
115,70
116,77
117,14
117,157
118,30
119,65
119,77
121,155
122,140
122,177
125,37
125,126
125,142
126,101
127,6
127,89
127,177
129,9
129,132
130,85
130,175
132,147
132,167
132,181
133,23
133,198
134,7
137,27
139,138
141,187
143,51
143,106
143,185
146,84
148,115
149,55
150,130
151,76
151,159
153,8
153,67
153,127
153,191
154,141
157,58
157,96
157,176
158,32
159,190
160,119
161,73
162,123
162,196
165,35
165,185
165,188
166,91
168,173
168,194
169,101
170,192
172,0
173,46
174,102
174,106
174,107
176,80
176,153
178,8
179,4
179,26
179,146
183,25
183,111
183,125
184,2
184,82
184,168
185,19
186,62
188,63
191,128
195,1
195,22
195,33
195,135
197,124
199,48
199,120
