source,target
0,172
3,127
5,112
6,188
8,21
8,53
8,101
8,178
9,138
11,23
11,147
11,194
14,108
17,6
18,3
18,74
22,133
22,155
22,163
25,109
26,139
27,70
27,115
27,187
28,35
28,128
28,162
29,38
30,61
30,118
32,140
32,177
33,12
33,132
35,1
35,50
35,110
36,169
38,44
39,19
39,107
39,192
40,33
40,147
43,7
43,114
45,48
46,39
47,116
47,170
48,9
49,94
51,42
52,181
53,64
54,53
55,148
57,135
58,21
58,82
59,176
60,10
60,67
61,16
61,62
62,161
63,106
63,158
65,18
66,150
66,173
67,4
67,24
68,41
68,115
68,137
71,104
72,27
72,28
72,175
73,49
74,171
76,141
76,152
79,46
80,52
80,166
83,30
84,129
84,146
84,157
86,15
86,71
88,160
89,113
89,160
90,8
90,37
90,119
91,80
93,142
94,197
95,28
95,31
96,98
96,193
99,11
100,113
100,114
102,198
103,84
104,33
105,189
106,97
106,124
106,165
108,23
109,29
112,34
112,123
117,0
117,13
117,20
119,77
120,157
121,167
122,24
123,95
123,105
125,183
126,81
127,59
127,125
127,180
129,122
130,45
130,85
131,143
131,195
132,52
133,121
133,142
134,75
135,51
135,69
135,103
136,92
136,98
137,87
139,43
139,138
141,89
143,17
144,2
145,111
149,163
150,85
153,176
154,56
154,65
156,137
157,44
158,32
158,134
159,54
159,145
159,190
161,191
162,186
164,41
167,154
170,175
172,83
173,196
177,58
177,78
179,99
180,169
180,179
182,145
184,2
184,55
184,68
184,168
185,72
185,141
187,57
188,63
191,73
191,174
192,76
192,126
193,25
194,184
197,47
198,8
198,22
198,151
199,100
