source,target
1,195
3,115
4,76
6,17
6,30
6,139
7,43
7,82
7,131
7,134
8,165
8,198
10,32
11,5
11,37
11,99
11,172
13,117
16,56
17,91
18,47
19,13
19,44
21,38
21,44
22,133
23,123
24,12
24,122
26,152
27,41
27,137
28,93
28,123
28,146
29,70
30,83
30,118
30,193
31,55
31,88
31,183
31,189
32,50
32,140
33,59
33,80
34,112
36,51
37,65
37,84
39,61
39,107
41,3
42,130
44,97
45,46
45,152
46,39
47,90
49,40
50,103
50,110
50,166
51,139
52,128
53,64
57,33
58,149
61,16
61,71
62,182
64,66
65,69
66,111
66,150
67,19
69,95
70,60
70,65
70,77
70,114
70,116
70,124
72,28
72,177
74,12
74,29
75,85
75,144
75,187
75,192
78,136
79,108
80,176
81,34
82,149
82,184
83,57
83,73
83,194
84,145
86,15
86,82
87,25
89,4
89,146
92,54
92,106
93,155
96,98
96,125
100,199
101,8
102,25
102,143
104,114
105,20
105,170
107,34
107,173
107,174
108,48
109,60
113,22
113,72
113,94
113,135
115,160
115,178
117,14
117,157
117,185
121,58
121,197
124,101
124,164
126,81
127,89
127,92
128,55
128,66
129,22
132,9
132,43
135,35
136,62
138,40
139,68
139,138
141,27
141,47
142,99
144,2
144,196
146,96
147,122
148,143
154,175
156,18
156,120
159,167
159,190
160,50
160,119
160,127
161,9
162,23
163,155
167,147
168,194
169,76
170,24
170,63
171,0
174,113
175,14
176,129
176,151
176,153
177,195
178,179
180,159
181,100
181,158
182,42
182,191
183,74
183,102
185,141
186,11
188,6
191,0
191,79
191,135
196,31
198,188
199,21
199,131
