source,target
2,11
3,44
3,77
3,92
5,42
5,54
5,55
6,67
7,64
7,65
7,69
8,99
9,14
9,17
9,31
9,76
10,32
10,63
11,0
11,80
13,75
14,20
16,85
18,5
18,57
22,58
24,33
24,49
25,48
26,24
26,62
26,95
27,3
27,16
30,34
31,12
31,89
35,30
36,66
37,27
38,79
39,23
40,1
42,47
43,26
43,91
47,43
47,71
48,15
48,63
49,82
50,22
50,52
51,19
52,90
53,89
53,97
55,28
56,65
56,97
57,39
58,53
59,35
61,29
61,93
62,73
64,21
64,68
64,88
65,87
67,9
70,62
72,78
74,19
75,36
75,50
77,45
78,1
78,55
80,10
80,30
82,2
82,21
83,77
84,38
86,61
87,41
91,74
92,8
93,46
93,54
93,81
94,45
95,60
96,25
97,4
97,79
98,86
99,7
