source,target
3,77
3,92
4,62
5,39
5,53
6,70
7,15
8,99
10,32
11,14
11,95
14,53
16,85
17,2
17,82
17,87
18,5
19,48
19,51
19,86
20,97
26,24
27,3
29,96
30,19
30,74
33,18
33,36
35,30
37,92
38,15
38,66
40,71
41,9
41,21
41,33
42,24
42,28
42,52
43,0
43,31
43,54
45,37
45,44
45,94
47,14
47,99
50,22
50,65
52,11
52,83
53,58
53,75
55,43
55,57
56,23
57,20
57,41
57,61
57,78
58,72
59,35
60,4
62,6
62,40
62,73
62,91
63,1
63,72
64,7
65,47
65,56
66,29
67,78
68,10
69,36
71,34
75,13
75,49
76,61
77,84
77,98
78,12
79,38
81,67
82,50
82,80
82,88
85,94
86,10
86,55
88,29
89,54
93,25
93,34
93,46
93,68
95,90
98,42
