source,target
1,38
3,44
9,79
10,68
10,76
10,93
12,48
14,24
14,31
15,76
16,77
17,26
17,53
17,55
17,60
18,10
19,51
19,53
20,0
21,43
21,71
25,64
29,36
32,65
34,32
35,59
37,3
37,23
37,27
37,92
38,30
38,84
39,5
40,7
40,81
41,33
41,82
42,13
42,29
42,47
43,32
43,62
46,58
48,1
48,57
48,80
49,70
50,7
50,34
54,9
55,28
57,67
58,22
59,95
60,54
60,86
61,21
61,95
62,91
63,18
64,29
64,73
66,38
67,49
67,63
67,78
70,6
71,99
72,47
72,58
73,20
73,80
74,14
75,19
76,9
76,52
77,45
77,98
78,5
82,4
82,61
83,52
85,16
85,94
86,69
87,97
88,41
89,11
90,83
92,8
92,85
93,31
93,50
96,11
97,12
97,56
97,89
98,2
98,87
