source,target
0,72
5,54
7,5
8,57
9,60
10,4
10,80
11,76
12,98
13,81
14,47
16,3
17,87
18,63
20,74
21,10
22,5
23,37
24,0
24,20
25,40
25,96
29,36
30,15
30,35
30,41
31,42
31,53
32,2
33,6
34,30
37,27
38,1
38,15
39,56
40,17
41,9
41,52
42,28
42,62
43,6
43,31
43,32
43,55
43,82
44,45
45,3
45,77
45,94
47,43
47,65
48,34
48,61
49,89
51,19
52,83
53,12
53,58
53,93
57,39
57,64
57,93
59,95
60,25
60,86
63,61
64,7
64,21
64,29
67,18
68,51
68,67
68,91
70,62
73,14
74,66
74,86
76,26
76,48
76,75
76,88
76,89
77,79
77,84
78,24
79,38
80,78
81,88
85,27
86,69
87,46
87,99
92,85
94,85
95,90
96,95
97,73
99,50
99,71
