source,target
0,32
3,27
3,92
4,10
4,40
6,70
7,0
7,18
7,64
9,34
9,99
10,72
10,89
10,91
12,1
13,42
15,30
19,88
20,47
22,93
26,14
26,55
27,85
30,8
30,10
30,35
31,87
32,2
33,67
34,48
34,50
36,66
36,76
37,23
37,45
38,15
39,18
40,81
41,21
42,28
43,0
43,25
43,26
43,60
43,88
44,3
45,77
45,94
47,43
49,53
49,82
50,31
52,41
53,60
53,63
54,20
54,42
54,65
55,24
55,31
55,78
55,86
56,97
57,25
57,29
58,52
59,35
61,95
62,97
67,9
67,71
68,51
69,54
70,81
73,33
73,62
75,96
76,91
77,83
77,84
77,98
80,63
85,16
85,94
86,4
86,5
86,17
87,41
91,68
91,74
93,1
93,46
93,61
93,73
95,11
95,90
96,13
98,61
99,79
