source,target
1,18
2,113
2,168
2,170
3,16
3,56
4,111
5,119
8,78
12,21
14,13
14,74
19,103
20,45
20,169
22,97
23,122
23,171
24,25
25,17
27,29
27,124
27,148
29,195
30,5
31,155
32,101
32,115
32,168
33,11
34,70
36,7
36,14
36,135
36,143
36,178
38,22
38,100
39,76
39,183
40,118
42,82
43,174
43,189
45,66
46,104
46,179
46,197
47,145
48,68
48,80
49,24
49,57
50,64
51,112
53,175
55,9
55,149
57,26
57,35
57,136
58,126
58,162
58,167
59,41
59,153
60,36
60,91
61,7
62,85
66,102
66,147
69,73
71,120
72,84
72,98
72,129
72,130
72,138
73,37
73,109
73,161
74,141
75,82
75,91
75,119
79,47
81,142
83,109
84,18
84,127
85,54
85,96
89,151
91,28
94,181
96,117
101,6
101,88
101,182
102,182
102,191
103,69
103,196
105,50
106,75
106,128
107,178
109,44
110,53
110,150
111,172
112,79
114,25
114,154
115,156
116,49
117,185
118,111
118,122
118,190
119,52
121,89
121,164
123,169
123,186
125,176
126,43
127,93
128,71
129,152
131,27
131,160
132,179
132,181
133,163
136,108
137,38
137,187
138,146
139,12
139,86
139,171
141,194
142,10
142,39
142,99
144,20
144,190
145,134
146,59
148,100
148,105
148,121
149,73
149,114
150,184
151,95
153,159
154,40
154,65
157,29
161,192
164,62
165,106
166,33
166,185
173,174
174,158
176,60
178,16
178,70
178,87
179,8
179,15
180,23
180,90
180,145
183,72
184,144
184,153
184,177
188,180
190,77
190,80
191,33
191,46
191,155
191,163
192,140
193,53
193,63
194,0
194,84
196,67
197,58
198,133
199,89
199,92
