source,target
0,9
0,81
1,149
2,37
2,41
2,126
3,110
3,190
4,126
5,30
6,48
6,95
7,64
7,161
8,36
8,174
9,188
10,142
10,189
12,127
12,169
16,73
16,100
19,144
20,114
23,139
24,38
25,53
25,152
27,12
28,13
29,32
29,132
31,4
31,11
32,60
32,124
33,46
33,84
34,167
35,20
36,61
36,193
39,0
39,183
40,15
40,96
40,164
42,87
42,172
43,68
43,70
47,79
49,24
49,84
50,185
51,47
52,16
53,17
54,68
58,8
58,28
60,99
62,164
63,168
66,21
67,123
69,5
70,170
71,62
71,83
71,182
71,192
72,129
72,138
74,1
75,119
75,186
77,85
79,69
81,52
81,142
83,90
83,136
84,18
84,77
89,113
89,120
91,93
91,173
92,38
92,111
92,170
95,94
97,41
98,155
100,6
100,157
101,165
102,66
102,182
103,89
104,96
107,44
107,71
107,151
108,66
112,140
113,57
113,177
114,59
114,148
115,102
115,114
117,107
120,105
121,33
121,143
122,18
122,147
124,78
124,198
128,72
128,106
128,137
130,171
134,28
134,76
134,80
136,165
136,184
138,26
139,75
139,82
139,86
141,15
141,194
144,174
145,135
145,159
151,176
152,40
152,172
153,140
154,65
155,73
156,115
156,168
157,49
158,194
159,92
159,154
161,162
161,192
163,162
164,31
164,88
165,116
166,35
166,180
169,30
169,54
171,23
171,160
173,58
173,199
174,167
175,3
175,109
177,195
178,51
179,14
179,44
179,191
180,45
181,151
184,19
184,150
184,153
185,13
185,131
186,61
186,123
186,125
187,55
187,178
190,43
190,74
192,146
193,145
195,29
196,22
196,141
197,7
198,56
198,117
198,138
199,118
199,133
