source,target
0,81
3,46
3,54
4,76
5,189
6,24
7,89
7,161
7,184
9,55
9,124
13,116
17,43
18,20
18,122
20,57
20,167
22,196
23,151
24,185
25,17
26,162
28,26
28,120
28,130
29,14
29,32
29,51
29,89
30,160
31,74
31,103
31,155
34,63
40,152
41,93
44,143
45,95
47,53
47,157
48,25
48,80
50,64
53,97
53,105
54,140
54,190
56,65
56,67
56,113
56,142
56,198
57,35
57,37
57,119
57,181
58,42
58,88
59,20
59,90
62,6
62,127
62,164
64,52
66,21
66,94
67,107
69,16
69,102
69,124
69,162
70,91
70,199
71,3
71,11
71,45
72,86
72,149
72,178
73,5
74,156
75,197
76,129
79,77
79,108
79,131
82,30
82,171
83,62
83,90
83,100
83,101
83,139
84,192
84,194
85,78
85,167
85,169
87,104
87,164
91,111
92,1
92,25
92,38
92,77
94,154
94,171
97,22
97,79
99,96
102,166
109,56
109,61
109,141
109,175
110,176
113,144
113,177
114,71
115,7
116,31
117,109
118,137
118,168
120,44
121,163
121,175
123,67
124,99
125,15
126,2
126,131
127,93
128,137
129,183
130,170
131,64
132,10
132,157
133,163
134,172
135,27
135,35
136,83
136,146
136,147
136,183
145,28
146,106
147,182
148,33
148,141
150,148
154,84
156,4
157,49
159,145
165,136
166,112
167,58
168,110
169,138
170,68
170,92
172,12
172,13
173,146
174,2
174,158
175,34
176,60
176,85
177,120
178,18
179,46
179,191
180,57
183,39
183,81
183,98
184,144
184,153
185,117
186,23
186,123
186,125
187,55
188,9
189,127
190,19
190,48
192,60
193,36
193,47
195,115
197,8
197,121
199,40
199,134
