source,target
0,76
0,129
2,182
3,68
3,80
3,143
3,190
4,60
4,196
6,126
6,156
7,19
7,36
7,73
9,188
13,141
15,154
20,35
21,37
23,160
25,152
28,58
28,153
30,139
31,100
31,162
33,46
33,158
34,70
35,22
35,166
38,22
39,188
40,96
40,118
41,132
41,164
43,167
44,131
44,197
46,191
47,51
47,115
47,133
48,58
50,156
52,81
52,119
52,137
53,29
53,175
56,31
56,84
57,174
58,148
59,41
60,28
60,199
61,7
61,17
62,121
62,127
62,146
62,179
63,4
64,18
65,136
65,165
66,31
66,45
67,33
67,123
70,16
70,43
70,61
70,170
70,199
71,6
74,1
74,34
74,155
75,98
75,189
79,62
79,144
80,74
80,134
82,30
82,163
84,67
85,10
89,29
89,113
89,163
90,178
92,111
93,91
94,27
94,85
96,93
97,8
97,53
99,9
99,78
99,124
101,110
102,66
102,192
103,144
104,87
105,14
105,26
105,64
106,165
107,20
107,49
107,117
108,130
108,169
111,135
113,102
114,149
116,8
119,5
119,125
120,28
121,114
121,152
122,24
124,142
124,195
126,99
127,12
128,106
129,183
130,171
132,176
133,95
137,65
137,172
137,183
137,187
138,26
138,169
139,83
140,54
141,36
142,56
144,122
145,7
145,51
145,193
149,55
149,59
149,72
150,101
154,3
156,101
156,194
157,47
159,92
163,11
164,40
164,88
166,145
169,21
169,54
171,119
172,15
172,86
172,198
173,135
173,146
173,151
174,173
177,103
178,27
178,109
180,23
180,32
180,90
180,181
182,147
182,185
183,42
185,13
186,23
189,108
190,77
191,63
191,87
192,161
192,168
192,184
193,79
193,112
193,178
196,69
197,123
