source,target
0,129
4,63
7,64
9,124
9,188
10,142
12,151
14,13
14,120
14,193
16,69
18,1
18,122
19,25
20,21
20,82
20,83
20,85
20,184
23,139
23,171
24,32
26,53
28,135
29,65
29,196
31,94
31,103
32,168
34,177
35,166
36,8
36,105
36,185
37,2
38,189
39,142
41,59
42,82
43,68
43,126
44,7
44,196
45,52
45,59
45,111
45,181
46,91
49,24
49,25
50,198
51,112
53,29
54,36
54,37
54,190
56,131
58,30
58,92
58,173
60,141
62,118
62,146
63,16
64,12
66,186
68,143
69,102
70,61
70,170
71,54
71,114
72,39
72,149
73,109
74,51
74,99
74,117
74,154
75,5
75,119
76,134
77,62
77,133
78,85
79,47
79,77
80,70
81,55
82,75
83,71
83,90
84,3
84,97
86,0
87,42
87,169
89,150
91,27
91,132
91,199
92,199
94,95
94,144
94,159
96,99
96,116
99,40
101,17
101,110
101,180
102,182
106,146
107,20
108,79
111,33
111,60
111,88
114,94
116,162
118,36
121,163
122,27
122,157
123,48
123,189
125,176
126,58
127,93
127,181
128,72
128,194
129,76
129,152
130,108
131,4
131,15
132,166
132,179
133,6
134,145
136,153
137,109
137,128
138,26
141,172
142,24
142,81
145,44
147,187
148,100
148,121
149,11
151,107
151,176
151,177
153,28
153,192
154,114
156,74
156,115
156,161
158,174
160,130
160,139
164,22
164,97
165,57
167,30
167,174
170,101
172,137
175,34
176,3
177,113
177,150
178,1
179,6
180,45
180,57
181,104
182,156
183,98
183,136
186,119
188,195
189,187
190,48
190,80
191,89
192,155
192,197
193,41
195,115
196,67
197,127
197,140
197,148
198,56
