source,target
0,76
0,81
0,129
2,182
3,49
3,63
3,91
4,31
5,17
6,24
6,48
7,69
7,165
9,99
9,142
11,36
12,127
13,172
15,161
17,79
18,58
20,96
21,159
23,153
23,160
23,186
24,14
24,36
25,24
26,162
27,50
27,148
27,155
27,181
28,51
28,120
29,77
29,89
31,66
31,164
32,53
32,71
33,191
34,70
35,20
36,109
37,21
38,19
38,133
41,93
42,183
52,45
54,140
54,169
54,193
58,134
58,162
60,115
64,105
64,137
64,171
65,136
68,6
70,61
70,178
71,45
71,128
73,16
73,149
73,157
73,193
74,42
75,7
75,82
78,8
78,95
79,174
80,5
81,183
83,139
84,23
84,56
84,72
85,192
86,39
86,61
88,118
89,177
90,55
91,132
92,159
94,27
94,57
96,114
96,118
96,198
99,40
99,53
104,181
105,57
107,10
111,135
112,44
114,6
114,94
114,115
116,8
116,56
116,199
117,13
117,22
121,170
124,26
124,138
124,163
125,15
126,43
126,131
127,173
128,38
128,123
128,194
131,15
131,18
131,122
132,10
132,32
132,145
133,29
134,80
135,173
135,196
139,189
143,22
145,28
145,47
145,166
147,122
147,187
148,3
150,1
150,184
151,95
151,101
152,176
154,150
154,175
156,161
157,103
158,48
162,102
164,121
165,65
165,84
167,30
167,34
168,133
169,106
169,117
170,68
170,130
170,192
172,42
172,111
174,167
176,110
176,185
178,59
178,107
178,179
179,46
179,62
179,87
180,90
180,145
182,113
183,98
184,144
185,154
185,182
186,104
186,119
188,39
189,75
189,108
190,35
190,37
190,144
191,41
191,87
191,97
195,37
196,44
196,85
196,141
197,140
198,67
198,100
198,146
