source,target
0,39
0,194
1,33
3,2
3,110
4,131
5,75
5,81
7,61
7,115
7,161
8,116
9,96
9,188
11,47
13,69
13,177
13,185
16,6
19,73
20,35
21,107
21,150
23,186
24,36
25,95
26,105
26,145
26,165
27,135
28,13
28,146
30,138
30,167
31,111
31,155
33,17
33,35
33,133
37,195
40,27
41,164
42,75
46,33
47,29
48,68
48,158
50,185
52,64
53,97
53,175
56,67
56,116
57,180
58,113
59,45
59,63
62,77
62,197
63,133
64,7
64,157
65,165
66,70
66,89
67,12
67,58
68,93
69,163
70,43
70,90
70,96
70,166
71,60
71,102
72,30
72,86
72,106
73,37
73,157
74,21
74,99
74,120
76,39
77,190
79,20
79,193
80,48
81,119
82,187
83,71
83,153
84,18
84,74
87,104
91,40
91,134
92,1
93,41
93,44
94,31
94,154
95,151
96,38
97,88
100,16
101,25
101,29
101,83
103,132
105,34
105,78
105,104
105,109
105,148
107,14
107,49
108,21
109,117
109,196
111,92
111,168
113,57
115,101
121,162
122,52
123,139
123,189
124,78
124,142
125,0
126,4
126,99
127,85
130,127
131,15
131,98
131,191
133,6
133,112
135,196
136,143
137,118
137,160
140,192
141,152
141,178
143,126
144,19
145,132
152,25
152,129
153,72
154,114
156,128
156,182
159,94
160,23
163,80
164,62
166,161
166,179
167,28
167,34
167,82
169,87
170,159
171,130
171,136
172,198
174,43
175,26
176,24
176,109
177,54
180,22
180,181
181,51
181,66
182,2
182,147
182,176
183,137
184,108
189,10
189,183
191,46
192,54
192,55
192,121
194,141
196,32
196,173
197,46
197,123
198,50
198,149
199,81
199,172
