source,target
1,140
1,178
3,2
3,164
4,50
4,71
4,156
4,196
7,89
11,101
12,172
13,4
13,69
14,36
14,49
15,40
16,3
16,73
19,103
20,45
20,144
21,20
22,143
23,30
23,171
23,188
24,43
24,176
27,111
28,53
28,71
28,130
29,76
30,82
30,138
31,162
32,115
33,17
33,107
35,33
35,190
36,60
36,135
37,192
39,86
39,142
41,164
43,167
47,46
47,74
48,25
50,67
51,47
51,113
54,85
54,169
54,192
55,9
55,187
57,101
57,132
57,136
57,165
59,25
59,159
60,19
60,154
62,118
63,3
64,100
65,29
68,34
71,44
71,83
71,147
72,55
72,98
73,5
74,99
74,150
75,106
76,15
77,166
78,124
79,131
80,70
81,0
81,52
81,119
84,23
84,97
88,32
88,61
89,70
89,121
89,157
91,6
91,194
91,199
92,28
92,159
95,151
96,114
98,75
99,78
99,142
101,26
101,32
101,34
101,38
105,109
106,127
108,10
108,184
109,58
111,31
112,133
113,102
114,59
114,94
116,56
116,73
116,79
117,14
117,22
118,137
118,149
118,182
120,51
121,135
121,197
122,24
123,128
125,0
126,152
127,93
127,130
128,38
129,183
131,12
131,18
132,181
133,77
133,198
134,58
134,145
141,120
143,110
145,7
145,77
145,160
147,66
148,124
148,173
152,40
152,129
152,137
153,20
153,170
155,191
156,126
157,100
160,139
161,166
162,116
163,69
164,87
168,155
169,21
170,92
170,190
170,197
172,13
173,196
174,2
174,8
175,26
177,113
177,151
177,195
178,179
179,148
179,176
179,191
180,66
180,90
181,27
183,42
183,81
184,57
184,82
185,122
186,104
186,108
189,123
193,53
194,158
197,146
199,11
