source,target
0,80
0,105
0,112
0,240
3,262
3,290
4,39
4,79
4,102
4,208
9,233
11,292
12,174
13,43
13,57
13,107
14,249
15,25
15,182
15,244
17,76
17,215
18,200
19,208
19,239
20,8
21,67
21,220
21,267
21,282
22,74
23,231
26,120
28,136
28,246
29,87
31,212
32,51
32,166
32,223
35,245
36,2
37,33
39,198
40,265
42,173
42,186
42,241
44,274
46,178
49,130
49,228
50,2
52,279
54,63
55,50
57,104
57,124
58,268
59,13
60,112
61,6
61,56
61,122
62,110
62,189
63,137
64,83
64,105
66,91
69,27
70,28
70,161
75,138
75,152
81,155
83,199
83,206
83,215
84,24
84,158
84,225
87,56
87,116
89,121
89,169
90,170
91,262
94,34
94,111
95,156
98,92
99,73
100,270
100,291
101,68
101,163
101,210
101,258
103,69
103,75
104,50
104,62
104,181
106,224
108,82
108,227
108,285
112,77
112,122
115,38
115,89
118,29
119,145
120,183
123,0
124,99
124,152
125,126
126,31
126,177
126,299
129,195
130,113
130,236
131,24
132,219
132,261
133,45
133,231
134,53
134,120
134,188
137,168
137,283
139,119
139,222
139,296
141,32
141,256
142,78
142,171
142,184
143,121
144,128
144,159
146,140
146,141
147,98
150,103
152,41
152,153
152,214
152,288
154,264
155,280
156,14
156,30
157,216
158,150
159,118
160,40
160,252
161,147
163,157
164,93
164,134
164,151
165,96
165,191
165,213
167,4
168,86
169,123
172,176
174,64
174,145
174,277
174,284
176,299
177,17
177,185
178,23
178,47
179,278
180,7
180,61
181,230
182,260
184,16
184,207
184,233
184,250
186,85
186,218
186,244
187,139
188,82
189,108
190,96
192,48
192,243
193,117
193,264
193,266
193,281
193,293
194,74
194,248
194,263
196,146
198,21
198,127
198,234
199,289
200,48
201,147
202,232
204,294
205,72
205,131
207,255
208,5
209,164
211,201
215,195
219,168
220,81
220,148
221,276
222,20
224,272
225,94
226,175
227,44
228,3
228,100
228,180
228,203
229,234
232,204
233,23
233,109
233,191
235,37
235,271
236,197
237,20
238,132
238,245
242,135
243,190
244,242
246,151
247,114
247,142
249,154
252,203
253,129
254,90
254,125
254,226
255,1
255,59
256,3
256,71
257,92
258,295
259,55
260,221
263,70
266,10
267,97
268,148
269,206
270,251
271,88
271,187
273,106
274,167
275,111
276,49
276,162
278,9
279,127
279,217
280,12
281,78
283,115
286,240
287,288
289,273
292,84
293,65
294,100
295,165
297,149
297,161
298,46
