source,target
0,228
1,264
6,38
6,261
7,207
8,33
8,84
8,133
8,158
8,239
10,88
10,195
10,203
11,137
11,268
12,17
12,277
13,171
13,257
13,288
14,138
14,164
16,130
18,70
19,227
21,239
23,101
24,223
25,149
25,230
26,202
27,282
28,234
30,19
30,76
30,77
30,121
30,275
31,3
31,59
31,79
31,157
33,198
34,260
34,265
36,194
37,71
37,169
37,172
39,122
41,7
41,193
41,244
41,270
43,10
46,278
46,296
47,178
50,191
52,23
52,235
52,274
55,13
55,108
57,162
60,222
61,121
61,166
62,90
62,211
63,66
63,114
63,285
65,255
67,97
68,192
69,68
71,187
74,22
74,174
74,200
75,152
78,8
80,136
81,50
81,155
81,240
82,279
84,58
84,280
89,99
89,129
89,202
89,214
93,34
93,245
94,6
94,62
94,209
95,230
96,204
97,199
98,144
98,284
100,233
100,255
101,48
102,54
102,139
104,15
104,57
105,247
107,251
109,85
110,120
111,102
111,109
112,287
114,147
114,154
115,159
116,163
120,23
120,56
120,98
123,44
123,71
124,273
125,136
126,35
128,64
128,134
128,250
130,2
131,67
131,185
131,299
132,32
133,263
135,44
137,186
140,72
141,63
142,113
142,184
143,155
144,221
147,103
147,178
147,281
149,286
150,73
152,26
152,45
152,208
153,224
156,30
156,97
157,179
157,188
160,3
163,235
163,283
164,132
164,254
165,156
165,278
167,27
167,145
168,9
168,126
169,126
169,246
170,127
171,78
171,176
173,291
174,42
174,56
175,148
177,208
180,106
181,53
181,81
181,188
183,275
184,167
184,295
188,72
189,90
190,256
193,14
193,151
193,162
194,1
194,40
194,127
194,145
196,183
201,285
201,289
204,39
205,111
205,218
207,122
210,119
210,197
212,49
212,125
212,249
212,277
214,141
215,207
221,146
221,213
222,112
223,150
223,212
224,190
224,217
225,258
226,148
227,231
228,24
228,70
229,117
231,52
232,98
233,12
234,95
234,139
235,4
236,27
237,18
239,271
240,0
240,220
241,47
242,187
243,158
245,219
246,225
247,41
248,32
249,123
249,161
251,87
252,133
253,177
254,25
256,93
256,226
256,261
257,92
257,238
258,55
259,29
259,51
259,69
259,89
262,131
264,51
264,182
264,195
265,86
265,142
266,94
267,105
268,82
269,166
272,7
272,118
273,2
273,83
273,125
273,159
274,259
276,77
278,20
279,28
280,206
280,267
281,210
286,5
286,165
287,251
287,266
288,216
290,292
291,245
292,36
293,180
293,262
294,100
294,117
297,31
298,104
298,250
299,91
