source,target
0,75
0,114
1,255
2,36
3,117
3,153
3,196
4,62
5,277
6,237
9,55
9,62
9,145
10,111
11,274
16,171
21,32
21,40
22,58
22,160
22,245
23,236
24,52
24,185
28,223
28,248
29,169
29,241
30,234
31,42
31,179
32,15
33,67
33,77
34,27
34,71
35,10
35,46
35,189
35,204
35,227
37,120
37,184
39,143
41,87
41,210
41,259
43,13
43,89
44,57
44,188
45,7
47,44
47,110
48,123
49,14
50,191
51,263
52,59
52,69
52,106
53,20
53,41
54,10
54,14
54,102
55,89
55,166
55,283
57,205
57,267
57,272
60,271
65,266
66,198
67,135
67,177
68,228
69,108
69,243
70,204
71,116
72,173
72,282
73,45
73,84
74,200
75,147
75,182
76,159
76,275
78,289
81,133
81,140
82,129
83,119
86,215
86,219
88,64
91,235
94,79
96,229
97,155
98,12
98,202
98,254
98,257
99,101
100,132
100,170
101,2
101,172
101,216
102,25
105,190
105,224
106,56
107,97
107,277
109,251
110,135
112,222
113,32
113,273
115,51
115,191
117,104
118,198
118,220
119,175
121,1
122,262
123,122
127,141
127,296
128,117
128,156
128,229
129,60
130,113
131,112
131,298
133,53
133,101
136,278
137,238
138,24
138,209
138,274
140,100
142,6
143,90
143,297
144,121
146,214
148,86
148,118
149,61
149,136
150,284
150,291
151,104
152,37
152,92
154,224
156,165
156,183
157,93
157,162
158,94
159,49
161,31
163,251
164,72
164,109
164,239
167,29
167,146
169,19
169,81
169,134
171,295
172,231
173,292
174,210
176,80
178,137
179,0
179,63
179,203
180,3
180,8
181,193
182,194
182,264
183,100
183,255
184,174
184,276
186,56
187,205
188,161
189,128
189,137
191,233
191,290
192,287
194,154
195,151
198,79
198,124
199,294
200,48
201,217
201,242
202,65
204,139
205,103
205,199
206,127
206,280
208,16
210,281
211,23
213,165
218,187
218,207
219,93
219,206
219,239
219,244
221,17
223,249
223,270
223,279
230,5
230,95
231,226
232,54
233,26
234,132
235,166
236,155
236,197
236,245
236,260
237,27
237,252
240,287
242,181
242,211
243,91
243,228
246,82
247,130
248,38
250,218
253,167
255,84
255,85
256,124
258,70
258,212
260,125
260,208
262,110
262,168
263,64
263,98
265,115
266,99
269,11
269,261
271,142
273,152
276,80
278,9
279,246
280,17
283,253
284,280
285,213
285,268
286,61
288,259
289,68
290,175
290,192
293,66
293,225
295,118
296,34
297,105
297,116
297,149
298,18
298,299
299,76
299,126
