source,target
3,139
3,176
3,177
3,185
4,120
4,207
4,222
5,277
7,149
9,110
10,81
10,200
11,63
12,150
12,151
13,50
13,227
16,256
17,12
20,110
21,72
21,198
23,201
25,5
26,45
26,137
28,71
29,113
30,144
30,156
30,261
31,1
32,116
33,39
33,220
37,49
37,184
40,207
41,11
41,178
41,224
42,78
42,161
43,260
44,242
45,160
47,46
47,165
48,94
48,228
49,130
49,231
51,46
53,41
54,53
54,131
55,115
56,19
56,173
56,280
57,66
58,22
58,133
59,183
60,4
61,136
62,272
63,257
63,262
65,294
66,202
68,169
68,229
69,252
70,92
70,193
73,112
74,43
74,203
74,235
74,238
74,249
75,97
75,152
77,93
77,266
79,139
80,276
81,8
81,67
82,123
84,218
88,240
88,267
89,56
89,149
89,192
90,244
91,180
91,243
92,62
96,250
96,281
97,85
100,267
100,268
101,185
102,88
102,198
102,214
102,230
103,5
103,196
104,73
104,119
107,97
110,48
111,59
113,287
114,248
115,18
115,206
115,265
118,84
118,87
118,298
119,197
120,108
121,95
121,152
123,125
124,126
124,172
125,30
128,189
128,250
132,283
133,77
135,15
136,16
136,180
136,223
138,190
141,70
141,245
142,124
142,233
143,73
146,0
146,274
147,98
147,127
147,215
147,284
148,29
150,291
151,254
152,181
152,211
153,57
155,21
156,163
158,103
159,118
160,122
160,213
161,106
161,264
163,86
163,89
164,141
165,295
166,40
167,145
167,286
168,292
170,270
175,134
175,283
176,107
179,278
182,75
183,100
186,82
186,290
187,204
188,292
189,55
189,255
190,24
190,147
190,170
190,272
190,273
192,247
192,258
192,264
195,154
196,242
199,3
199,64
200,25
201,121
202,255
204,43
208,184
209,9
210,51
212,35
212,120
213,172
213,212
215,134
215,195
215,209
218,14
218,186
218,288
219,239
221,17
223,182
225,98
225,109
225,116
227,191
231,54
237,111
237,197
238,234
239,148
240,220
241,42
241,227
242,129
242,188
244,83
244,194
244,273
245,28
245,278
246,86
246,236
247,140
248,32
249,205
249,290
251,6
251,296
252,117
258,225
261,34
261,35
262,75
262,138
263,105
263,259
265,2
265,38
265,219
266,65
267,15
268,76
268,275
269,1
269,47
271,68
271,226
272,117
272,217
273,44
273,253
274,44
275,167
275,169
275,174
279,56
279,99
279,162
282,27
282,36
282,74
286,37
287,146
287,297
288,52
289,157
289,158
290,171
291,245
293,259
293,282
294,232
294,269
295,96
295,216
296,253
296,285
299,131
299,276
