source,target
1,154
1,209
3,233
5,296
6,111
6,146
7,57
7,73
7,94
7,183
7,231
8,180
10,86
10,182
11,116
11,275
12,277
13,59
13,288
13,291
14,4
14,87
14,121
16,186
16,297
20,168
20,173
20,278
21,38
21,108
22,45
22,237
23,236
24,127
25,91
26,178
26,241
27,43
30,78
31,29
32,41
32,193
35,96
35,103
35,253
35,279
36,124
36,214
39,83
39,118
39,184
39,289
40,35
40,131
43,66
43,196
43,260
45,103
46,155
48,37
48,169
49,52
50,2
52,273
54,79
55,71
60,196
60,222
61,119
61,158
62,42
63,48
63,262
63,274
65,9
65,148
65,269
67,97
69,110
69,252
70,149
71,22
73,61
73,213
74,55
74,145
76,58
78,166
79,94
79,108
80,146
82,26
83,72
86,285
87,163
88,137
88,169
89,120
89,142
92,11
94,62
95,293
96,224
97,271
97,284
98,68
98,266
98,287
102,248
103,211
106,289
107,112
110,102
110,118
110,135
110,228
112,231
113,104
113,234
114,130
114,250
116,80
116,254
117,229
117,246
118,91
119,139
119,298
122,141
123,81
123,85
124,286
125,175
125,256
127,28
127,92
129,69
130,198
130,260
131,65
131,75
131,100
131,202
131,255
133,89
133,162
133,216
133,263
134,76
138,24
139,16
139,296
140,243
143,75
143,218
144,295
145,95
145,167
147,80
147,283
150,30
150,152
151,174
153,53
156,134
158,205
159,227
160,141
163,7
163,199
163,256
163,257
164,47
165,0
165,191
166,261
170,283
171,242
172,235
174,65
174,128
176,149
176,161
178,240
179,29
179,203
179,228
180,185
181,104
181,281
182,190
184,89
185,64
185,200
186,20
187,175
188,44
189,56
189,133
189,221
190,105
190,212
190,220
191,115
191,159
192,258
193,98
194,244
194,270
197,49
197,70
197,206
198,19
198,39
198,44
201,268
202,264
204,147
207,77
208,221
208,265
209,195
209,298
210,17
210,232
213,140
215,70
215,225
216,18
216,214
217,26
217,113
218,63
218,84
220,54
220,273
225,8
226,3
228,159
229,90
229,144
231,126
233,151
234,67
234,230
242,275
248,245
253,33
254,164
254,197
258,171
259,157
259,165
261,81
261,143
261,238
264,247
266,10
266,99
267,1
267,15
270,41
271,101
271,239
272,51
272,217
273,50
273,53
274,138
274,291
275,201
276,38
276,77
277,294
278,12
280,17
280,109
280,267
282,225
283,132
284,23
284,189
284,219
284,251
285,34
286,156
289,177
290,23
290,249
291,93
292,46
292,106
294,36
295,122
295,136
295,263
298,223
299,21
299,172
