source,target
1,209
3,191
3,235
4,269
5,119
5,156
6,166
6,201
7,143
8,228
8,298
10,128
11,100
12,45
12,237
15,266
18,192
20,42
22,272
22,294
23,13
23,140
25,132
25,234
26,29
26,82
27,72
28,36
29,91
29,176
32,51
33,7
33,8
34,215
35,30
36,124
38,245
42,35
43,10
46,51
47,210
52,126
54,35
54,131
55,31
55,115
56,84
57,171
57,225
58,4
58,189
60,37
60,218
62,95
62,125
63,9
63,74
63,209
63,256
64,154
64,289
66,120
67,33
68,299
69,121
71,287
72,164
72,205
73,241
75,17
75,271
80,114
81,135
81,216
84,148
85,44
85,112
87,54
87,219
89,110
90,25
91,118
91,286
93,39
94,57
95,195
96,176
97,267
98,208
99,50
99,172
100,23
102,221
103,69
104,58
104,181
105,16
105,165
105,214
105,263
106,52
106,146
107,61
107,97
108,65
108,147
110,259
111,76
112,167
115,249
116,273
117,214
118,108
118,272
119,73
120,87
120,250
123,19
123,83
123,103
124,133
124,262
127,24
127,32
128,64
132,80
133,95
133,240
136,113
136,217
137,222
138,194
138,270
139,98
139,258
141,281
142,106
145,285
147,226
147,263
149,45
149,145
150,213
150,246
151,174
151,261
152,3
152,122
153,78
156,232
156,280
157,275
157,278
159,73
159,76
160,0
163,130
166,32
166,41
166,129
169,125
169,183
171,78
172,269
173,277
176,112
176,220
176,231
177,66
178,92
179,2
179,3
179,47
179,117
186,188
187,258
188,31
189,123
192,166
193,62
193,102
193,140
193,160
194,127
196,65
196,204
198,158
198,164
200,81
201,79
201,203
204,39
205,77
209,178
211,187
211,282
212,25
212,223
212,224
212,244
215,104
216,185
217,224
218,18
218,48
218,202
219,55
219,86
219,284
222,12
223,274
225,109
225,134
228,52
228,203
228,216
228,242
229,54
230,75
232,116
232,292
233,247
233,256
235,207
236,88
236,276
237,20
237,162
238,236
239,21
239,69
239,265
240,49
240,177
242,26
243,61
243,190
244,6
244,64
245,116
246,22
247,297
248,294
249,170
249,205
249,290
250,144
251,197
252,204
252,268
253,75
254,5
255,160
257,89
258,230
259,71
259,165
259,284
259,293
260,53
260,109
260,155
260,180
261,4
262,130
264,161
265,238
268,175
269,14
269,15
270,251
271,40
275,268
276,254
276,260
277,70
277,229
279,27
279,59
279,227
281,67
281,199
283,141
284,168
284,296
286,182
286,184
288,101
290,107
290,148
291,150
292,161
292,187
292,257
295,171
297,16
297,288
299,206
299,239
