source,target
0,156
1,123
1,148
3,113
3,117
4,200
6,217
7,35
7,272
8,76
9,1
9,55
11,92
12,45
13,57
14,60
15,32
15,42
15,259
16,79
16,293
17,280
19,86
20,260
22,73
27,10
29,31
29,261
31,157
33,208
37,5
39,33
45,270
49,24
49,212
50,257
50,298
51,219
58,14
58,133
58,166
58,279
58,294
59,7
61,216
61,235
62,26
62,56
62,138
62,292
64,80
64,154
64,244
66,91
69,110
70,221
70,228
71,82
72,21
72,205
73,134
74,43
74,282
75,0
76,82
76,227
77,2
77,93
77,271
78,113
79,241
83,161
85,61
85,274
86,168
87,35
88,267
91,46
92,28
92,295
94,242
96,128
97,252
98,99
101,225
102,248
103,150
104,121
106,112
107,13
108,83
111,68
112,29
112,167
115,19
116,22
117,97
118,129
118,198
119,152
119,190
120,203
120,214
120,239
122,68
122,178
128,10
129,255
130,171
131,256
132,291
134,4
134,193
134,224
136,127
136,229
141,127
142,75
142,184
143,138
143,142
144,5
144,48
145,74
145,170
146,151
150,63
153,11
153,149
153,179
155,285
156,6
156,234
156,263
159,30
160,293
161,147
161,150
162,218
163,118
163,245
163,265
164,72
165,259
165,286
167,196
168,29
168,173
169,53
169,109
169,128
170,206
176,243
178,209
179,278
180,179
180,290
182,37
182,90
182,197
183,85
183,125
185,240
186,30
186,175
188,233
190,13
190,53
190,105
190,181
190,247
191,152
192,274
193,264
194,40
194,195
194,245
196,23
198,102
199,265
199,283
200,20
200,241
201,98
202,223
202,261
205,199
206,139
206,168
207,25
208,81
208,135
209,164
209,249
210,89
211,121
211,288
212,154
213,221
214,36
214,41
214,95
214,110
214,149
215,51
215,70
215,151
216,181
218,180
219,284
220,215
220,229
220,266
220,299
221,1
221,208
222,133
225,49
225,194
225,280
226,254
227,188
228,8
228,159
229,54
231,124
231,140
231,163
232,116
233,74
233,174
234,4
235,66
236,246
236,258
236,268
236,277
237,27
237,47
238,276
239,130
240,81
240,88
242,14
242,99
242,100
243,96
245,34
247,114
247,224
248,145
249,18
250,18
252,58
252,291
253,273
254,65
254,250
257,108
258,2
258,40
258,296
261,126
262,67
262,231
264,139
268,37
268,210
269,31
270,122
270,204
270,251
270,256
271,158
272,38
272,51
272,137
272,177
273,52
273,54
275,235
276,71
276,189
281,146
281,161
285,213
285,287
286,69
288,15
289,136
290,25
292,84
293,44
294,12
294,187
294,230
295,172
295,212
297,20
