source,target
0,200
2,220
3,175
4,44
4,143
4,221
7,59
9,65
9,132
9,198
10,157
11,134
11,282
12,163
12,257
13,39
13,57
13,240
14,34
14,104
14,134
15,173
16,293
17,43
19,76
19,150
19,296
20,203
22,251
23,257
24,158
27,183
28,131
28,165
28,251
29,37
31,15
31,283
32,250
33,77
33,169
38,272
40,207
41,125
42,239
45,156
47,147
47,297
48,41
48,127
50,106
52,14
52,138
54,266
56,84
56,99
56,255
58,268
61,119
61,247
62,21
63,47
63,278
64,97
68,7
68,89
68,185
69,121
70,161
71,116
73,51
73,75
76,211
76,228
78,8
78,225
79,96
79,226
80,182
81,30
81,281
82,206
83,64
84,94
84,113
84,118
84,218
85,19
86,18
86,93
87,162
88,38
88,199
89,66
92,212
94,184
94,261
96,92
96,154
97,67
97,91
97,140
97,263
98,9
98,90
98,210
99,153
101,258
102,39
103,123
104,0
105,100
106,292
106,298
107,61
111,275
112,198
112,271
113,37
113,69
115,114
115,164
115,241
119,197
124,36
124,249
125,105
125,196
125,223
126,177
126,240
128,264
129,299
132,38
132,52
133,174
135,78
135,82
139,111
139,287
141,147
142,288
146,190
147,160
147,193
148,246
152,5
152,25
152,73
152,181
155,236
155,280
155,294
156,6
157,130
157,166
157,245
158,218
159,68
159,93
159,126
160,230
161,227
163,233
164,209
164,239
165,295
166,148
168,279
169,112
170,213
171,122
171,135
172,124
174,17
174,95
174,128
174,145
174,203
175,271
176,149
176,151
177,273
178,1
178,35
178,73
178,210
179,72
179,109
179,136
179,189
185,216
186,56
187,205
188,82
189,215
189,221
189,291
190,53
190,270
191,217
191,249
195,129
197,204
197,254
198,60
198,130
198,184
200,74
200,81
200,267
201,171
207,235
208,13
209,20
210,80
210,156
210,212
212,144
213,46
213,95
214,98
215,272
217,50
218,266
220,107
221,101
222,238
223,202
224,284
226,231
227,68
228,137
228,166
229,117
229,216
232,26
232,160
234,152
235,15
235,138
237,87
237,196
238,195
239,120
240,287
242,103
242,275
243,187
244,183
244,223
245,219
246,194
248,88
249,49
250,277
253,103
254,170
256,226
257,46
259,178
260,109
262,110
262,168
263,234
265,2
267,12
268,123
269,131
270,33
273,214
274,47
274,252
276,142
277,248
278,55
278,71
278,85
279,260
280,70
284,74
284,187
285,155
286,91
286,167
287,16
287,225
288,10
288,151
289,185
289,192
290,180
290,233
292,62
295,102
298,108
298,125
298,159
299,79
