source,target
0,5
0,9
0,31
2,77
2,112
3,185
5,13
5,265
7,51
7,127
8,97
8,171
8,208
9,119
9,167
10,117
15,146
15,281
17,60
18,47
18,289
20,40
20,44
20,109
20,221
22,88
23,178
24,288
29,42
29,188
29,199
31,276
34,96
34,193
34,197
34,260
35,110
36,31
37,101
39,186
41,80
43,3
43,149
43,240
46,8
46,67
47,21
47,132
47,170
47,206
50,49
50,56
53,48
53,134
53,176
54,218
56,79
57,286
58,22
58,103
59,253
60,236
60,262
61,45
61,169
62,246
64,182
65,296
66,142
67,246
69,190
69,285
70,35
70,101
71,278
72,19
73,76
73,168
75,166
76,250
78,21
78,98
78,210
78,277
79,55
82,104
84,54
84,267
84,272
85,160
86,41
86,115
89,275
90,170
91,100
91,296
92,111
93,128
93,224
94,164
95,89
96,283
97,122
97,135
98,266
99,1
99,297
99,298
100,222
103,27
103,81
103,141
104,235
105,14
105,204
106,172
107,121
108,81
109,237
110,133
112,10
113,4
113,88
115,229
115,257
116,110
116,140
116,157
117,11
117,225
118,275
118,295
122,161
126,117
127,73
127,118
127,158
128,28
128,56
128,258
130,63
130,196
130,284
131,282
135,74
136,123
136,224
137,33
137,261
138,209
139,72
139,159
140,87
140,238
141,125
142,0
142,179
144,239
145,292
147,165
148,83
148,223
153,233
154,71
154,120
157,25
158,195
160,50
160,148
160,297
162,54
163,52
163,234
163,264
164,22
165,244
165,287
166,69
167,157
169,63
169,205
170,155
172,155
173,92
173,219
173,287
174,64
175,106
176,18
176,32
177,70
178,281
180,135
180,217
181,6
182,198
183,256
185,66
186,30
189,26
192,124
192,152
196,16
196,29
196,83
196,273
197,213
198,85
200,51
201,269
202,141
202,212
202,227
202,269
202,270
206,243
207,161
208,107
208,156
208,216
209,139
209,259
214,94
215,17
215,114
220,150
222,93
223,145
224,220
227,148
227,239
228,13
229,26
229,53
230,121
231,190
233,38
233,201
235,105
235,153
237,158
237,192
238,174
238,232
238,255
238,261
239,211
241,289
242,274
243,118
243,163
244,294
245,61
248,29
248,187
249,84
249,151
250,249
250,263
251,65
251,291
252,184
252,251
253,75
253,290
254,23
256,12
256,151
259,113
259,129
260,178
260,274
261,282
262,180
262,226
269,217
270,203
272,116
275,143
275,293
278,183
279,215
280,7
281,30
283,91
283,191
285,10
285,57
285,102
286,41
287,6
287,268
288,68
288,202
288,271
294,298
296,247
298,194
299,37
