source,target
2,136
3,97
3,147
3,274
4,19
4,142
4,284
7,34
8,182
9,283
10,51
10,67
11,69
11,192
12,125
14,127
15,77
15,90
16,47
19,64
22,36
22,102
22,164
22,209
23,86
24,117
24,129
26,50
26,170
26,259
27,32
27,247
29,49
29,102
30,145
30,208
32,44
33,2
33,169
33,171
34,131
34,156
34,172
35,161
36,163
37,94
37,298
38,177
39,112
39,254
41,244
42,263
45,103
46,160
46,268
48,30
50,152
50,196
52,23
52,159
52,189
52,281
53,68
55,85
56,25
56,128
57,89
58,17
58,181
59,213
60,236
61,12
63,172
66,252
67,203
69,224
70,75
71,221
71,279
72,19
72,265
73,207
73,254
73,288
74,272
76,158
77,148
80,297
82,62
82,154
82,178
82,185
84,59
84,267
91,66
91,132
91,205
92,197
93,124
93,255
94,188
95,202
95,252
96,24
97,220
98,187
99,61
100,139
100,232
103,80
103,243
103,269
105,0
105,14
106,37
106,256
108,257
109,120
109,184
111,74
111,198
111,280
114,195
114,261
115,112
115,229
116,79
116,88
117,173
117,223
118,67
119,167
121,5
121,92
122,108
123,110
124,133
125,105
125,107
126,204
126,262
128,134
128,236
130,60
131,82
131,101
134,70
134,143
134,174
135,42
136,264
137,17
138,170
139,270
140,87
141,100
142,40
145,26
145,44
146,95
146,190
146,231
146,246
147,271
148,68
148,83
148,153
148,183
150,33
150,144
150,166
150,245
151,13
151,104
152,215
153,176
153,235
154,115
157,191
162,20
163,117
165,52
165,54
167,48
167,191
167,199
167,238
168,81
168,241
170,206
171,1
171,161
171,216
175,76
175,200
177,7
177,47
178,227
179,234
180,194
180,247
181,31
182,155
183,20
183,43
184,41
184,294
186,210
187,217
188,222
188,239
189,179
189,266
193,199
195,76
201,173
202,83
202,276
205,287
210,3
211,65
211,188
212,111
214,79
215,8
215,57
215,249
216,28
217,96
218,39
221,201
225,15
226,58
228,183
228,286
229,251
230,256
233,119
233,127
233,147
233,163
235,293
237,208
241,243
242,11
242,150
244,165
246,110
249,18
249,219
249,225
249,240
250,288
251,233
253,28
253,58
253,285
255,278
257,71
257,260
258,46
262,135
265,21
265,88
268,38
268,113
270,238
271,282
272,55
272,98
272,292
273,109
273,151
275,10
275,45
275,59
278,209
281,140
281,157
283,78
283,106
284,164
285,57
286,149
286,175
286,197
288,6
289,29
290,248
290,277
291,62
293,42
293,275
295,11
296,226
297,56
298,248
298,253
299,72
