source,target
0,70
1,224
3,277
8,299
9,2
9,11
9,176
10,43
12,9
12,38
12,205
13,286
14,226
15,112
16,108
18,104
18,156
19,30
19,202
20,26
20,154
21,13
23,45
25,22
26,39
26,122
26,210
28,128
28,134
29,246
30,274
31,194
31,212
32,23
33,17
33,57
36,257
36,273
37,179
37,214
38,105
38,128
42,110
46,32
48,122
51,251
52,78
52,173
52,206
54,268
56,223
57,148
57,223
57,283
58,164
60,123
60,276
61,211
61,219
62,14
62,171
63,66
64,99
65,280
67,27
67,85
67,196
68,125
69,249
72,50
72,139
72,165
72,236
72,258
73,114
76,1
76,241
79,146
81,189
82,15
83,6
84,95
84,225
86,53
87,5
88,265
90,42
90,80
90,174
91,115
91,201
92,33
93,49
93,199
94,236
97,7
97,119
98,80
99,53
99,227
100,207
100,232
102,155
104,177
106,89
106,175
106,279
106,295
107,141
108,23
109,83
109,220
109,237
109,292
110,288
112,59
113,88
113,278
116,41
116,203
117,126
117,205
118,18
119,144
121,116
121,231
123,178
124,93
125,281
128,247
129,4
129,62
130,240
132,266
133,124
133,204
135,25
135,74
136,2
136,270
138,262
139,209
140,63
140,238
143,218
146,17
147,44
147,78
147,88
147,169
147,192
148,293
149,60
149,208
150,275
151,230
153,137
154,175
155,225
156,75
157,131
157,169
158,52
159,101
163,150
164,295
165,221
166,61
167,147
167,296
168,115
169,96
169,243
170,51
170,129
170,138
170,280
172,137
172,142
175,252
176,90
176,103
177,38
177,47
180,217
182,247
183,163
183,284
184,41
185,61
185,108
185,142
185,193
185,238
185,298
188,81
189,120
189,183
190,136
190,162
192,100
192,160
192,264
196,8
197,50
197,272
199,294
200,72
201,10
201,95
201,215
201,246
203,69
203,181
203,291
208,127
208,290
209,118
209,161
209,198
209,277
210,162
210,216
212,135
213,187
213,220
214,222
215,76
218,63
222,55
226,159
227,269
228,87
230,40
230,98
233,117
233,235
234,82
234,149
235,145
236,214
238,25
238,186
240,34
240,103
241,134
242,285
244,200
246,256
248,12
250,259
253,167
254,85
254,152
254,229
255,65
259,113
260,94
260,263
260,266
260,271
261,92
262,190
264,140
264,195
267,22
268,100
269,217
269,282
271,119
272,245
273,64
274,67
275,114
275,185
279,77
281,107
282,156
285,10
286,71
286,111
286,289
287,24
287,46
288,107
288,239
289,5
289,19
290,287
291,271
292,91
293,157
293,191
294,28
294,70
297,14
298,248
299,35
299,253
