source,target
0,142
1,59
1,224
2,89
2,233
4,42
4,55
4,194
5,105
5,168
8,92
8,213
9,102
9,169
9,295
10,1
10,39
10,63
10,130
11,120
11,163
13,81
13,263
14,64
15,5
15,143
18,52
18,57
19,112
19,174
20,3
20,149
21,157
22,113
24,106
24,239
25,135
26,298
27,148
27,156
28,238
30,140
30,215
32,134
33,165
34,282
35,23
38,102
38,132
38,296
41,50
42,22
42,70
42,90
43,24
43,32
45,147
45,260
46,10
46,270
48,54
48,271
51,274
52,293
53,8
53,50
54,123
54,189
57,30
58,235
61,69
64,124
64,273
65,13
65,118
65,255
66,265
68,52
69,51
69,93
71,18
71,283
72,66
72,133
72,236
75,34
76,147
77,201
77,290
78,99
80,114
82,104
82,131
82,161
82,252
83,119
85,67
85,76
85,139
91,12
91,186
94,188
95,201
100,11
100,35
100,151
101,86
101,171
104,38
106,37
106,160
106,227
108,281
109,12
109,49
109,145
109,196
110,206
111,16
111,91
115,86
115,164
116,193
117,54
117,243
117,254
119,43
119,287
120,73
120,203
121,123
124,114
124,220
126,24
126,229
128,115
129,62
129,183
129,212
133,144
134,128
134,267
135,31
135,47
136,258
137,223
141,245
142,37
142,241
146,270
148,117
148,256
149,218
149,234
149,297
150,8
150,202
150,219
154,180
154,273
157,107
157,191
157,271
158,169
158,279
159,139
161,269
163,44
163,264
163,275
165,210
165,285
166,240
167,248
170,153
171,26
171,214
172,106
176,45
177,22
178,167
179,222
181,125
182,294
183,228
184,277
187,175
187,179
188,185
190,28
190,60
190,136
190,262
192,14
193,60
197,195
198,62
198,143
199,29
199,94
200,227
202,141
203,83
204,79
204,126
205,46
205,138
206,230
207,161
207,291
209,198
210,20
210,162
211,80
213,184
215,173
215,288
216,101
217,36
217,58
218,246
220,150
220,198
221,286
222,197
223,208
224,100
225,155
225,251
226,99
230,40
230,98
230,116
232,212
233,88
234,71
235,152
235,243
236,231
240,97
242,176
242,182
242,221
243,181
244,95
244,186
245,4
245,185
245,187
247,199
248,216
248,299
249,217
250,96
250,129
251,53
253,75
254,9
254,237
257,268
258,272
259,237
260,261
261,122
261,249
264,17
264,112
266,108
266,289
267,74
268,47
268,103
268,205
272,56
272,280
274,240
276,170
276,178
278,113
280,276
281,151
282,82
282,89
282,223
283,6
284,84
284,265
288,27
288,195
288,236
288,274
289,7
289,87
290,78
292,55
295,127
296,65
298,78
298,253
