source,target
1,40
4,71
6,207
6,218
6,286
7,38
8,35
8,150
8,190
9,259
10,175
12,282
15,88
16,51
17,43
17,83
17,235
17,298
19,211
19,220
20,40
21,107
24,43
24,201
24,239
29,42
32,23
34,216
35,20
36,22
36,217
37,94
41,14
41,109
44,289
46,214
46,271
49,48
49,93
50,227
54,117
55,79
56,238
57,13
58,0
58,198
59,19
60,244
61,69
61,84
61,224
61,234
61,273
61,285
63,61
63,62
63,169
66,165
66,284
68,250
68,287
69,232
73,27
73,242
75,1
75,5
75,70
76,11
76,205
76,243
79,204
79,226
82,126
82,185
83,10
85,100
85,144
86,128
86,138
86,155
89,22
90,81
92,296
93,261
94,188
95,76
95,158
97,183
98,241
99,86
100,48
100,139
100,231
101,176
102,9
103,52
103,156
104,23
104,42
104,97
104,167
106,145
107,125
107,229
107,270
108,34
108,81
109,166
110,267
110,288
112,97
112,277
114,260
114,292
116,46
118,54
118,110
118,243
119,251
119,283
120,57
121,122
123,119
124,174
128,224
128,238
128,247
129,189
130,149
131,139
132,170
134,29
135,80
135,172
135,212
136,11
137,223
137,257
140,87
143,2
144,105
145,142
146,15
146,66
146,122
146,161
146,249
149,60
149,148
149,293
150,184
150,233
151,201
152,253
152,268
153,33
154,234
156,64
156,92
158,96
158,192
159,298
160,17
162,73
162,273
163,9
163,295
164,152
166,285
167,53
167,197
168,47
168,73
170,153
170,254
171,8
173,157
174,50
175,252
175,275
176,147
176,160
176,167
177,31
177,135
178,252
180,154
181,71
182,64
185,58
187,113
188,55
189,18
191,49
194,26
195,120
195,173
195,228
196,16
196,99
198,44
199,65
199,263
202,195
203,181
204,74
204,133
206,293
208,85
208,220
209,146
210,95
212,129
213,272
214,236
215,223
215,276
216,111
217,187
217,208
218,206
219,200
221,242
222,72
224,186
224,297
225,106
226,3
226,82
227,262
228,189
228,222
228,248
228,250
228,265
231,237
232,255
236,193
237,179
237,202
238,25
238,280
241,159
243,271
244,294
245,101
246,2
246,245
251,28
254,39
254,145
254,163
255,123
256,89
256,291
257,246
258,291
259,127
260,30
262,209
263,102
264,221
265,118
267,141
268,104
268,270
270,38
272,258
273,91
274,6
275,45
275,162
278,5
278,63
279,269
279,299
281,215
282,87
282,269
283,114
283,115
283,203
283,240
284,132
284,266
285,78
286,230
287,67
289,21
289,200
289,216
290,12
293,26
293,110
294,278
295,36
296,248
299,37
299,77
