source,target
1,61
2,17
3,154
3,180
3,256
6,176
7,112
9,34
9,243
10,218
10,285
12,141
12,150
13,108
13,138
13,189
14,163
14,269
14,297
15,11
15,230
15,281
16,272
19,156
19,211
22,132
23,104
25,222
26,126
27,24
28,59
29,239
31,177
33,285
34,90
34,108
34,121
35,12
36,69
37,192
38,100
38,245
38,261
39,225
41,75
41,79
41,216
42,29
43,18
43,149
47,266
48,49
48,103
50,49
50,224
50,227
52,107
52,183
55,202
56,92
56,241
57,13
57,106
57,148
57,160
58,138
61,275
62,129
62,291
63,219
64,199
66,284
67,46
71,18
71,57
71,234
72,50
77,162
82,125
82,157
84,236
85,30
85,128
86,85
86,184
89,126
89,203
89,223
91,68
93,8
94,226
95,158
96,249
98,40
98,186
99,268
100,145
103,54
103,233
105,86
106,2
106,161
110,253
110,255
111,88
112,242
113,4
114,206
115,164
116,79
120,106
120,127
122,48
122,92
123,60
123,178
124,62
124,123
124,133
126,220
128,288
131,145
131,296
135,56
136,147
137,195
137,223
139,159
140,132
140,238
142,299
146,240
146,260
147,271
150,144
150,169
150,181
154,120
154,175
155,80
155,81
156,125
156,288
157,158
157,182
158,83
158,130
158,290
159,33
159,101
163,15
164,20
164,194
165,263
168,179
168,286
169,52
172,9
172,251
173,43
174,28
174,78
174,109
176,0
176,251
180,143
181,228
182,80
182,94
183,45
183,97
183,153
183,287
184,74
185,122
185,171
186,16
186,41
188,252
188,258
189,87
189,179
191,167
191,181
192,5
192,51
193,67
194,4
194,31
194,58
195,65
197,88
197,93
197,198
198,124
198,263
201,97
201,278
202,196
202,199
202,212
202,215
203,259
205,45
208,5
208,151
208,174
209,71
209,91
210,208
213,70
213,294
214,222
215,276
216,55
216,244
216,248
217,96
218,279
219,3
219,76
219,257
223,292
225,281
226,191
229,7
230,47
230,197
231,107
232,36
233,21
233,170
233,221
234,32
236,136
237,24
237,201
237,206
238,1
238,59
239,123
242,210
243,118
245,187
246,166
246,250
247,167
249,69
249,73
249,151
250,42
251,204
252,175
253,75
254,91
254,235
259,134
259,261
260,165
261,67
262,196
264,44
264,267
264,277
265,131
268,53
268,82
268,152
268,270
271,103
271,178
273,195
274,63
274,77
274,104
274,117
275,115
275,119
277,66
279,77
280,111
282,72
283,27
283,215
284,265
285,102
287,274
288,207
289,209
291,214
291,237
294,190
294,200
294,298
295,204
296,14
296,293
298,173
299,37
