source,target
1,80
1,246
1,290
2,33
6,41
6,177
6,222
7,229
7,275
8,275
9,23
10,7
10,97
10,120
10,206
11,234
11,295
12,9
12,150
14,19
14,238
15,4
15,118
17,60
18,104
18,289
19,110
20,257
24,45
24,69
26,47
26,278
30,165
32,190
33,83
33,171
34,119
34,131
34,240
34,261
35,14
41,187
42,244
42,289
44,198
45,271
46,207
48,183
50,86
52,83
52,96
52,209
53,170
54,10
54,215
54,241
55,28
56,31
56,121
57,163
57,195
59,19
59,106
59,174
61,12
63,287
64,90
65,13
66,159
67,89
67,103
69,254
70,216
71,149
71,297
72,100
72,230
74,62
74,126
75,239
76,186
76,227
76,255
79,60
79,156
80,263
80,272
81,189
82,140
83,100
86,101
87,204
89,202
93,260
94,188
95,139
97,209
102,28
102,212
104,154
105,114
108,122
109,99
110,199
111,92
111,219
112,59
112,123
112,145
112,192
113,231
114,243
116,5
116,93
118,265
118,274
121,92
122,29
122,190
122,248
123,196
125,291
127,57
129,24
129,62
129,87
130,128
130,164
131,38
134,244
135,189
136,124
136,176
138,70
139,270
140,107
140,132
141,6
141,16
142,148
144,85
144,200
146,161
147,109
147,169
148,178
148,291
149,269
150,76
151,88
151,233
152,242
153,91
153,197
154,20
154,73
154,217
155,250
156,50
157,21
157,226
157,261
160,65
160,258
161,292
162,128
164,129
165,117
169,52
170,3
170,47
170,113
171,296
173,205
174,90
174,211
175,293
178,54
178,82
178,84
179,111
179,168
180,262
181,0
182,294
183,8
183,172
183,202
185,49
185,210
187,105
187,239
191,0
191,167
193,277
200,51
200,298
201,77
205,44
205,237
208,78
208,201
208,282
210,71
211,61
211,188
211,224
211,298
212,297
213,229
214,79
216,182
216,247
218,27
218,43
218,57
218,146
218,197
218,299
219,69
219,133
221,118
221,130
223,203
223,250
226,58
226,68
226,142
227,1
228,88
229,101
232,25
232,55
235,106
236,37
236,40
236,179
237,9
237,30
242,63
243,112
243,149
243,276
245,80
246,259
248,15
248,26
249,18
249,36
249,135
251,91
252,136
252,184
253,58
256,151
256,225
257,273
258,280
259,137
259,218
260,173
261,158
262,191
262,196
264,66
264,147
264,203
265,228
266,22
266,98
266,113
267,32
268,108
268,194
270,141
270,281
271,145
271,176
271,220
272,207
273,221
274,143
275,166
279,7
279,283
280,238
282,82
282,193
283,115
284,66
285,73
286,228
287,172
288,68
293,235
294,185
295,39
295,127
296,116
