source,target
1,216
2,209
2,215
2,229
3,71
3,143
6,57
7,62
7,172
7,226
9,48
10,104
10,233
11,61
11,292
12,158
13,66
14,51
14,122
14,193
15,26
15,120
15,264
18,287
20,44
22,88
27,146
28,75
28,171
30,108
30,233
30,237
30,271
33,17
34,9
34,93
34,96
34,299
35,8
36,120
37,175
38,113
41,286
43,235
45,38
45,261
46,169
47,249
50,14
51,58
52,161
54,67
54,241
55,4
57,197
60,190
61,140
62,236
64,136
65,55
65,232
67,46
67,119
67,274
68,176
70,0
70,115
70,116
75,239
76,149
76,255
76,272
77,90
78,52
78,225
79,82
79,222
80,184
80,244
80,263
80,265
83,27
83,89
83,167
83,296
88,72
88,259
89,100
92,27
93,69
94,204
97,164
98,74
99,59
99,64
100,97
100,227
101,53
101,213
103,268
104,295
105,204
105,282
106,279
107,220
110,202
115,168
115,192
118,218
119,275
119,288
121,34
123,166
125,23
125,178
126,82
127,47
128,239
129,35
129,205
132,205
133,19
133,46
134,44
134,53
134,231
136,160
136,224
137,195
138,209
139,141
139,240
140,5
140,41
140,54
142,226
143,185
144,30
145,69
147,97
148,63
148,149
148,276
148,282
149,278
150,33
150,144
150,163
151,223
152,215
154,73
155,81
155,250
156,197
156,288
158,269
159,241
160,203
166,242
170,42
170,87
170,135
172,1
175,10
175,154
176,254
177,7
178,145
179,111
179,168
181,228
181,243
182,13
182,263
182,294
186,92
186,98
186,290
187,128
188,121
189,212
190,49
190,134
190,162
191,128
191,152
192,237
194,221
195,29
195,43
195,65
195,109
198,31
200,238
201,219
202,45
202,281
203,157
203,188
203,207
205,257
207,107
208,51
208,110
208,117
208,158
208,174
208,243
208,251
210,274
211,81
212,179
214,19
216,40
216,124
216,245
218,201
221,18
222,62
222,180
225,24
225,39
226,31
226,131
226,268
227,99
229,283
230,189
231,252
232,270
240,11
242,106
242,112
243,173
244,258
244,278
245,16
245,141
246,169
246,170
246,219
248,52
248,293
249,32
250,103
252,95
252,277
254,35
254,273
255,253
256,15
260,8
260,47
261,199
261,256
261,259
262,165
262,214
263,86
263,196
263,234
264,2
264,112
264,151
266,164
267,73
270,125
271,117
271,217
272,84
274,183
275,185
275,208
277,181
278,130
280,276
282,129
283,83
285,12
285,76
285,77
285,102
287,269
288,85
289,3
289,21
291,153
291,156
291,225
292,91
293,114
296,247
297,56
297,150
298,289
299,25
299,200
299,206
299,284
