source,target
1,112
2,57
2,82
3,219
3,248
3,299
4,84
5,89
9,295
11,237
12,57
13,250
15,153
17,26
17,217
21,157
22,180
23,51
24,204
25,176
27,196
28,144
28,174
29,85
30,144
32,209
33,12
34,268
35,12
35,52
35,70
35,271
36,123
36,136
37,290
38,107
40,142
42,138
42,205
42,266
43,178
43,270
44,164
45,76
46,288
47,135
49,216
50,99
50,253
51,251
53,14
54,139
54,143
54,165
54,167
54,189
55,19
55,94
56,265
57,109
57,143
58,103
58,122
58,263
61,220
61,287
62,187
63,210
64,28
64,206
65,72
65,230
66,48
66,186
66,277
67,27
67,66
71,20
71,240
72,198
75,29
75,294
76,147
76,150
76,202
77,148
78,141
80,297
85,1
85,208
86,115
86,184
87,68
87,129
87,188
87,232
88,10
88,265
89,111
90,211
93,8
93,134
93,171
95,123
96,32
96,283
100,224
100,293
101,226
102,212
102,224
104,163
105,5
107,46
108,24
108,131
108,295
111,286
112,58
112,259
113,104
114,177
114,215
115,2
116,25
116,272
117,157
117,225
118,73
118,285
119,258
119,287
120,192
121,207
123,273
124,37
124,79
127,47
128,41
130,181
132,86
133,204
133,214
135,256
137,73
138,159
139,145
140,178
141,139
142,172
143,74
144,24
144,239
146,106
146,281
147,11
147,245
148,27
148,292
149,271
150,251
151,250
152,20
152,253
153,82
153,154
153,203
155,38
155,80
156,130
158,83
158,282
160,201
161,0
163,6
163,150
164,0
164,228
165,97
168,155
168,286
170,110
170,276
173,45
174,92
174,208
175,4
175,10
175,252
176,101
176,183
180,39
180,121
181,4
181,132
181,218
182,124
182,236
182,247
183,63
188,81
189,98
190,60
190,298
193,55
193,140
193,185
195,69
195,78
197,296
199,59
199,140
199,213
201,257
202,95
202,291
207,169
208,8
209,16
209,166
209,267
210,234
211,19
216,128
217,202
219,18
220,126
220,156
220,187
220,227
222,145
223,274
226,31
228,18
229,247
232,280
233,54
233,243
233,260
234,71
234,179
234,244
235,71
235,249
236,94
237,151
237,223
238,229
241,172
241,239
242,7
242,173
242,221
242,281
243,194
244,184
246,261
247,191
251,225
255,36
256,114
256,254
262,214
263,289
264,103
266,284
268,241
269,95
274,35
274,207
274,231
274,279
275,30
276,233
277,3
277,166
278,175
279,91
280,14
280,219
282,22
282,256
284,108
285,162
285,242
285,248
287,125
288,158
289,118
289,216
290,109
291,100
291,257
295,120
295,261
296,34
298,243
299,198
299,200
