source,target
0,19
1,59
1,158
2,89
2,97
3,32
3,184
4,103
5,121
7,216
8,63
8,249
9,7
10,153
11,9
11,295
12,193
13,286
14,259
15,118
15,197
15,218
18,39
18,57
18,143
18,149
19,187
19,238
20,201
20,257
20,292
26,133
28,244
29,262
30,208
32,293
35,164
36,122
37,20
39,115
39,267
43,218
45,249
46,271
47,132
48,81
48,129
49,166
50,152
51,61
51,118
51,274
52,269
53,51
54,9
54,151
55,212
56,58
58,22
58,25
58,70
60,192
60,258
60,270
62,7
63,24
63,54
64,190
64,297
66,110
67,106
68,152
68,251
70,75
70,143
72,116
72,211
73,242
76,120
77,285
80,85
82,131
83,17
87,31
87,228
88,89
91,161
91,273
92,53
92,296
95,76
95,78
95,139
96,52
100,83
101,142
102,86
102,233
104,113
104,296
105,93
108,24
109,71
110,255
110,289
111,5
112,41
114,3
114,278
115,2
115,205
115,275
116,133
117,225
120,189
122,71
122,217
123,27
123,140
124,214
125,181
127,299
131,101
132,87
133,46
134,44
134,174
135,247
136,73
136,210
136,291
137,17
139,232
140,107
140,147
140,235
141,23
141,34
142,0
142,4
143,198
143,217
145,82
145,100
145,106
146,18
147,169
147,191
149,246
151,117
151,126
151,170
156,227
157,182
159,66
163,6
163,112
164,236
165,10
166,109
167,68
167,93
168,236
169,130
170,90
170,175
172,135
172,266
173,195
174,98
174,257
176,240
177,114
178,119
178,288
178,293
179,62
179,155
182,108
182,260
183,203
183,286
187,38
187,185
188,29
188,79
188,124
188,180
191,226
192,207
192,227
192,231
193,67
195,202
196,123
196,294
199,128
199,200
200,290
202,110
202,183
203,160
203,163
203,188
206,87
207,85
207,287
208,153
208,279
209,77
209,138
211,239
212,56
213,28
213,40
213,171
213,253
213,280
215,69
217,144
218,150
219,65
219,94
219,201
220,107
221,194
221,254
221,259
222,1
222,121
223,173
224,61
224,69
225,91
225,223
225,237
229,132
232,92
232,241
233,149
234,145
235,23
235,281
240,243
242,261
242,279
243,112
244,245
244,267
248,299
249,47
249,84
250,27
251,172
251,204
252,48
252,277
254,162
261,127
262,190
262,196
264,8
265,156
266,47
266,164
267,42
268,254
269,181
272,16
272,74
272,245
274,33
274,45
274,269
274,298
275,1
275,77
275,127
275,235
276,60
281,186
282,14
282,129
282,148
282,167
283,205
284,26
284,276
287,154
287,178
288,282
289,21
289,230
289,263
290,11
290,99
291,256
292,234
293,103
