source,target
0,31
0,37
2,71
3,74
3,115
4,57
4,116
4,142
9,32
9,48
9,100
9,237
10,90
13,288
14,128
15,4
16,141
16,209
17,276
20,175
23,30
25,70
26,189
27,67
28,8
28,77
30,68
33,25
35,259
36,251
38,9
38,199
40,28
42,90
42,241
44,88
44,117
44,161
45,268
46,38
54,143
54,162
55,1
56,58
57,24
59,75
61,99
62,63
63,11
63,203
65,133
70,115
70,182
71,181
74,204
75,29
75,41
75,238
75,245
77,275
79,262
80,184
80,200
80,263
82,3
82,60
82,159
83,125
84,0
85,292
89,194
89,286
90,64
91,282
92,122
92,173
94,214
96,17
96,52
96,169
97,15
97,164
98,258
100,34
100,252
103,219
103,293
104,249
105,144
105,193
106,130
106,148
108,231
109,184
110,44
110,87
111,212
112,33
112,257
112,279
113,240
114,67
114,80
114,91
114,205
117,220
118,149
118,153
118,274
119,12
119,120
119,167
119,271
121,107
121,222
122,46
123,85
124,84
124,188
126,262
128,140
130,168
131,101
131,296
132,41
133,163
134,217
135,230
136,236
139,198
141,232
142,26
142,104
142,278
144,29
144,126
144,207
144,217
146,137
147,45
147,176
148,288
149,18
149,181
150,95
151,218
152,236
153,112
153,254
153,295
155,179
155,228
155,289
156,239
157,93
157,216
158,279
160,299
162,183
164,22
165,263
167,157
167,192
167,208
168,221
170,21
170,135
170,206
170,246
171,126
171,227
173,163
174,166
174,195
174,214
175,180
176,150
177,66
178,84
178,106
178,125
178,172
178,281
179,6
181,58
182,92
182,198
182,247
183,48
183,73
184,138
185,50
185,134
186,39
187,19
190,146
191,49
191,247
192,5
192,226
195,258
196,224
197,219
201,69
201,151
201,299
203,89
207,291
210,1
210,19
210,211
212,79
215,165
217,180
219,76
220,72
220,147
221,95
221,201
221,269
221,273
222,87
224,40
225,129
225,256
226,53
226,145
226,185
226,244
232,55
232,270
234,103
234,154
235,52
236,66
237,248
240,131
240,246
242,99
242,260
243,169
246,14
249,47
249,186
249,197
250,111
251,51
252,136
253,7
255,60
259,233
259,256
261,34
261,123
264,61
264,78
264,81
264,274
265,146
267,213
267,245
269,105
269,253
271,202
272,155
274,195
275,123
276,10
276,30
276,127
279,156
279,277
280,297
282,211
282,264
283,229
283,273
284,124
285,86
285,102
285,108
285,251
285,287
286,149
286,259
287,2
287,43
289,118
289,266
290,78
291,136
291,223
293,10
293,110
294,278
296,83
297,80
298,190
298,290
