source,target
1,32
2,49
3,19
3,48
6,42
6,73
7,33
7,54
7,58
8,77
9,85
10,76
11,30
11,68
12,7
12,24
12,69
12,94
13,43
13,46
14,51
18,21
18,90
19,62
22,16
22,27
22,59
23,9
26,40
28,97
29,44
30,12
31,64
32,66
32,96
34,53
35,75
38,28
40,16
40,93
41,55
41,57
43,88
44,35
45,31
46,26
46,35
46,39
46,50
46,86
47,20
47,87
48,4
48,63
49,83
50,0
51,68
52,42
52,64
53,78
55,72
56,54
61,17
61,70
61,98
64,74
65,36
65,82
66,37
67,71
67,73
69,1
72,22
76,43
76,79
76,92
77,6
78,14
80,18
80,52
82,27
82,60
83,5
83,15
83,45
84,57
87,7
89,61
89,91
92,9
92,25
92,81
93,11
95,19
95,67
96,80
97,20
98,13
99,92
