source,target
0,79
1,69
1,81
3,22
3,67
4,78
4,92
6,34
6,38
7,25
7,33
7,57
7,96
9,85
10,56
11,80
12,15
15,27
17,14
17,23
18,21
18,58
19,15
19,28
19,46
19,72
19,75
23,9
26,47
29,11
29,13
30,29
31,24
31,99
32,16
34,20
34,32
34,71
37,62
37,64
39,51
40,72
42,6
43,53
44,61
44,91
46,35
47,7
51,36
52,42
53,2
57,39
58,55
59,13
59,49
61,54
63,34
63,44
64,8
64,55
64,68
67,45
67,82
68,48
68,87
69,2
69,10
70,83
70,88
70,93
71,75
75,57
75,60
75,90
76,53
76,63
77,70
78,50
78,84
79,19
79,94
80,18
82,71
82,95
85,43
85,74
86,76
87,5
87,17
89,86
92,1
93,40
93,41
95,66
95,73
96,97
98,41
99,0
99,65
