source,target
1,58
1,65
1,81
2,0
2,63
4,77
6,14
7,33
7,96
8,64
10,47
13,46
14,17
15,36
15,42
16,55
17,67
18,13
18,25
19,72
19,75
20,85
20,97
21,98
22,88
23,90
24,95
26,80
27,15
27,28
30,40
30,98
31,7
34,74
35,52
41,39
42,64
43,3
44,61
45,29
45,71
46,86
47,26
47,55
48,34
48,46
48,63
49,12
49,70
51,6
53,76
54,56
57,19
57,54
60,59
60,82
61,60
62,4
62,50
63,43
65,15
65,68
66,11
66,37
68,87
69,54
70,83
70,85
70,93
71,2
71,21
71,24
71,32
71,53
73,95
75,5
75,84
78,25
80,66
83,22
83,33
83,38
83,45
84,4
84,20
85,9
87,34
87,41
87,51
87,94
89,35
90,1
91,18
91,35
92,0
92,99
93,11
98,61
98,79
