source,target
0,34
1,58
3,88
6,15
7,75
8,57
9,77
10,71
11,45
11,60
12,83
15,33
16,6
16,80
16,81
17,99
19,72
21,18
21,89
21,98
24,23
24,45
24,50
25,95
29,44
30,70
32,64
32,69
33,67
33,90
34,32
34,62
35,46
35,59
35,75
35,91
35,98
37,66
38,28
39,16
39,97
41,5
41,8
41,68
42,71
42,74
44,14
44,27
44,63
45,83
47,20
47,21
47,26
48,36
48,93
49,22
49,57
49,77
52,39
52,82
53,17
53,87
53,95
54,4
55,80
56,78
57,19
58,7
58,84
60,81
60,96
63,3
63,25
64,52
65,3
67,61
68,76
70,31
70,85
73,67
75,37
76,18
76,86
78,4
78,13
78,65
81,40
83,2
85,73
87,10
87,51
90,1
91,53
92,43
92,66
93,0
94,30
95,79
97,28
