source,target
0,34
1,92
2,80
5,96
6,8
6,51
8,62
9,3
9,68
10,65
11,31
14,33
14,81
15,83
16,26
17,30
17,46
17,54
19,22
19,94
20,97
20,99
23,17
24,90
27,57
29,21
29,59
29,86
31,19
31,49
32,18
35,66
35,98
37,78
38,28
41,11
41,13
41,39
41,63
43,39
43,85
46,35
47,15
48,87
55,16
55,75
56,52
56,67
57,69
58,18
59,3
61,44
61,47
61,50
62,27
62,53
64,74
64,75
65,73
66,72
67,12
67,24
67,33
67,38
67,82
69,41
70,93
71,7
71,82
72,22
72,29
72,97
74,34
74,42
74,70
75,5
76,10
77,6
78,76
79,0
79,60
81,40
83,2
83,30
84,20
87,61
87,73
88,38
89,63
90,23
90,36
91,48
92,53
93,77
95,2
95,25
96,4
96,32
97,45
