source,target
0,33
0,37
0,79
1,21
1,58
1,59
2,28
3,29
3,63
3,73
4,50
6,0
7,45
7,61
7,65
7,93
11,34
11,49
13,23
13,92
18,1
18,25
19,15
19,47
20,56
22,16
22,98
27,82
27,90
29,44
31,7
31,28
31,53
32,66
34,20
36,12
36,51
36,88
37,99
38,13
39,53
40,72
40,81
41,68
42,19
43,76
46,86
48,5
48,30
52,17
52,42
52,54
54,60
56,59
56,69
56,78
57,70
57,75
59,22
59,30
60,21
62,8
62,87
63,41
64,9
66,35
66,80
67,31
67,85
67,86
69,10
72,26
72,55
72,91
75,43
76,78
77,8
79,71
80,9
80,38
82,52
82,96
84,77
85,14
85,74
87,51
87,73
88,83
88,95
91,6
91,89
92,4
92,81
93,40
94,3
95,24
95,55
97,39
99,11
