source,target
1,11
1,32
1,59
2,28
2,46
3,35
3,68
3,88
4,33
4,46
6,71
6,73
7,58
7,78
10,74
11,0
12,15
12,54
15,34
15,38
15,96
16,80
19,39
19,79
20,40
20,47
20,57
22,19
22,98
23,17
24,30
24,95
27,62
29,56
30,18
31,52
32,69
34,63
34,72
34,87
38,65
38,97
41,1
41,5
41,13
41,66
42,24
43,85
44,94
45,30
47,10
48,42
50,38
51,6
51,14
51,36
52,64
53,3
53,4
53,43
55,8
56,59
57,70
59,37
59,60
62,22
64,55
64,61
64,67
65,82
67,49
68,51
69,12
71,10
71,21
71,77
74,26
75,19
75,41
75,90
76,86
77,16
78,53
80,55
81,92
83,2
83,99
84,20
86,75
87,48
89,25
89,61
90,23
91,43
92,4
93,7
94,13
95,9
95,31
