source,target
0,11
3,21
3,71
3,80
4,49
4,77
6,95
7,31
7,56
7,78
8,84
9,60
13,38
13,50
17,68
17,85
18,37
18,90
19,26
19,45
20,2
20,41
23,20
24,36
25,65
26,46
27,19
30,17
31,20
31,53
31,83
31,93
36,48
39,51
40,98
42,6
44,14
44,29
44,61
46,86
46,92
47,59
47,74
48,10
48,88
48,94
49,99
51,7
51,60
52,54
52,75
54,12
55,47
55,58
57,69
59,13
59,29
59,39
59,72
62,4
62,34
63,17
63,96
65,0
65,70
67,15
71,24
71,67
72,37
72,79
73,81
75,6
75,55
75,57
76,1
79,43
79,64
80,8
81,1
81,16
81,45
83,3
83,5
83,22
87,41
89,86
91,33
91,35
92,52
92,66
94,25
95,82
96,32
96,80
97,28
97,33
97,78
98,13
99,30
