source,target
0,55
1,21
3,72
4,35
4,49
5,19
6,15
7,58
9,80
11,60
11,92
12,0
14,78
17,23
18,13
18,41
22,1
22,79
23,6
24,84
24,95
25,83
26,19
26,40
29,11
30,18
31,87
34,51
37,65
38,30
39,17
39,54
39,59
40,33
40,81
41,43
41,67
43,32
43,36
43,63
43,92
44,35
45,20
45,84
45,97
47,57
48,53
48,88
48,91
51,14
51,39
51,68
52,99
53,34
53,64
56,45
60,9
60,54
60,85
61,50
62,4
62,8
68,37
70,7
70,93
71,42
71,75
72,2
72,97
75,1
75,4
75,68
75,86
76,82
77,71
80,0
80,3
80,16
80,40
80,50
80,66
82,20
83,31
83,36
83,73
85,74
87,10
87,46
89,6
90,47
93,48
93,57
94,25
96,69
97,27
97,28
97,96
98,79
99,12
