source,target
0,13
0,33
1,58
2,11
3,12
4,33
6,50
6,64
7,31
7,86
7,96
8,16
11,92
14,81
15,87
16,48
16,55
19,26
19,95
20,15
21,1
21,59
23,46
23,78
23,90
24,84
24,98
25,82
25,89
26,47
27,22
27,28
27,34
29,44
29,71
30,39
31,42
34,45
34,51
34,62
34,74
36,88
36,99
37,61
37,99
39,54
41,17
41,68
42,53
43,39
43,85
44,27
44,59
45,97
46,22
46,35
47,7
47,15
49,67
55,18
55,32
55,95
57,41
57,93
59,49
59,56
59,60
62,4
62,19
63,3
63,43
64,37
64,41
65,10
66,80
71,80
72,70
72,79
73,3
75,4
76,9
76,52
76,60
76,69
77,71
78,14
79,21
80,40
82,10
82,45
82,83
83,5
83,36
83,38
85,72
91,35
92,75
94,8
98,29
