source,target
0,12
0,60
1,32
2,86
2,95
4,35
4,49
6,73
7,2
7,58
7,87
10,31
11,1
11,57
12,67
13,37
13,38
14,51
14,81
15,45
16,1
16,77
18,90
19,68
19,93
20,63
20,84
21,65
21,96
22,59
22,98
23,17
23,78
24,30
25,92
25,94
26,97
27,62
27,70
30,39
30,40
31,3
32,34
33,0
35,89
36,12
36,24
36,43
36,90
38,6
38,28
40,98
41,3
41,85
42,64
43,79
44,23
44,29
45,29
46,55
47,59
50,37
51,48
51,56
52,80
52,92
53,43
53,76
53,91
54,52
55,26
55,74
57,8
57,41
60,72
61,51
64,55
68,75
70,49
71,64
71,83
71,93
76,96
78,53
81,31
81,40
81,73
82,27
83,22
84,4
87,5
87,10
89,46
92,66
94,79
95,9
95,88
96,69
99,21
