source,target
1,0
4,8
5,108
6,48
6,106
7,46
9,124
10,142
10,159
13,8
13,166
13,183
16,53
16,129
17,116
18,12
18,84
19,68
19,160
23,19
23,111
24,72
24,120
25,55
30,96
32,153
34,3
34,57
34,143
34,181
35,165
35,196
36,130
38,70
38,140
38,144
41,140
44,1
44,146
46,6
47,38
47,76
47,127
47,174
47,180
50,93
51,60
51,145
52,91
54,115
56,69
57,78
57,99
58,166
58,187
59,82
59,122
60,107
60,116
60,125
62,50
62,180
64,55
64,144
67,43
69,85
69,155
69,156
70,63
70,199
71,64
73,13
73,33
73,137
74,86
74,104
76,167
77,23
77,134
79,132
82,65
82,121
82,126
84,67
84,158
84,185
85,66
85,71
85,172
86,150
87,22
88,117
88,127
89,155
90,111
91,44
91,86
91,94
91,168
91,193
92,157
93,27
96,80
96,92
97,171
98,2
98,131
98,177
101,162
102,25
102,49
102,135
105,76
105,97
106,28
106,77
106,103
108,47
109,141
109,197
112,58
112,61
113,34
113,39
113,138
113,191
114,161
114,170
115,45
115,123
115,179
116,20
117,29
119,146
121,189
123,10
123,162
124,5
127,75
128,41
129,128
130,102
131,32
131,186
132,175
133,152
135,81
137,37
141,118
145,95
145,194
146,40
147,24
147,163
148,48
149,175
150,11
151,36
154,14
154,168
158,189
158,192
159,15
160,9
160,15
160,21
160,42
160,92
161,98
161,141
161,164
163,31
163,165
164,31
164,51
168,87
169,26
169,73
169,139
173,28
173,43
173,132
174,182
178,90
180,1
180,110
180,136
181,54
183,52
184,88
188,120
190,74
194,62
194,133
195,30
195,176
196,83
197,100
198,53
