source,target
0,165
1,38
1,84
1,102
3,13
4,96
4,116
6,33
6,179
8,22
8,77
12,44
16,25
16,189
17,85
18,84
20,107
20,141
21,58
22,182
23,133
25,74
25,184
27,163
27,169
29,32
29,55
29,115
31,4
32,78
32,193
35,69
38,47
38,50
39,137
40,5
43,14
43,47
43,108
46,33
47,73
47,174
49,53
50,54
51,68
51,145
52,91
54,26
54,27
55,64
55,166
56,37
56,45
58,72
59,85
59,175
60,53
60,114
60,164
61,112
63,123
65,1
65,37
65,162
66,168
67,135
67,156
67,185
76,23
79,11
79,136
80,131
81,129
82,65
82,69
82,81
82,83
86,118
89,14
90,9
91,44
91,46
93,39
94,121
94,147
96,2
96,62
98,177
99,57
99,123
99,138
99,159
100,148
104,110
105,60
106,167
109,129
110,105
111,171
113,173
115,48
115,142
116,29
117,87
118,9
118,12
118,101
119,22
119,87
120,16
122,70
122,199
123,13
123,173
125,41
125,92
126,82
126,97
126,196
127,143
127,144
128,28
128,61
128,80
130,52
130,72
130,112
130,152
130,190
133,183
136,132
138,104
140,99
140,144
141,64
142,0
142,34
145,59
145,71
146,21
147,176
149,75
149,180
150,39
150,95
150,120
151,8
151,19
151,36
151,181
153,74
154,7
154,57
154,168
154,180
157,88
157,161
158,188
159,15
160,5
160,42
160,198
161,119
164,51
165,102
165,171
170,150
174,10
174,124
176,41
176,76
177,197
178,106
178,186
178,187
179,175
180,136
180,191
181,160
181,163
181,179
182,172
184,35
184,148
184,155
185,199
186,71
186,139
188,70
188,130
192,96
194,8
195,24
195,30
195,93
195,103
195,134
197,127
198,94
