source,target
1,12
1,63
1,115
1,155
4,157
5,43
6,3
7,169
8,131
9,90
9,181
10,44
13,149
14,122
14,152
16,61
17,88
18,86
18,127
19,144
21,15
21,146
23,105
23,176
25,97
27,118
28,128
29,32
29,153
30,55
30,74
30,188
31,29
31,34
31,164
33,40
35,121
36,151
36,179
37,30
37,48
37,102
38,65
38,70
39,132
40,12
41,19
45,57
45,115
48,162
49,102
51,145
53,60
53,170
54,160
55,64
56,45
58,72
58,133
58,198
59,82
61,112
61,139
63,135
64,22
65,63
65,89
67,62
67,149
67,173
68,24
68,144
69,50
69,67
71,85
72,21
72,78
73,154
75,56
76,88
77,23
77,46
77,134
78,165
79,1
79,21
80,150
80,190
81,126
84,3
85,17
85,69
85,182
86,156
87,117
89,92
89,180
91,87
93,39
94,2
94,121
95,119
96,4
96,84
96,130
97,163
98,51
99,86
101,42
102,103
104,74
104,82
104,110
106,0
106,183
110,171
111,140
111,171
111,189
112,129
112,141
114,60
115,175
117,108
119,24
119,36
123,138
124,5
124,162
126,100
126,191
126,196
127,113
129,109
130,71
131,80
131,125
136,37
138,59
138,83
138,120
139,132
141,7
141,46
141,107
142,9
143,186
147,98
150,54
151,8
152,194
153,136
154,13
155,47
155,104
155,137
155,143
158,66
160,11
160,26
160,31
160,42
160,66
160,94
160,118
161,98
161,176
162,159
163,20
163,27
166,58
168,10
168,142
169,111
170,96
170,116
171,167
172,17
173,28
173,75
173,113
174,182
177,81
178,52
178,187
181,95
182,148
183,20
184,16
185,70
191,14
192,26
193,62
194,79
194,187
195,193
197,165
199,87
199,122
