source,target
0,106
1,35
1,115
3,6
3,65
5,160
5,196
9,34
9,142
10,47
12,84
15,181
16,197
17,49
18,61
18,127
19,29
20,116
21,146
22,72
25,97
26,93
26,192
27,175
29,55
29,79
30,23
30,55
30,120
30,194
32,153
33,73
33,121
33,125
35,104
36,158
37,137
39,63
40,5
40,159
41,92
42,0
42,21
42,145
43,154
45,136
46,117
47,62
47,110
50,3
51,20
53,8
54,26
54,34
57,99
58,64
59,122
60,51
60,91
60,107
61,186
63,38
63,137
65,89
65,124
66,17
67,165
69,50
70,199
71,58
72,174
75,14
76,176
78,131
80,128
80,143
81,167
81,177
81,191
82,83
82,104
84,135
86,156
87,78
90,71
90,82
90,173
92,4
92,62
94,114
94,198
95,87
95,170
96,90
96,133
96,192
96,193
97,112
101,162
102,18
103,17
103,25
103,134
103,197
104,88
106,108
110,57
110,180
111,169
115,13
115,48
116,100
116,182
117,22
118,31
118,60
118,101
120,80
120,188
121,2
124,33
125,19
127,138
127,163
128,28
129,81
129,171
131,190
134,8
134,41
134,130
134,195
136,138
136,185
139,188
141,7
141,30
141,77
141,109
141,119
143,189
144,68
144,140
146,40
147,184
148,76
150,11
150,95
150,187
151,183
154,15
154,168
155,102
155,144
156,113
157,161
157,164
158,96
158,189
160,27
160,152
161,61
162,56
163,31
163,52
163,181
165,0
166,59
169,107
172,85
173,75
173,86
173,174
174,123
175,118
175,132
176,157
177,32
177,98
178,187
179,36
180,82
180,149
182,85
182,141
183,58
184,25
184,105
185,44
186,74
187,24
190,148
191,70
196,126
196,135
196,166
197,63
198,164
199,179
