source,target
0,106
1,27
1,35
3,0
4,157
5,40
5,124
6,32
10,187
13,163
15,66
16,80
16,143
17,195
18,61
18,135
20,11
20,107
21,79
22,132
23,147
24,119
24,130
25,102
26,54
26,188
27,10
27,31
27,52
27,79
28,144
29,153
31,56
31,142
32,177
33,121
33,133
33,158
34,44
34,73
34,179
36,94
37,12
37,160
37,167
38,47
38,63
39,93
41,145
43,108
44,84
45,129
47,136
49,102
50,194
53,20
53,169
53,198
57,159
57,160
58,194
62,156
64,176
65,63
67,43
67,173
68,55
68,92
69,1
70,180
73,155
76,74
77,30
77,60
78,34
79,146
80,150
82,38
82,192
83,138
85,17
85,182
86,99
87,91
88,189
89,14
89,39
90,75
91,6
91,15
94,134
96,62
97,18
97,171
98,41
98,107
102,100
108,46
108,75
109,110
110,2
111,161
112,76
112,111
113,149
114,42
114,170
115,13
115,45
116,29
116,170
117,151
118,8
118,33
118,57
118,77
118,101
118,181
119,55
119,95
121,2
123,13
123,86
123,174
124,65
126,81
127,185
128,96
130,52
132,199
134,4
135,172
136,175
136,178
137,57
137,73
137,106
138,59
138,127
139,16
140,165
142,5
142,9
145,152
147,103
147,116
148,48
148,51
148,141
148,190
148,193
150,19
150,39
151,125
151,131
151,181
151,183
152,186
153,184
153,195
154,108
157,88
157,98
158,36
160,168
162,99
163,185
163,197
164,198
165,64
166,59
171,81
173,113
174,72
174,78
175,104
175,118
175,196
176,105
176,148
176,177
180,44
181,19
183,58
183,122
184,76
184,140
186,18
186,67
189,71
190,120
191,28
191,62
191,113
192,26
193,7
193,69
195,49
199,171
