source,target
0,106
1,169
1,185
2,166
3,115
5,62
5,173
6,28
7,193
8,68
8,77
8,164
9,137
11,64
12,127
13,126
13,154
13,183
14,35
14,57
14,82
14,171
15,194
16,25
16,128
17,172
18,97
19,114
22,182
25,29
26,188
27,54
29,32
30,38
30,59
30,120
31,159
31,160
33,174
34,6
34,9
38,155
39,99
39,187
40,12
42,146
43,47
44,138
45,56
46,91
51,98
51,164
52,46
53,145
53,168
54,79
54,150
54,157
55,61
56,123
57,181
58,36
58,198
60,4
62,50
62,111
62,136
63,38
64,30
65,48
68,19
70,122
70,124
70,156
70,191
72,130
74,77
80,147
81,55
81,177
83,149
85,73
87,84
87,119
88,188
88,189
91,117
91,162
92,125
93,26
94,190
95,170
96,31
96,84
96,130
96,133
97,78
101,42
101,72
102,24
102,37
102,49
102,76
102,144
104,71
105,29
105,110
105,177
106,139
107,60
107,101
108,75
108,142
112,22
114,105
114,161
115,50
117,87
118,79
121,94
123,7
123,65
123,90
124,65
124,196
125,131
126,184
127,88
127,197
129,112
129,195
131,80
134,36
134,161
136,138
136,153
136,199
137,14
138,113
139,186
140,69
140,155
141,107
142,13
142,66
143,30
143,102
143,103
145,152
147,63
148,16
149,47
149,175
149,180
150,55
150,86
153,195
154,0
154,67
155,73
158,33
158,66
158,172
158,192
160,5
160,21
163,17
164,168
167,81
170,96
171,18
171,129
173,132
175,104
176,23
176,41
177,165
178,166
179,33
180,89
181,151
182,8
182,20
182,116
185,45
185,71
186,143
187,1
187,24
187,178
189,120
190,41
190,134
191,135
193,10
193,148
194,145
197,100
197,109
