source,target
1,79
4,58
5,6
6,174
10,27
11,150
13,183
15,194
18,127
18,128
18,186
18,197
20,51
21,146
23,106
25,55
26,93
27,1
27,31
29,160
30,80
33,40
33,158
35,121
35,184
36,119
37,12
38,35
41,22
41,130
42,0
42,101
42,145
42,146
44,11
48,141
50,136
51,68
53,8
53,60
56,69
57,12
58,178
59,73
59,145
60,96
61,16
63,113
65,123
66,15
66,152
67,142
69,38
70,10
71,92
71,185
74,86
74,186
74,189
75,171
76,23
76,47
76,100
76,195
79,54
79,181
80,155
83,191
85,70
87,68
87,78
88,147
88,157
89,196
91,52
93,195
94,190
96,4
96,72
96,119
96,133
97,18
97,34
97,81
98,41
98,42
98,64
99,123
99,151
100,105
101,87
101,162
101,182
102,25
102,49
102,135
102,153
103,144
104,84
104,99
106,98
106,112
106,139
107,169
109,129
110,109
111,47
113,62
113,124
113,137
113,138
113,191
113,193
114,53
115,45
115,82
116,25
117,88
117,91
117,165
118,29
118,57
119,170
120,138
122,3
124,33
125,95
131,130
132,104
134,61
135,39
137,9
137,149
141,7
141,46
141,61
141,107
142,66
143,127
144,28
144,117
144,136
144,140
147,95
147,100
148,120
149,90
150,65
151,125
153,161
155,148
156,0
158,172
158,188
158,192
159,94
160,3
160,56
160,169
161,2
161,77
161,164
162,118
163,97
164,168
165,196
165,199
166,13
168,114
171,32
171,57
171,108
171,167
172,17
172,135
174,173
175,14
176,177
179,137
180,43
180,115
180,149
180,154
180,173
180,175
181,15
181,19
183,20
184,102
185,48
186,152
187,39
190,41
195,24
195,129
197,63
197,177
198,166
199,126
