source,target
0,38
2,109
2,110
3,6
3,122
5,43
7,123
8,32
10,70
12,84
12,193
14,13
15,114
16,25
17,25
17,142
17,172
18,1
19,144
20,107
20,183
22,68
22,87
22,132
24,71
24,147
26,160
27,65
27,169
29,105
29,116
30,55
30,176
31,73
35,69
36,92
39,75
40,146
41,125
44,194
45,56
45,129
46,162
47,115
47,127
48,37
48,137
50,38
51,20
51,164
52,46
53,152
53,168
57,118
57,154
58,21
58,49
58,95
58,106
58,151
59,166
59,175
61,58
62,47
62,50
63,113
65,124
65,162
67,76
67,149
67,185
70,156
70,185
71,54
71,92
72,140
72,161
74,17
74,30
75,3
75,14
79,11
79,136
79,194
80,53
81,165
82,199
84,119
84,137
84,179
85,66
85,127
86,175
88,30
88,83
88,157
88,188
88,189
89,12
89,144
92,133
93,50
94,159
94,160
94,198
97,34
97,126
98,4
99,138
100,163
102,155
103,195
103,197
106,108
106,167
107,60
107,80
107,119
108,57
110,104
112,129
113,10
114,31
114,33
114,68
114,91
115,9
116,182
118,9
118,45
118,86
120,186
121,2
122,42
122,59
123,56
123,173
124,99
130,78
130,131
131,24
131,186
134,130
136,39
136,163
136,178
137,135
138,120
139,95
141,48
141,101
142,154
143,41
145,51
145,71
147,111
149,90
150,19
151,125
152,79
153,148
154,43
154,180
155,153
155,165
156,62
158,172
161,98
161,157
164,96
165,35
165,64
166,196
170,60
171,97
174,6
175,31
175,34
177,77
177,117
177,176
180,1
181,179
184,111
185,146
186,116
189,128
190,74
190,148
191,149
192,158
194,8
194,28
194,159
194,187
195,23
197,61
198,110
199,174
