source,target
4,107
4,129
5,71
7,14
9,167
9,179
10,103
13,73
13,143
13,185
14,108
15,37
16,187
19,4
20,65
23,66
23,154
24,19
24,157
24,180
25,24
25,85
25,120
25,122
28,35
28,88
30,186
32,191
33,39
33,117
33,123
33,177
34,140
36,50
36,52
36,98
37,5
37,109
38,40
38,46
38,137
41,106
42,78
43,168
44,64
45,169
48,175
48,199
50,65
52,22
53,21
53,57
53,121
53,133
53,195
53,198
54,165
57,6
57,76
60,42
60,59
60,131
62,28
62,57
62,183
64,161
64,174
65,192
70,166
72,29
73,138
75,36
77,17
77,67
77,112
79,23
80,8
81,63
83,26
84,82
84,98
87,12
87,126
87,173
88,189
91,83
93,3
93,96
94,121
96,62
97,52
98,61
99,149
100,39
101,130
103,135
104,116
105,36
105,54
106,31
106,47
106,93
107,83
107,166
110,32
111,16
112,92
112,124
113,139
115,95
115,128
116,155
116,163
116,186
117,146
119,45
123,44
125,48
125,162
126,86
127,147
129,77
130,146
131,13
131,51
131,142
132,117
133,29
134,58
135,50
137,32
137,33
137,160
138,184
139,181
140,8
140,10
140,17
141,11
141,194
142,109
143,104
144,105
145,69
145,113
145,176
145,197
146,89
147,66
148,90
149,193
150,180
151,43
152,2
153,72
156,30
158,171
159,114
159,142
161,43
161,190
163,55
163,160
164,56
164,75
165,134
165,139
166,147
168,27
170,95
170,182
172,49
172,70
173,74
173,164
174,14
174,152
176,178
177,18
177,118
179,159
180,1
182,0
182,81
182,125
182,158
186,68
187,122
189,87
190,170
193,45
193,100
194,133
194,188
196,90
196,136
196,156
199,102
199,144
