source,target
0,163
1,175
2,152
3,17
5,186
10,96
10,129
11,141
11,172
12,170
15,2
16,185
18,66
19,197
20,36
21,81
22,190
23,120
25,80
25,160
26,74
26,193
27,63
27,187
28,50
29,86
35,133
36,52
37,33
38,140
39,33
45,7
47,4
48,183
51,181
53,65
54,146
55,54
55,177
57,41
57,49
57,52
58,19
58,134
60,0
61,101
63,114
65,154
66,20
68,155
69,145
69,178
70,7
70,36
70,153
70,190
71,137
72,15
73,99
73,144
75,194
76,97
76,106
77,179
78,113
81,67
81,147
83,14
83,173
84,105
84,156
85,165
86,126
87,198
88,73
88,189
89,82
89,199
92,151
93,108
95,85
95,103
95,171
99,175
99,182
101,40
102,93
103,135
104,168
105,56
106,87
106,147
107,76
108,38
110,24
110,78
111,84
111,98
112,28
112,46
112,91
112,118
115,60
117,10
119,64
119,111
119,164
121,138
121,166
122,56
123,8
123,9
123,68
124,159
125,45
125,136
128,23
128,90
129,54
129,77
130,124
131,37
131,180
133,51
133,59
134,18
134,191
135,195
137,32
139,120
140,34
140,95
140,158
141,109
141,142
143,196
144,50
148,13
148,27
148,127
149,103
152,44
152,157
153,72
153,79
154,23
154,104
154,107
156,35
157,115
157,116
158,31
158,159
161,104
162,26
162,83
163,32
163,69
165,47
165,150
166,70
166,165
167,158
168,43
169,19
170,43
171,192
172,121
173,29
174,75
177,80
178,148
178,155
180,11
180,24
181,101
181,125
181,151
182,6
182,16
182,94
182,149
184,143
186,8
186,30
186,132
187,117
188,48
190,17
192,42
193,16
193,100
194,62
194,89
194,184
198,58
198,176
199,48
199,53
