source,target
0,127
0,180
2,151
4,17
4,107
6,149
10,111
10,135
11,141
12,145
12,170
13,154
14,74
15,193
16,182
18,71
20,93
22,29
24,123
25,37
28,41
30,23
30,44
31,147
32,110
32,148
33,9
33,137
34,171
35,180
36,52
37,39
37,66
38,114
38,134
39,46
41,106
41,159
41,176
43,96
45,7
45,67
45,169
47,121
50,14
50,89
51,111
52,175
55,54
55,160
56,60
58,103
60,59
60,130
60,146
63,81
64,119
65,58
66,68
66,72
67,19
68,49
68,116
68,155
73,26
73,99
73,172
74,164
75,30
75,183
76,173
77,65
77,191
78,113
80,39
81,166
82,36
84,82
84,105
84,156
85,24
85,128
85,157
87,62
92,16
93,28
93,113
94,161
96,11
97,87
97,91
98,84
99,149
100,23
100,171
101,40
101,166
102,43
103,10
103,189
104,181
105,54
107,83
108,38
112,18
112,92
116,158
116,163
120,67
120,85
122,64
122,140
123,112
124,118
125,162
127,76
127,134
128,150
129,4
130,42
131,115
133,29
133,194
135,126
135,195
136,32
136,95
136,197
137,38
137,142
139,47
139,109
139,120
139,142
140,17
140,167
141,109
143,196
144,50
145,178
147,63
151,61
151,139
151,140
151,187
152,51
153,69
155,27
158,2
158,3
158,79
158,132
161,47
162,56
162,199
163,197
164,75
164,102
165,90
165,131
168,21
168,126
170,121
171,118
172,70
175,5
175,88
175,168
176,13
176,25
176,87
176,90
176,104
177,18
179,78
182,6
182,101
182,198
183,138
184,31
185,56
186,1
186,8
186,104
187,117
189,53
189,86
190,88
192,13
193,100
194,89
194,153
195,57
195,125
196,165
199,48
199,144
199,174
199,188
