source,target
1,172
3,96
4,39
6,179
8,111
9,118
9,134
9,190
10,11
10,102
10,135
11,176
14,121
14,153
18,129
18,157
18,171
19,3
19,80
21,99
23,180
25,1
26,36
26,125
28,47
28,89
29,133
31,46
31,124
32,105
32,110
33,38
33,137
37,112
40,165
41,12
41,57
41,175
42,138
42,154
45,189
46,33
46,114
46,142
46,191
47,73
47,183
51,35
51,196
53,104
54,6
57,126
59,121
61,15
61,81
61,160
64,68
64,177
65,20
65,24
66,30
68,49
68,119
68,187
72,153
74,26
75,28
78,103
83,52
85,77
85,156
86,91
86,199
89,20
89,199
90,9
93,43
93,146
94,158
95,44
96,164
97,182
100,17
100,23
101,128
102,53
103,51
103,58
103,193
104,67
104,136
104,160
104,162
105,14
105,55
106,41
106,62
106,87
106,189
107,21
108,174
109,139
112,16
112,92
113,134
115,93
116,0
117,10
118,44
118,56
118,71
118,77
118,112
120,2
120,8
120,19
121,21
122,159
126,50
126,83
127,76
127,147
128,170
132,186
133,59
135,195
138,40
139,185
141,89
141,194
142,131
142,159
142,198
143,192
145,34
145,78
146,54
146,66
147,66
148,32
148,69
149,57
149,107
151,92
151,139
152,123
153,7
155,27
155,79
155,129
157,82
158,2
161,29
161,36
162,56
163,197
164,75
165,13
165,115
166,70
166,150
166,183
167,140
167,163
168,43
169,45
170,73
171,33
172,47
173,50
174,63
174,64
177,4
178,98
178,155
179,85
179,152
180,35
180,130
181,143
182,161
183,144
186,5
186,116
186,154
187,117
188,11
188,59
189,48
189,88
190,22
191,177
194,84
194,184
194,188
196,90
196,143
197,145
199,60
