source,target
0,127
0,143
1,21
4,168
5,73
8,158
8,174
9,134
10,47
10,129
14,7
14,103
14,105
14,121
14,135
17,3
17,124
18,185
19,24
19,38
19,145
22,172
23,120
24,110
25,160
28,41
29,72
29,133
30,23
30,75
35,51
38,44
38,108
38,134
38,137
38,140
39,19
41,51
42,71
42,154
43,156
43,181
44,71
45,198
47,183
48,90
50,144
52,22
52,36
53,102
55,53
57,41
62,52
64,171
67,44
67,123
68,79
68,187
74,170
77,8
77,191
81,61
81,147
82,89
83,91
83,198
84,7
85,1
85,113
85,128
86,126
87,97
89,47
90,180
92,4
93,20
93,28
93,98
93,146
94,121
95,68
95,136
96,10
96,34
96,156
98,111
98,138
100,77
104,116
105,56
105,108
106,31
106,86
106,172
106,199
107,25
107,63
107,155
108,55
108,91
113,132
115,85
115,117
115,159
116,68
116,157
118,112
119,64
120,165
121,12
121,184
124,58
125,26
126,49
126,74
129,4
129,54
129,61
129,100
129,155
130,186
131,37
132,27
132,123
133,195
136,78
137,33
137,46
138,178
139,32
139,65
139,92
139,142
139,151
141,109
143,104
143,192
144,83
147,66
148,139
149,75
150,159
155,18
155,180
155,186
157,109
157,115
158,2
159,40
161,36
162,53
162,76
163,55
164,102
165,54
165,131
166,6
166,60
166,70
166,161
167,122
167,197
169,45
170,1
170,182
171,101
173,26
173,59
173,153
174,14
174,80
175,5
175,50
175,88
176,117
177,114
177,118
177,191
178,131
179,187
180,69
181,152
182,16
182,171
188,11
188,189
190,162
191,124
192,13
193,15
193,18
193,99
194,28
194,153
194,188
195,135
196,128
197,0
198,87
