source,target
0,180
0,186
6,107
7,45
7,133
8,120
10,111
11,141
11,198
12,121
13,176
14,161
14,172
15,61
16,47
18,171
19,64
19,145
23,18
23,65
28,43
28,183
31,72
31,184
33,117
33,177
34,156
34,171
36,62
36,82
37,66
40,18
41,73
41,125
41,169
42,60
42,170
46,44
49,57
50,10
50,89
52,97
53,7
53,70
53,175
54,87
55,160
55,163
56,118
56,159
63,74
63,174
64,0
65,50
65,132
66,2
66,30
66,61
67,38
67,165
68,27
70,35
70,194
71,5
71,137
74,22
75,36
77,17
77,179
78,42
80,8
81,116
81,166
83,173
84,105
85,156
86,188
86,199
88,189
88,190
89,14
89,82
90,9
90,48
93,20
93,134
95,170
97,83
97,91
98,84
98,138
99,136
99,149
100,39
100,77
102,10
102,21
103,29
103,115
103,135
104,47
105,54
105,148
106,183
107,121
107,147
108,33
110,122
111,76
112,28
119,164
122,68
122,178
123,24
123,112
124,191
125,26
125,199
126,152
127,1
127,88
128,23
128,90
129,46
130,101
133,43
134,67
134,139
134,191
135,74
137,100
137,109
138,195
139,69
139,151
140,25
140,158
141,32
143,192
147,81
148,13
149,6
151,92
152,2
155,79
156,96
158,3
158,114
158,130
158,146
160,150
162,26
162,144
163,12
164,193
165,120
166,93
167,38
167,142
171,118
172,11
172,49
173,175
174,80
175,94
176,90
176,104
176,153
176,182
177,4
177,19
180,35
180,131
180,155
181,51
181,154
181,185
184,60
184,143
185,113
185,139
185,157
186,30
186,114
186,124
187,179
188,59
189,103
189,188
191,44
191,68
191,77
192,56
193,16
196,63
196,168
197,140
198,58
198,99
