source,target
0,143
2,120
2,186
7,84
8,33
10,4
10,43
10,96
10,129
11,41
11,65
12,145
13,81
13,192
14,174
15,10
15,61
16,193
17,3
18,155
18,191
21,26
22,20
23,100
23,119
24,110
25,80
25,140
29,22
32,148
34,111
36,29
36,173
37,80
39,19
40,63
41,28
41,169
42,101
42,154
43,156
44,30
44,55
44,134
45,94
46,117
46,134
47,17
47,133
48,90
53,199
56,164
56,178
57,49
57,50
57,52
57,183
59,5
59,57
59,188
62,75
62,87
62,126
65,132
65,139
66,2
66,146
67,118
68,27
69,78
70,35
70,166
71,42
72,2
72,15
74,173
75,149
76,152
77,101
78,113
82,157
84,14
84,98
84,195
85,8
85,67
85,115
88,127
89,141
91,97
94,189
95,0
95,170
95,171
99,73
100,39
100,137
102,35
103,115
104,113
104,161
104,181
105,83
106,175
107,172
108,33
110,194
112,91
112,102
113,145
114,68
116,163
117,25
117,176
118,23
122,64
122,174
126,48
126,105
127,1
128,130
131,60
132,1
132,85
133,51
133,82
134,58
135,103
136,128
136,196
137,46
138,165
140,31
140,34
140,95
141,32
141,151
142,167
146,79
147,63
147,182
148,105
150,180
152,179
153,72
154,107
155,180
157,24
157,109
159,40
160,38
161,36
161,73
161,94
161,153
161,190
162,86
162,149
163,55
163,160
164,48
165,13
166,147
167,38
168,21
170,43
170,164
172,6
172,11
172,21
175,53
177,114
177,123
177,124
178,93
178,138
182,121
182,158
182,184
183,62
185,136
186,92
187,16
187,179
190,125
191,9
191,71
191,114
191,131
193,18
193,54
194,198
195,135
196,160
197,159
198,41
198,182
199,144
199,188
