source,target
0,34
3,76
5,84
7,100
7,188
7,199
9,134
10,183
11,54
11,175
12,20
13,126
14,163
14,168
15,193
16,175
16,176
17,41
17,184
18,128
21,11
21,135
22,57
22,85
22,89
22,177
23,121
24,118
26,36
26,46
26,160
28,170
29,102
29,115
29,150
30,120
31,73
32,47
36,64
36,133
37,167
38,174
39,35
39,151
40,47
40,91
41,182
43,135
43,164
46,97
46,112
48,79
49,48
53,110
54,105
54,159
55,45
57,77
59,70
60,32
62,8
62,95
62,119
63,49
63,184
64,48
64,99
65,109
66,56
66,180
68,50
68,90
70,44
70,187
72,129
73,69
73,143
75,124
76,78
77,93
78,87
78,117
81,18
81,153
82,44
86,21
86,181
87,83
88,43
90,92
92,149
96,20
96,53
97,5
99,10
99,126
99,146
102,55
103,145
106,98
108,80
110,1
110,34
111,71
111,119
111,152
116,161
117,165
119,27
120,57
120,125
121,74
122,61
122,94
123,52
124,14
126,42
127,26
129,111
129,118
130,178
132,66
132,67
132,123
133,74
134,29
134,142
134,155
136,4
136,67
137,75
137,148
139,103
140,98
141,38
141,107
143,13
144,37
145,12
146,171
147,127
148,113
149,2
149,51
149,150
149,197
150,6
150,40
150,179
150,190
151,141
154,131
154,192
156,17
157,168
158,18
159,101
159,132
161,72
164,108
165,196
166,16
166,25
167,94
167,147
168,158
170,33
170,198
172,140
172,163
172,186
173,25
173,138
174,108
174,169
177,1
177,28
178,104
178,158
178,162
180,30
180,114
183,3
184,58
185,9
186,7
186,192
187,111
187,166
188,117
191,107
192,19
192,189
193,23
194,58
195,97
197,122
198,68
198,109
