source,target
0,24
0,158
1,9
1,185
2,149
6,41
6,45
6,171
7,188
10,5
10,172
12,29
12,61
12,73
12,76
12,193
14,23
15,11
16,96
16,129
16,176
20,52
20,123
20,135
21,43
22,18
22,106
24,63
25,166
26,50
27,15
27,114
33,47
34,157
34,170
35,39
35,174
37,1
37,74
37,170
37,175
40,20
40,80
48,7
48,64
48,81
48,91
49,46
49,58
50,121
50,183
51,23
51,86
51,151
55,161
58,101
59,143
61,82
62,8
66,82
67,144
68,90
69,127
70,155
70,160
71,85
71,125
72,94
75,137
75,195
76,31
76,133
77,40
78,3
78,49
79,28
79,189
80,126
83,190
84,65
86,60
89,35
90,92
90,160
93,77
94,27
94,167
95,61
95,103
95,112
95,177
97,100
99,7
99,104
101,87
104,36
104,142
106,57
107,134
108,146
108,174
110,53
110,81
111,195
113,108
114,67
115,152
115,178
116,46
117,71
117,78
117,104
117,109
118,13
119,115
119,141
119,196
120,157
121,199
122,66
124,159
127,84
127,192
128,180
129,72
130,169
132,153
133,186
135,75
137,21
138,34
139,19
139,145
140,132
140,173
143,33
143,105
143,145
144,0
145,131
147,32
148,36
149,41
150,179
152,139
153,100
155,1
158,99
158,191
159,13
159,54
159,57
159,107
159,132
159,194
160,47
160,62
161,110
162,154
164,29
164,30
165,26
166,73
166,88
166,163
167,38
167,102
167,183
168,59
171,84
172,113
175,21
175,98
175,117
175,154
179,92
180,142
181,17
182,42
182,156
184,55
184,56
186,51
186,71
187,2
187,4
187,136
189,169
189,182
190,69
192,17
192,108
192,167
194,191
196,44
197,42
197,86
197,147
198,196
