source,target
0,176
1,88
1,155
4,3
4,109
5,23
6,171
8,85
10,183
11,7
11,93
14,139
14,168
15,191
16,1
16,92
17,24
18,131
19,189
19,192
22,24
22,99
24,71
25,110
27,114
28,186
29,78
30,80
30,120
31,92
34,39
34,43
35,2
36,90
36,111
37,162
38,40
38,93
38,121
38,188
40,81
41,9
42,86
42,182
45,41
46,8
47,32
48,79
49,178
49,194
50,10
50,140
51,16
51,151
52,70
54,105
55,161
62,180
64,87
64,158
64,162
65,100
65,151
66,95
66,122
66,135
68,50
68,53
68,67
68,74
70,187
72,69
72,129
73,78
75,37
77,27
77,136
78,119
78,141
79,89
82,72
84,127
85,22
86,108
86,131
87,83
87,147
89,82
91,60
91,108
93,41
93,174
94,38
95,103
95,150
97,138
98,76
98,106
99,48
101,11
104,144
104,187
105,125
105,143
106,149
107,172
109,134
109,177
110,133
111,29
115,33
115,138
115,163
118,13
118,28
120,57
120,157
122,94
122,130
125,137
126,35
127,0
127,51
129,61
131,116
133,15
133,142
133,167
135,59
135,193
137,21
137,159
144,46
144,194
145,146
147,12
147,56
147,102
147,107
147,120
148,113
148,115
148,117
150,6
152,100
152,173
154,117
154,175
156,34
157,112
159,124
160,90
161,58
163,137
163,166
163,185
164,29
164,30
165,141
166,128
166,198
167,107
168,84
169,62
174,32
176,96
177,95
178,170
179,145
180,4
181,64
182,20
182,27
182,30
182,104
183,135
184,49
184,123
184,132
184,192
186,161
186,174
187,2
188,196
190,42
192,5
192,63
192,199
193,26
194,1
194,153
195,75
195,179
196,36
196,44
197,47
198,25
198,39
198,149
