source,target
0,25
1,66
1,82
1,124
1,185
4,109
6,41
6,149
7,50
8,22
9,156
11,97
12,86
13,143
15,126
17,50
18,49
19,114
20,35
20,123
22,18
22,57
22,85
24,18
24,99
24,186
25,177
26,188
27,122
27,182
28,56
29,110
31,104
32,64
33,175
33,188
33,193
34,39
37,48
39,53
42,127
42,192
43,164
43,165
43,197
44,82
45,172
45,186
48,158
50,140
54,0
54,23
55,58
55,102
55,125
56,66
56,144
57,106
57,173
58,198
61,89
61,120
62,16
63,32
63,184
64,65
68,53
68,94
68,113
69,14
69,47
70,44
71,2
71,78
72,62
72,87
74,121
76,174
77,93
77,136
78,7
80,88
83,190
84,10
84,139
86,108
86,143
86,151
87,101
87,162
88,128
90,160
91,99
92,8
92,179
93,158
94,103
94,145
96,162
96,194
98,174
102,26
102,78
104,133
105,54
106,189
107,36
107,81
107,134
108,100
108,181
108,192
109,65
109,98
109,129
109,170
110,142
110,183
111,118
112,157
115,119
115,153
116,79
117,115
120,75
121,38
121,113
123,38
123,52
128,31
131,59
131,84
131,97
131,116
132,187
133,15
135,146
136,67
137,21
138,176
139,19
139,33
139,46
141,126
141,151
143,61
144,72
144,155
145,130
145,131
147,12
147,57
147,107
148,115
149,42
150,40
150,190
152,173
154,51
154,117
156,40
158,73
159,81
161,111
162,90
163,5
163,14
163,152
164,30
165,141
166,96
167,93
167,147
168,140
169,195
170,68
170,157
171,153
173,135
175,21
175,154
176,183
177,169
177,176
178,161
179,95
180,4
181,27
181,60
182,180
183,3
187,70
191,63
194,193
195,77
195,111
195,150
196,116
199,7
