source,target
0,142
0,191
3,183
5,23
5,152
6,69
6,179
7,101
7,186
9,156
11,15
11,54
13,60
16,43
16,98
17,82
18,122
18,126
18,158
19,160
19,190
20,86
20,96
24,10
24,22
25,70
26,51
26,71
26,140
26,188
26,193
27,182
28,56
31,176
31,199
33,31
33,47
34,170
35,126
37,16
37,87
39,128
40,20
42,179
42,190
43,14
43,34
43,197
44,47
46,49
46,72
48,57
49,64
49,111
49,137
50,93
50,154
50,173
51,14
55,45
56,104
56,132
58,49
58,53
58,55
58,196
60,86
61,80
62,33
63,24
63,118
64,162
65,93
66,4
66,29
66,40
66,95
66,124
67,95
71,2
75,135
75,164
75,189
79,28
79,48
79,89
80,197
81,161
82,119
83,169
84,171
84,172
86,147
87,120
87,141
88,194
90,68
92,90
96,10
96,196
97,84
97,175
98,106
99,117
101,74
101,78
101,187
102,26
102,174
105,125
107,15
107,38
107,119
107,159
110,1
110,81
112,157
113,71
114,85
115,36
115,87
117,32
123,52
123,110
127,0
127,199
128,89
130,45
131,59
131,116
132,66
136,77
138,131
139,97
143,62
143,105
145,131
146,48
146,90
148,149
148,163
150,191
151,139
152,121
154,8
154,123
155,106
155,134
155,166
156,166
157,168
158,0
158,133
159,3
163,88
163,129
163,152
163,185
165,141
167,46
167,94
167,192
168,84
169,174
170,109
170,153
170,198
174,32
174,108
175,21
175,79
176,115
176,138
176,144
176,180
177,73
178,143
181,108
182,30
182,114
182,180
183,75
184,138
185,100
187,61
187,70
187,136
189,37
191,12
191,91
194,11
194,76
196,110
196,195
197,41
198,58
199,19
199,103
199,177
