source,target
2,149
4,136
6,14
6,35
6,171
7,69
8,85
11,93
12,76
12,184
13,91
13,118
14,148
14,168
16,98
16,185
17,154
18,24
18,78
19,190
20,52
20,196
23,54
25,36
25,175
25,190
26,43
27,181
32,127
32,158
33,193
34,173
36,57
36,90
36,148
36,188
37,58
37,144
38,101
40,104
40,150
40,182
42,20
42,149
43,34
43,143
43,189
44,47
46,72
46,112
46,116
46,121
49,178
49,184
50,41
50,49
50,154
51,6
51,11
51,139
54,105
54,159
56,124
60,13
61,21
61,82
62,33
62,180
64,87
64,111
65,7
65,97
65,151
66,94
66,144
67,132
68,51
68,67
70,155
71,96
73,163
74,128
74,164
76,3
78,73
78,142
79,116
80,30
80,42
80,86
81,48
81,118
84,131
84,172
85,22
86,147
88,75
88,80
89,79
91,108
91,122
91,197
92,8
94,10
96,16
96,176
97,123
99,146
100,152
100,167
103,31
104,9
104,117
104,187
105,125
106,25
109,141
110,1
110,53
111,161
114,15
114,19
115,56
115,73
118,28
119,48
119,153
120,157
121,74
121,187
122,40
122,94
122,113
122,130
123,199
126,102
126,191
127,0
127,192
128,129
128,156
129,82
129,183
131,26
133,0
134,29
135,59
135,134
137,76
139,47
141,55
141,133
142,110
142,176
142,179
146,71
146,145
150,22
150,195
151,39
155,18
155,31
157,185
159,81
160,27
162,87
162,107
162,126
167,77
167,119
168,12
168,46
169,83
169,143
170,178
173,50
173,138
174,32
174,63
174,191
177,115
180,4
180,95
181,162
181,186
183,95
183,174
186,45
191,29
192,5
192,70
194,38
194,186
196,140
196,165
196,177
198,109
198,166
199,38
