source,target
0,127
0,144
1,66
6,45
8,83
10,5
10,50
10,96
11,26
12,59
12,142
12,196
13,143
16,165
22,85
22,110
23,42
24,118
24,155
25,47
25,190
26,36
26,162
27,181
28,177
29,134
30,164
30,180
32,47
32,51
35,2
35,39
37,76
37,129
38,77
38,101
40,197
41,9
41,80
42,67
43,34
43,88
44,43
44,70
45,55
45,122
46,18
46,154
46,192
49,7
49,50
50,17
51,14
51,148
52,20
54,0
54,105
55,58
58,138
60,128
60,181
61,138
61,187
62,8
62,193
64,161
66,31
69,6
71,2
71,24
71,125
72,194
73,12
74,164
75,120
75,122
77,27
77,76
79,89
79,140
80,86
80,156
80,197
81,28
81,57
82,44
82,61
86,20
86,135
87,120
89,30
90,183
91,191
94,8
94,68
94,92
95,62
95,112
97,84
98,23
98,106
100,111
101,78
102,125
103,31
103,145
104,117
107,53
107,159
108,86
108,126
108,174
110,46
110,184
110,191
111,24
111,133
113,29
113,172
115,49
117,87
117,114
119,123
123,22
123,139
125,137
130,41
130,124
132,33
132,67
132,153
132,167
132,193
133,36
133,108
134,119
135,21
141,151
142,132
143,105
145,131
145,146
146,48
146,81
147,56
147,57
148,113
148,179
151,168
152,94
154,17
157,185
158,99
158,115
159,101
160,19
160,139
161,116
162,109
162,178
163,65
165,141
165,174
166,73
167,107
167,144
168,157
170,153
170,198
173,15
174,63
174,93
174,169
175,163
177,16
180,95
180,182
183,3
183,38
183,49
183,173
185,54
185,163
186,78
187,4
187,37
187,121
187,136
188,79
188,150
189,1
193,171
193,194
195,189
196,97
196,116
197,149
199,127
199,176
