source,target
0,158
1,37
2,149
5,94
12,20
12,111
13,55
15,77
15,134
17,184
18,45
19,114
21,11
21,137
22,8
24,26
25,177
27,15
29,53
30,164
32,60
33,188
33,193
34,43
34,156
35,89
35,161
36,25
36,196
37,76
37,158
38,188
40,29
40,104
41,156
43,44
43,143
44,144
45,186
46,50
46,71
46,123
48,78
48,146
49,58
50,140
51,151
53,17
53,68
54,23
55,125
55,130
55,161
56,28
57,2
58,142
59,70
60,91
60,128
62,72
62,145
64,185
66,4
66,67
67,136
68,113
69,6
69,73
70,52
70,139
71,26
71,81
73,166
76,110
77,18
79,48
79,57
80,61
80,88
82,119
83,169
85,71
86,21
86,42
87,191
90,36
91,122
93,85
94,127
94,187
95,61
95,103
97,123
98,109
99,64
99,126
101,83
102,119
102,147
103,31
103,168
104,9
105,125
106,48
108,133
109,65
110,22
111,192
114,117
115,178
116,131
117,65
117,165
121,23
121,101
121,118
121,157
123,154
123,184
124,14
127,154
128,108
129,1
129,16
129,74
129,148
131,91
132,56
132,67
132,152
132,163
133,73
133,102
134,32
134,107
134,135
138,34
138,173
139,160
140,132
141,167
142,162
143,95
143,105
147,12
147,120
147,155
148,39
149,197
150,138
153,49
157,33
158,10
159,3
159,194
160,47
160,90
162,81
162,84
162,109
163,137
164,182
166,96
167,77
168,14
168,46
168,151
168,157
170,118
171,84
172,45
175,116
176,115
176,199
177,8
177,179
179,150
179,174
180,30
180,62
182,27
183,75
183,196
185,54
185,100
189,106
189,195
190,69
190,112
191,178
192,93
193,7
193,92
194,63
194,129
197,40
197,181
198,190
199,121
