source,target
1,22
2,55
3,28
4,66
5,199
7,101
8,154
10,5
10,96
10,158
11,21
11,99
11,110
15,0
15,77
15,134
16,129
19,94
22,75
23,150
24,10
24,133
24,155
25,166
26,11
27,15
27,182
28,59
28,81
29,78
29,87
30,89
30,182
31,73
31,92
32,127
33,21
35,20
37,189
38,80
38,81
38,94
38,162
40,156
41,56
42,9
42,97
42,126
42,192
43,34
43,175
44,43
45,41
47,124
49,18
50,17
50,24
50,184
50,185
53,68
54,159
56,104
57,77
58,1
58,102
62,33
62,72
62,160
63,184
64,181
65,93
66,122
67,95
69,6
71,46
71,191
73,163
76,31
79,131
81,118
82,72
83,190
85,22
86,13
87,112
91,99
91,197
93,66
94,161
95,142
98,174
99,48
101,83
101,159
102,167
103,145
104,128
104,144
105,169
106,36
106,50
107,147
107,172
108,3
108,113
108,146
109,117
109,170
110,25
111,133
112,157
114,151
117,148
120,61
121,23
121,74
121,119
123,20
123,96
125,137
126,13
126,98
127,26
128,74
129,61
129,135
130,178
131,188
134,32
134,135
135,93
137,116
138,52
138,80
138,115
138,173
139,100
139,143
141,153
141,165
142,138
143,43
143,105
148,14
148,149
150,40
150,42
150,68
151,39
151,86
153,19
153,171
154,132
155,70
160,180
161,55
162,84
162,90
162,109
163,65
166,88
166,124
166,187
167,132
167,196
168,84
169,130
170,198
172,141
172,174
173,183
177,67
177,176
177,199
178,78
179,14
181,60
181,108
186,45
186,51
187,136
187,177
188,38
188,145
189,62
189,195
190,69
190,112
191,49
193,12
193,123
194,7
194,164
196,116
196,140
198,58
198,190
199,49
199,152
