source,target
0,137
0,184
1,44
1,95
1,189
2,104
4,136
7,11
7,193
8,22
13,91
14,17
14,43
14,149
14,152
15,27
15,107
15,133
15,173
18,45
18,77
18,121
20,40
20,52
20,182
23,127
25,47
25,106
25,112
26,89
26,98
27,101
29,78
30,108
30,116
31,92
33,8
34,29
34,170
35,2
38,118
38,162
39,35
39,108
39,148
39,151
40,27
40,41
41,102
45,55
45,186
48,125
49,146
50,185
51,6
51,26
51,195
56,35
58,37
58,67
58,76
58,138
58,144
60,13
61,145
62,12
62,33
62,160
63,38
63,192
64,49
64,84
65,100
65,117
66,124
69,86
72,82
72,87
73,166
75,174
76,66
77,136
78,159
79,57
85,21
86,147
87,155
88,16
92,80
94,10
94,46
94,68
94,91
94,103
95,94
95,143
96,49
97,5
97,7
99,22
99,64
100,97
100,127
101,83
106,184
108,3
110,1
111,192
114,117
115,96
117,71
117,167
119,134
120,57
120,195
121,87
122,55
122,113
123,58
123,97
123,139
123,183
124,75
126,129
127,32
128,180
131,59
131,172
133,0
133,36
133,126
133,141
135,93
135,197
138,42
138,131
142,194
143,105
145,161
145,188
147,99
148,133
150,190
153,74
153,81
153,132
153,141
156,9
156,41
157,168
162,90
162,153
162,154
163,46
164,126
165,145
165,176
166,31
168,103
169,130
169,189
170,28
170,109
171,84
173,26
173,53
173,110
173,140
173,198
174,78
174,165
175,21
175,154
175,185
176,142
176,166
176,180
177,67
178,170
179,123
179,152
181,135
185,16
185,54
186,51
187,121
189,19
190,140
191,18
191,64
191,119
191,158
192,70
192,199
193,24
194,15
196,36
196,48
197,88
