source,target
1,72
1,278
2,4
3,143
8,207
9,40
9,244
10,42
11,190
12,282
13,187
15,77
17,262
18,228
19,189
20,209
22,267
23,164
25,298
28,123
29,104
30,20
30,47
30,167
31,99
31,148
31,190
32,17
32,290
34,59
34,134
34,178
35,296
37,56
37,200
39,112
40,159
43,128
43,166
44,65
44,253
45,26
46,51
50,51
50,280
53,41
54,62
54,66
55,112
55,229
57,71
57,185
58,22
60,41
60,157
61,6
62,79
63,74
64,113
64,129
65,149
66,177
67,50
67,52
68,238
74,59
79,220
80,224
82,242
84,21
84,231
85,295
88,106
88,210
89,13
90,76
90,199
92,99
95,26
95,105
95,281
97,279
98,271
100,252
104,152
105,138
107,217
108,233
109,0
109,29
109,122
111,199
114,7
114,124
117,285
119,163
120,25
121,45
122,168
123,5
123,86
123,193
123,244
123,247
124,2
125,289
126,120
126,131
126,173
127,141
129,288
132,88
134,95
134,156
135,249
136,96
136,168
138,48
138,269
140,137
141,132
142,31
142,93
142,285
143,164
143,287
144,173
146,94
146,147
148,43
148,145
149,64
149,110
151,272
154,162
154,230
155,4
155,251
155,291
156,101
157,12
157,195
157,216
158,297
160,23
161,27
162,96
162,179
163,67
165,102
165,266
165,299
166,34
166,222
166,241
166,292
167,78
167,230
168,197
169,205
169,214
170,35
170,137
170,286
171,125
173,81
175,38
175,91
175,135
177,49
177,261
179,27
179,157
179,196
179,283
180,222
181,87
181,165
183,119
184,56
184,115
184,118
185,116
186,144
188,256
191,169
193,263
194,108
194,153
197,36
200,149
200,204
202,85
204,52
204,212
204,275
205,151
208,20
210,154
210,192
211,158
215,170
216,182
217,54
217,203
218,103
221,286
222,42
223,139
223,219
223,282
224,18
224,202
224,284
225,126
225,257
226,188
227,218
227,273
229,8
229,172
231,44
232,206
234,5
236,39
237,28
237,250
238,145
238,243
239,53
240,193
240,235
242,13
242,294
245,75
245,279
246,133
246,248
246,281
248,198
249,77
249,268
251,100
251,130
254,69
254,107
255,16
255,57
255,83
255,258
256,178
259,121
259,277
261,30
262,70
262,181
264,189
264,221
265,24
265,50
266,171
267,160
268,33
268,153
268,265
269,237
270,147
271,32
271,61
271,146
272,1
272,201
272,240
272,245
273,176
273,213
274,175
275,63
275,174
276,245
277,260
283,73
283,116
283,183
286,14
287,140
289,8
289,127
293,40
294,11
295,76
295,150
296,98
296,218
297,90
297,191
298,142
298,232
298,252
