source,target
0,248
1,218
1,272
4,206
5,124
5,237
7,161
8,13
11,100
11,198
11,257
13,245
13,294
16,261
18,278
21,44
21,160
22,162
23,149
24,277
25,290
26,111
27,22
27,126
27,295
28,27
30,63
30,113
30,242
31,29
31,55
31,130
31,196
37,240
37,247
38,144
38,291
39,236
39,287
40,10
40,26
40,166
40,293
41,88
44,145
44,182
45,161
45,257
47,85
49,56
49,106
49,186
50,112
51,153
58,39
59,11
61,151
62,79
62,239
62,291
64,47
64,66
64,281
66,251
68,219
70,41
70,103
72,93
74,171
75,264
76,133
77,225
78,127
78,150
80,43
80,97
80,262
82,62
82,279
83,24
85,204
86,286
86,299
87,69
91,218
92,228
92,269
93,260
94,259
97,115
99,263
100,165
100,280
101,86
102,17
103,253
104,12
104,48
104,70
105,1
107,156
107,288
110,33
110,134
112,249
113,45
114,2
114,6
117,191
118,52
119,74
119,96
120,53
121,76
121,195
122,36
122,109
124,254
125,142
127,139
128,174
130,67
130,110
131,77
132,140
134,23
134,156
135,3
135,82
135,181
135,243
136,20
136,122
137,289
139,177
139,276
140,268
142,185
142,212
142,298
146,143
146,233
147,170
147,193
147,294
149,64
150,90
150,271
151,32
151,42
152,105
152,275
153,208
154,52
154,150
155,138
155,201
155,219
158,3
158,163
162,265
164,4
164,175
165,190
166,207
166,241
169,114
170,35
170,189
170,248
171,125
171,205
174,187
174,224
175,274
176,242
177,135
180,168
181,179
181,250
182,123
182,270
183,119
183,120
184,71
184,273
185,15
185,18
185,51
185,116
185,272
187,92
188,102
189,81
194,34
194,108
197,22
198,101
199,282
200,226
201,7
201,129
202,285
203,158
203,267
204,57
207,95
208,147
208,173
209,54
209,195
210,155
213,21
214,38
214,266
216,14
216,36
216,271
217,0
220,131
221,168
222,19
223,209
225,40
225,46
225,192
226,180
226,244
230,222
231,227
232,210
233,211
233,297
234,123
235,20
237,78
238,26
238,148
238,264
239,6
239,55
239,255
240,29
241,232
243,9
244,37
244,141
244,230
246,25
251,183
252,165
256,60
256,266
257,133
258,47
258,106
258,215
259,93
259,167
261,117
261,154
262,17
262,137
263,167
263,214
264,84
264,143
268,159
269,61
270,276
270,285
273,176
275,157
277,141
279,65
279,89
280,4
280,50
282,103
282,220
283,58
283,73
284,128
287,118
289,89
289,151
289,172
289,229
289,231
291,25
292,53
294,87
296,98
296,99
296,268
298,34
298,178
299,5
299,295
