source,target
1,219
2,4
3,127
4,27
4,82
4,99
4,265
5,216
6,15
6,182
7,114
7,201
9,152
11,205
12,119
14,42
16,206
17,59
20,286
21,253
21,297
22,58
22,247
23,63
23,251
24,277
27,38
28,117
28,237
28,263
30,33
30,136
31,100
31,130
32,61
32,117
34,58
34,166
36,122
36,150
37,140
39,274
39,287
42,10
44,286
45,94
49,250
49,260
50,265
51,46
51,50
51,209
52,67
52,191
53,239
54,139
56,186
57,89
62,54
62,147
64,196
65,134
65,293
66,226
67,17
67,71
68,0
68,110
68,258
69,87
69,242
70,40
72,255
76,295
78,38
79,242
79,262
80,57
80,124
80,125
81,173
84,21
85,62
86,206
86,296
88,254
89,3
89,26
89,95
91,246
93,224
94,267
95,107
95,146
96,285
98,167
101,228
102,188
103,185
103,202
105,19
105,73
105,109
105,248
107,156
109,215
112,118
113,142
113,222
114,12
115,37
115,97
117,141
117,204
118,52
119,116
120,284
121,235
123,165
126,173
126,278
127,104
128,15
128,138
128,290
129,64
129,257
130,19
131,232
132,183
133,63
135,218
136,201
136,281
140,14
140,132
142,77
142,212
143,164
144,272
145,123
149,65
149,168
150,192
151,5
151,41
151,170
151,193
152,238
153,77
153,137
153,172
153,181
155,158
155,210
155,268
157,120
160,203
161,178
162,96
163,60
164,18
165,51
165,256
165,266
166,68
166,189
166,199
168,154
168,197
168,252
172,45
172,229
173,169
176,273
177,9
179,162
180,157
182,16
182,44
183,74
184,273
186,23
187,13
187,70
188,50
189,178
192,269
194,180
195,79
195,144
197,86
198,276
200,35
200,153
201,129
201,234
202,111
203,249
205,26
207,8
207,70
209,92
209,101
212,84
212,244
214,244
215,217
216,280
217,88
218,59
218,103
218,243
219,282
220,64
220,294
221,93
223,32
223,48
224,261
226,47
227,94
228,72
229,167
230,222
231,158
232,135
233,108
233,115
235,187
235,240
236,39
238,34
239,6
239,55
239,96
239,174
239,258
241,281
242,29
243,12
243,149
243,164
245,104
245,279
246,53
249,112
251,143
251,261
254,198
255,83
255,91
259,47
259,211
260,213
262,298
264,75
264,179
264,260
265,43
266,171
268,184
268,264
269,106
269,225
269,263
269,291
270,2
270,13
270,259
271,144
275,270
276,69
277,95
278,1
278,54
279,56
279,148
280,90
280,131
282,183
282,283
283,151
284,128
284,175
287,102
288,92
289,154
291,25
291,155
291,190
292,119
295,85
296,159
297,163
297,245
298,177
299,193
299,208
