source,target
0,68
1,130
1,266
1,272
2,63
4,172
5,61
5,298
6,114
6,132
9,188
10,97
12,282
15,48
15,262
17,80
17,291
18,90
19,168
19,189
21,196
23,160
24,83
25,120
25,140
27,31
27,100
28,193
29,19
30,109
30,242
31,144
31,190
31,239
32,17
32,151
33,15
33,85
34,181
36,161
37,123
38,282
39,274
40,201
40,225
42,259
44,50
46,217
49,140
49,277
53,91
53,281
53,299
54,226
55,192
56,49
57,109
57,233
57,255
57,280
58,107
60,231
62,14
62,119
62,238
63,288
64,34
65,149
66,289
67,184
69,276
70,248
70,262
72,116
74,58
76,95
77,16
77,235
78,215
80,8
80,101
84,293
86,122
89,13
89,221
90,297
92,224
93,47
93,92
94,146
95,25
98,45
98,72
98,286
99,40
102,207
103,157
104,152
106,89
106,208
107,5
107,216
108,236
109,154
111,10
111,22
114,7
114,195
116,119
116,246
121,76
122,252
123,23
123,64
125,210
126,65
126,124
127,138
131,220
133,185
134,110
137,194
138,269
139,81
139,127
141,120
142,259
143,291
145,46
145,163
146,216
147,77
148,150
149,134
149,200
149,254
149,284
149,292
151,3
151,53
151,105
154,52
154,197
155,170
156,191
166,199
166,222
170,34
170,73
170,151
172,26
172,257
173,179
175,164
176,84
177,9
178,129
180,285
181,165
182,99
183,187
183,290
184,97
184,118
184,273
185,57
185,251
185,278
187,234
188,80
188,106
191,51
191,95
191,169
191,296
196,27
196,295
198,11
198,79
199,11
199,88
199,268
200,219
203,83
204,266
205,171
205,258
207,128
210,93
211,55
211,87
211,253
211,294
212,69
212,104
212,117
212,180
213,203
214,35
214,171
215,112
215,207
216,36
216,157
216,159
216,179
216,244
217,51
217,206
218,94
219,21
220,4
221,139
221,249
221,263
221,283
222,0
222,113
223,142
224,54
224,137
224,166
225,100
227,260
228,295
229,55
229,247
230,193
232,41
232,135
232,181
233,71
236,39
237,155
239,74
239,96
240,168
241,45
241,148
241,158
241,270
242,174
243,164
245,75
245,133
246,78
246,114
248,131
248,203
250,223
251,136
252,18
252,19
256,253
257,212
257,243
258,103
260,254
261,43
261,264
264,167
265,144
265,162
267,158
268,63
268,264
268,265
268,279
269,142
269,153
269,287
270,275
271,263
272,129
273,227
274,218
276,82
278,60
278,272
279,50
280,82
282,202
284,84
285,59
287,102
287,186
289,242
290,38
290,126
290,276
291,209
291,230
294,37
294,147
296,180
297,115
297,233
298,153
299,20
