source,target
0,107
0,156
1,72
1,266
2,43
3,175
3,269
4,172
4,206
4,280
5,123
5,237
7,269
8,17
10,111
10,257
10,288
12,114
14,220
15,286
16,147
17,37
18,29
20,36
20,235
22,271
25,42
25,95
25,195
25,291
26,165
27,135
27,161
28,117
29,50
30,47
30,193
30,215
32,18
32,290
34,140
35,285
37,188
38,255
39,186
41,150
41,177
43,92
43,142
44,182
45,70
45,94
45,121
46,131
47,93
47,264
49,287
50,191
51,63
51,217
53,220
55,145
55,223
61,48
61,81
61,295
63,184
63,224
64,129
64,243
66,64
66,214
67,21
67,83
67,231
68,124
69,276
71,233
71,253
71,273
72,9
74,59
75,264
77,113
77,147
79,41
79,151
79,198
80,58
80,278
80,285
82,126
83,24
84,6
84,231
84,288
85,61
85,150
85,205
86,13
86,272
88,194
89,3
90,115
91,175
92,80
92,270
93,113
93,210
93,221
94,203
96,118
97,136
98,58
99,272
101,197
104,211
105,19
105,152
106,263
107,5
107,88
107,254
109,155
110,33
112,138
113,229
113,263
114,106
116,119
117,174
120,158
122,222
122,268
123,68
124,134
126,173
126,249
127,104
129,225
132,267
134,34
134,65
135,232
136,89
137,6
137,153
138,30
139,23
140,109
140,202
141,25
145,193
146,63
150,148
150,149
151,44
153,88
154,52
154,110
154,251
159,216
160,23
161,228
162,0
163,91
165,86
165,256
166,40
166,103
166,292
167,192
168,180
168,247
169,282
170,8
170,119
171,132
174,79
174,131
175,239
175,274
176,242
180,85
180,93
181,234
183,241
183,258
185,100
185,146
186,277
186,279
186,287
187,67
188,53
188,120
189,170
191,51
195,209
196,40
196,190
197,162
197,236
199,160
199,270
200,9
200,244
201,164
201,210
202,189
203,39
203,158
204,265
204,275
207,155
208,78
208,115
209,171
210,125
212,87
212,205
213,273
216,45
217,246
219,243
219,252
221,73
221,259
225,298
226,56
227,233
229,144
229,250
233,57
233,108
233,211
235,77
238,26
240,157
240,221
241,76
243,179
244,2
246,38
246,169
246,230
248,69
248,78
248,105
248,151
249,133
249,166
251,11
251,31
251,130
251,261
254,128
255,102
256,35
258,239
259,59
260,254
261,143
262,248
264,167
265,296
267,294
268,96
268,199
271,154
271,298
273,176
275,60
275,137
276,62
276,245
278,168
279,56
279,82
280,159
281,183
282,15
283,179
284,290
285,54
286,20
287,143
288,253
289,234
289,257
292,28
293,84
294,22
295,27
296,218
297,90
298,3
298,178
299,66
