source,target
0,20
0,299
2,7
2,182
3,280
4,206
4,246
5,138
5,225
7,201
8,172
10,97
11,205
13,294
16,54
18,22
20,266
21,67
21,132
22,111
22,162
26,40
26,86
26,164
29,5
32,232
33,298
36,197
37,148
38,138
39,112
39,186
39,236
39,274
40,110
43,92
44,2
44,65
47,117
47,177
47,252
50,23
50,51
50,137
50,156
50,292
51,185
52,154
53,78
53,144
53,239
53,246
55,12
56,277
57,89
58,62
59,17
59,209
59,297
60,41
60,157
61,76
63,212
64,123
65,263
65,279
66,171
69,107
70,45
70,79
71,67
72,9
72,47
72,68
72,223
73,289
75,69
77,116
79,36
82,128
83,24
83,112
84,145
86,13
87,211
88,248
93,275
96,118
96,292
97,60
98,109
98,230
99,113
100,251
101,198
102,182
104,48
104,55
104,192
106,114
107,194
107,268
108,56
110,130
113,162
115,208
116,191
117,121
120,141
120,158
120,258
121,28
122,154
122,257
122,271
123,120
124,80
126,131
126,183
127,105
127,156
128,254
128,284
130,31
131,3
134,40
134,95
135,54
135,74
135,222
136,276
138,237
139,30
139,111
140,109
140,125
140,150
140,214
140,277
142,124
142,140
145,134
146,63
148,124
149,136
149,155
149,200
150,85
150,149
154,278
159,216
161,27
161,221
161,226
162,179
163,88
165,119
165,256
166,34
167,18
167,58
167,174
167,263
168,261
169,205
169,220
171,74
172,181
173,299
175,1
176,274
178,19
178,59
180,81
180,212
180,285
181,165
183,132
183,152
184,57
184,115
185,170
186,49
188,10
188,245
189,43
189,272
190,214
191,98
191,265
192,169
193,240
194,153
194,180
195,72
196,64
197,236
198,185
199,90
199,160
199,247
200,35
200,133
200,238
203,94
203,213
204,242
206,168
206,232
207,19
207,289
208,127
209,228
210,93
210,117
211,55
213,297
216,179
216,296
217,203
218,103
219,15
219,243
222,122
224,101
224,166
224,202
225,129
225,272
226,4
227,260
228,161
229,142
231,227
233,16
234,221
235,234
238,26
238,243
240,178
241,158
242,82
243,218
244,135
244,157
246,281
248,70
249,106
249,262
250,265
251,1
251,187
251,229
253,166
256,193
256,259
257,46
257,286
258,32
258,255
261,3
261,30
261,169
261,224
261,264
261,291
262,6
262,196
263,36
264,260
267,96
268,14
269,153
270,8
270,92
271,189
273,84
275,137
282,151
282,199
282,215
283,147
283,293
283,295
284,125
285,0
285,202
287,39
288,121
290,91
290,173
291,143
293,44
294,199
294,270
296,42
296,61
298,25
298,163
