source,target
0,109
1,266
2,63
4,161
4,289
5,96
6,15
6,191
8,29
11,123
12,210
16,206
18,185
20,148
20,170
24,83
27,147
30,113
34,46
34,194
34,296
35,292
37,137
38,14
38,290
42,14
43,4
43,265
44,65
45,11
45,98
46,131
47,66
47,103
49,287
50,270
51,50
52,182
54,202
54,288
55,31
55,169
55,244
57,75
57,94
58,167
59,17
59,72
59,177
61,19
61,48
61,81
61,269
62,107
63,30
63,275
63,293
64,59
65,77
69,255
70,140
70,187
71,106
73,27
76,121
78,28
78,38
78,208
79,98
79,198
80,286
83,255
84,6
84,62
84,109
84,212
85,180
86,239
86,247
87,69
89,32
89,221
90,297
91,53
91,124
91,170
92,285
94,211
97,136
99,92
99,253
100,165
100,247
102,119
103,157
103,218
105,144
106,114
106,263
110,111
111,155
112,160
113,41
113,142
114,7
115,67
115,273
117,121
117,141
118,114
118,217
120,25
120,166
120,183
120,269
121,195
122,240
125,143
125,171
125,188
125,208
126,74
127,95
128,262
129,40
130,31
131,86
131,126
131,280
132,60
133,257
134,283
135,164
135,175
136,127
136,258
136,281
139,291
140,277
142,49
143,116
144,135
145,163
145,193
146,180
147,152
147,294
148,241
148,246
149,64
149,200
150,18
151,68
151,248
152,88
152,150
153,140
153,288
153,298
154,110
155,237
155,251
156,234
157,275
158,87
159,100
160,267
161,47
162,118
164,10
164,43
165,215
166,58
166,77
167,174
167,252
167,286
168,252
169,149
172,139
173,68
173,245
174,2
175,60
176,84
176,274
177,66
177,178
179,162
181,1
181,101
182,128
182,254
184,97
185,42
186,287
188,138
189,22
190,165
191,52
192,212
192,299
194,108
198,181
200,226
203,112
204,296
205,151
207,200
209,228
209,240
210,13
211,8
213,21
213,67
213,163
213,203
214,196
216,156
216,244
217,272
219,93
219,210
220,33
220,229
220,262
222,0
223,282
224,54
225,9
225,23
225,32
225,99
225,201
225,219
228,280
229,3
229,172
229,243
229,250
230,79
231,183
232,205
232,206
233,16
233,146
236,197
238,26
239,51
242,69
242,89
245,104
245,133
246,78
246,238
252,235
254,279
256,40
256,159
257,225
259,117
260,227
260,264
260,277
261,137
262,249
263,36
263,271
266,134
267,94
267,96
267,102
267,184
268,234
269,197
270,22
270,145
272,34
272,37
272,282
276,62
276,82
276,199
278,88
279,39
281,120
283,179
284,175
285,45
287,56
290,173
291,214
291,230
292,188
292,251
295,299
297,158
298,35
298,117
