source,target
1,209
1,278
2,7
3,143
3,269
3,298
6,139
6,195
7,252
9,177
11,189
11,190
11,200
13,2
14,22
14,140
17,8
17,31
22,283
23,134
24,83
26,86
26,172
27,72
27,161
27,174
27,220
28,292
30,144
31,5
31,40
31,57
31,100
31,103
31,130
33,110
33,135
34,194
35,20
36,263
37,123
37,148
38,175
38,296
39,127
39,236
39,274
42,87
42,151
43,117
44,97
44,286
45,142
47,72
50,51
52,191
53,41
53,164
53,256
54,16
54,222
54,261
55,112
55,179
56,186
56,287
59,217
60,256
64,234
66,177
66,229
66,289
67,94
69,162
70,104
71,231
71,233
72,80
72,171
73,30
73,105
73,221
74,144
77,15
77,66
78,167
80,124
82,4
82,270
84,213
85,206
85,261
88,117
88,194
88,210
89,219
89,248
90,115
90,250
91,255
92,99
92,224
93,169
93,180
94,45
95,150
96,118
98,296
99,295
100,247
101,197
101,228
102,39
103,132
104,12
105,268
107,216
109,93
110,154
111,10
112,203
112,215
113,220
116,77
116,119
116,193
118,52
120,0
121,235
121,259
122,222
122,257
123,109
125,188
126,82
128,32
130,1
131,101
131,232
133,199
134,97
135,198
136,258
136,259
137,114
137,205
138,133
139,287
141,25
141,127
142,57
143,284
144,249
145,138
146,185
150,85
151,41
151,293
152,8
153,290
154,271
154,289
155,29
155,33
155,265
156,68
156,107
158,211
158,241
159,7
159,280
160,23
160,267
161,226
162,276
163,105
164,208
165,100
166,25
166,155
167,30
167,192
167,272
170,239
172,36
172,160
172,181
173,243
174,242
175,44
175,65
175,284
178,139
180,55
183,3
183,282
184,67
185,14
185,18
185,32
185,51
185,251
187,13
187,174
188,269
190,214
191,88
191,182
192,46
194,153
195,157
196,262
197,58
197,168
197,272
200,170
201,27
201,61
201,129
205,26
205,76
207,252
208,212
209,38
209,195
209,223
210,179
210,201
212,78
213,21
213,71
214,266
215,81
216,43
216,199
217,11
217,19
217,54
218,59
218,111
219,282
222,147
224,178
229,17
229,192
230,98
233,108
234,295
237,28
238,34
238,104
239,53
239,62
240,157
241,275
243,149
243,238
244,246
245,75
245,279
246,91
250,148
254,146
254,260
255,83
255,96
255,233
258,0
258,35
259,277
260,49
261,202
262,281
264,47
269,48
269,106
269,120
270,147
272,225
273,158
273,176
273,227
276,153
279,89
282,262
283,116
284,275
285,54
286,187
288,63
288,156
289,79
290,253
291,230
292,254
294,37
294,297
296,204
299,173
