source,target
0,74
0,141
2,7
2,261
3,271
4,34
4,224
8,188
9,72
9,81
9,177
9,244
11,296
14,64
14,210
14,286
16,226
17,262
19,130
19,178
22,280
24,277
25,195
26,111
27,43
27,172
28,264
29,242
33,292
34,46
35,214
36,207
37,103
37,123
38,149
38,169
38,175
38,246
38,274
38,290
39,236
40,293
41,60
42,98
42,296
43,168
43,229
46,145
46,280
47,154
51,85
53,120
54,136
54,140
55,105
55,143
58,14
58,143
58,283
60,107
60,247
61,5
62,50
62,84
65,38
66,214
66,299
67,156
68,243
70,63
70,106
70,298
73,78
74,30
74,91
76,10
77,16
80,282
81,162
82,69
83,115
85,86
85,206
85,254
87,31
87,67
88,230
90,21
90,250
93,33
93,78
93,109
93,128
94,45
94,227
97,96
97,134
97,203
100,17
100,225
101,181
101,228
102,267
103,47
107,36
108,233
110,29
110,134
111,159
113,222
115,37
115,67
115,90
118,191
119,163
120,188
122,109
123,111
123,165
125,171
126,118
126,175
130,1
131,101
132,21
133,93
133,174
133,257
136,231
136,248
138,48
138,127
138,164
139,118
140,216
140,264
141,20
141,52
141,268
141,283
142,75
142,125
142,298
143,287
144,4
144,185
144,249
147,294
148,193
150,41
150,61
150,152
151,44
151,79
151,205
153,180
153,194
157,240
158,113
160,204
161,200
162,139
162,295
163,88
164,0
164,33
165,22
165,190
165,266
166,199
168,251
173,76
173,243
176,274
177,259
180,215
181,126
181,179
182,6
182,158
183,26
183,114
183,240
184,65
186,279
187,234
187,235
187,267
189,22
189,229
193,161
193,167
193,197
194,71
196,27
199,185
200,11
201,210
202,174
203,112
203,217
204,265
205,220
206,223
207,70
208,23
209,59
209,72
211,294
212,192
213,184
215,281
217,239
220,169
221,263
222,42
225,124
225,131
225,173
225,192
226,54
227,260
228,237
230,116
230,289
231,97
231,137
232,241
233,18
233,255
235,77
238,39
239,53
239,70
239,170
239,238
241,275
243,135
243,218
244,117
245,102
245,104
245,297
246,148
246,155
246,170
249,221
251,32
251,66
252,228
253,99
254,69
254,182
254,253
254,279
255,57
256,40
258,120
258,208
258,219
259,121
260,213
265,144
268,198
270,53
270,285
271,150
272,129
272,197
273,3
273,49
275,270
276,82
277,56
277,90
278,13
278,92
278,272
280,18
281,125
282,127
282,261
283,147
284,128
286,1
286,15
286,187
286,195
287,269
288,12
288,153
289,89
289,196
291,190
293,73
294,84
294,146
296,95
299,100
