source,target
0,285
1,130
1,181
2,7
3,70
3,259
3,271
4,220
5,155
5,219
5,235
8,17
8,259
10,257
12,152
13,12
18,162
18,228
19,61
20,141
21,42
21,132
22,189
22,216
23,102
23,160
27,45
29,32
30,238
31,190
32,264
34,172
35,133
36,161
37,148
37,188
38,144
41,79
41,177
41,261
43,27
45,121
45,191
46,192
47,40
49,56
49,250
50,51
50,62
50,272
51,82
51,185
54,10
54,199
55,179
56,108
58,9
58,39
58,169
59,297
60,97
60,247
63,224
64,129
67,31
67,44
67,52
67,69
67,213
69,75
69,107
69,233
70,41
70,78
72,156
74,119
76,288
77,78
78,73
80,167
80,262
81,61
82,135
83,24
84,288
86,101
87,42
88,198
89,26
92,276
93,88
94,227
95,277
99,2
102,165
102,183
102,186
104,150
104,207
105,33
105,95
105,138
106,269
108,194
109,29
110,117
111,54
111,159
113,30
113,64
114,106
114,124
114,195
115,94
116,154
117,285
117,296
119,292
122,28
123,86
126,256
126,265
126,278
127,141
127,215
128,284
131,232
132,171
133,269
134,23
134,125
135,3
135,119
135,164
137,140
137,262
139,111
140,194
142,48
142,57
142,77
143,287
144,249
144,286
145,84
145,91
145,182
146,147
147,270
148,136
150,18
150,85
150,283
151,76
152,204
152,275
154,162
155,158
156,50
156,240
158,58
161,216
162,81
162,96
166,25
167,98
168,149
169,55
169,137
170,120
170,286
171,72
174,2
174,64
178,123
180,185
181,153
182,254
183,26
183,118
183,143
183,290
184,63
187,294
188,144
189,272
190,252
191,239
191,245
191,297
193,280
194,34
194,71
195,25
195,139
196,173
198,80
198,181
201,210
202,230
202,257
203,83
203,248
204,266
205,85
206,86
206,223
207,128
209,202
211,253
212,180
215,81
215,200
215,299
217,206
219,65
221,263
224,47
225,5
225,46
225,208
226,47
228,209
229,33
229,168
230,14
230,222
232,37
232,206
234,159
236,197
237,138
238,281
239,55
239,255
240,157
243,164
244,9
246,6
246,173
248,109
248,246
249,112
251,68
251,242
251,291
253,71
253,103
254,260
254,279
258,68
259,94
261,15
261,43
261,63
261,110
261,188
263,271
264,28
264,201
265,268
266,66
266,258
268,184
268,197
268,279
270,53
270,69
270,218
272,201
273,115
274,38
274,176
275,60
276,199
277,49
277,90
280,131
281,241
281,298
282,128
282,220
284,175
289,13
289,231
290,16
290,246
291,174
291,214
293,151
294,11
294,134
294,267
295,22
298,105
298,163
298,222
298,252
299,100
