source,target
0,136
0,162
3,135
5,31
5,292
6,191
8,290
9,80
11,100
12,74
12,96
13,2
13,8
14,210
15,173
16,255
17,23
17,128
18,29
20,36
20,258
21,297
22,27
23,251
24,277
25,42
26,200
29,51
29,117
30,25
30,33
30,47
32,253
32,271
34,35
34,298
37,262
38,181
39,203
40,134
44,184
44,288
45,142
46,192
46,217
47,117
47,252
48,225
49,56
50,62
50,67
51,46
51,165
53,151
53,225
58,197
61,81
61,269
62,109
63,208
64,14
64,178
64,218
66,171
67,21
67,31
67,94
67,130
68,251
69,217
70,54
70,73
70,127
71,57
71,213
72,228
73,186
74,119
74,153
74,170
74,230
76,169
79,242
79,289
81,9
82,276
83,24
84,287
84,293
85,224
87,223
87,294
88,43
88,93
88,114
88,132
88,198
88,278
90,115
90,199
92,285
93,66
93,131
93,177
96,97
98,72
99,28
99,279
100,2
102,287
103,246
105,152
105,163
105,290
106,88
106,214
108,233
110,111
110,149
112,94
113,122
113,219
117,261
119,58
121,28
122,170
124,250
125,138
125,212
127,238
128,254
131,140
131,248
139,41
139,103
139,234
140,59
140,137
140,172
141,6
141,120
142,49
142,185
143,194
143,264
144,22
144,156
144,215
144,216
147,10
147,16
147,146
148,193
150,40
150,78
151,237
153,180
154,90
154,183
155,101
155,111
155,198
155,240
156,50
156,107
157,53
157,188
158,241
159,126
160,21
160,204
161,4
161,36
161,72
161,259
163,119
166,249
167,215
168,86
169,58
170,239
172,139
174,167
175,91
175,126
175,164
175,174
175,274
178,7
179,66
179,256
180,157
182,102
185,63
185,144
188,9
189,178
190,165
191,245
192,299
193,240
193,263
194,12
196,190
198,276
199,99
201,264
203,160
204,52
205,45
206,4
206,60
206,123
206,272
207,19
207,30
209,143
210,226
211,141
212,257
213,96
213,260
215,135
221,295
222,38
222,202
223,209
229,152
230,86
231,158
232,205
232,222
233,75
233,146
233,227
235,5
236,197
237,155
238,39
241,275
243,173
243,220
244,55
244,200
245,23
246,78
246,226
246,281
247,175
248,145
249,77
250,265
251,104
251,187
254,85
254,124
255,91
257,26
257,95
257,129
258,106
258,136
258,266
262,154
262,249
265,118
267,132
268,184
269,133
270,212
271,92
271,286
273,49
275,63
275,195
277,176
277,260
279,65
279,268
280,159
281,1
281,34
282,62
282,89
283,116
283,221
284,222
285,270
287,118
288,296
289,229
291,38
293,44
295,61
296,35
296,270
298,220
298,232
299,20
