source,target
0,20
0,80
0,195
2,191
8,13
9,66
9,81
9,185
10,46
11,9
11,53
11,72
11,133
11,159
13,83
14,187
15,1
15,124
18,162
20,4
21,24
21,92
22,19
23,58
24,107
24,187
25,119
27,141
27,183
29,8
29,16
29,119
30,134
33,59
34,61
36,57
37,6
37,33
37,131
38,16
38,167
39,52
40,86
40,193
42,2
43,163
44,116
44,184
45,110
46,32
46,35
46,48
48,57
48,166
49,28
50,53
51,71
55,93
57,3
57,111
59,98
61,12
62,81
63,37
63,48
64,70
64,79
64,128
65,173
66,87
66,152
66,178
67,76
67,181
70,189
73,55
74,170
75,23
75,191
76,138
77,176
85,21
85,55
86,78
88,31
88,77
90,95
94,180
95,194
96,67
97,34
98,91
99,178
101,62
102,89
103,82
103,86
104,153
107,60
107,114
107,123
107,176
107,177
108,54
109,10
109,154
112,40
112,179
113,80
114,109
116,84
116,143
117,196
118,132
119,49
120,4
120,198
121,85
122,45
126,50
127,102
128,58
129,68
129,138
132,142
133,144
134,154
136,5
136,175
137,182
138,174
140,115
140,136
141,43
142,164
143,75
144,135
145,199
147,117
148,130
148,156
149,79
151,52
151,96
152,63
153,45
153,172
155,7
155,42
157,129
157,162
158,179
161,147
161,160
163,51
164,26
164,64
164,89
164,125
164,190
164,197
165,17
169,155
170,29
170,186
171,44
171,106
171,139
172,1
172,47
172,149
173,78
173,188
175,47
175,69
176,108
180,105
180,112
180,146
180,148
181,60
182,122
182,150
186,100
186,161
186,163
189,11
189,17
189,41
189,56
192,171
193,121
194,27
194,61
196,130
196,168
198,22
198,145
199,137
