source,target
0,178
1,110
4,122
4,125
4,179
4,193
5,136
6,82
6,111
6,134
6,173
8,69
8,195
9,159
10,66
12,17
12,130
12,148
12,165
13,143
16,38
16,41
16,140
18,137
19,126
20,15
20,131
20,161
22,137
22,166
23,28
23,36
23,50
23,81
24,198
27,169
31,24
32,50
34,72
36,150
37,103
39,71
39,180
40,26
40,45
40,111
40,147
41,61
42,155
44,2
44,31
44,93
44,123
46,11
47,51
47,71
48,14
49,119
53,11
54,31
54,82
56,85
57,3
58,34
59,51
59,172
60,81
61,23
61,106
62,100
63,37
63,133
63,157
64,115
65,135
66,76
66,84
66,129
68,67
71,25
79,30
79,64
79,121
79,149
81,48
82,88
84,141
85,83
85,95
85,121
86,173
87,24
88,74
88,78
89,6
89,126
89,196
90,120
90,181
91,39
91,142
93,108
93,159
96,22
96,75
96,90
97,12
97,33
98,47
100,101
101,95
102,106
105,181
106,35
106,55
110,29
110,58
112,37
113,194
115,140
117,118
118,27
118,151
119,98
120,4
122,187
123,174
125,156
125,164
125,197
126,57
127,13
129,48
129,53
129,94
129,109
130,132
133,144
134,154
135,22
135,92
136,8
139,133
139,189
140,155
142,43
142,77
143,55
145,10
146,183
150,12
150,80
150,139
152,124
153,63
155,182
158,148
161,40
161,99
161,138
161,160
163,113
164,20
164,128
165,7
167,162
168,179
169,199
170,122
171,73
171,156
175,69
175,190
176,93
177,16
177,21
177,68
177,107
178,177
178,188
180,154
180,167
182,124
183,123
184,75
185,52
185,105
186,193
189,70
189,72
189,96
189,114
190,128
191,144
192,87
193,104
194,9
194,116
199,145
