source,target
1,167
2,67
2,146
3,185
4,40
6,117
10,120
10,183
12,96
15,26
15,98
16,152
17,154
18,127
20,175
21,157
21,195
22,19
24,171
25,71
27,54
28,23
28,29
30,134
31,88
31,192
33,1
33,118
34,22
34,72
35,21
36,32
36,109
37,80
37,159
40,142
44,55
44,83
46,10
46,11
46,150
47,122
47,172
50,24
50,143
51,74
52,92
52,181
53,139
53,145
55,52
55,85
57,7
57,19
57,120
58,8
58,79
60,139
61,41
62,72
63,48
63,133
63,153
63,191
64,125
65,76
66,92
66,174
68,135
69,58
69,104
69,121
70,6
70,134
71,59
71,69
71,98
73,27
76,44
77,43
78,64
78,173
78,190
79,149
80,0
80,113
80,193
81,99
82,194
85,56
88,82
89,31
89,38
93,9
93,169
93,176
95,84
95,85
95,101
98,91
99,105
100,42
100,97
100,178
102,53
102,95
105,107
106,126
109,133
110,129
111,82
112,184
113,165
114,23
115,158
116,114
118,132
119,49
119,78
120,197
122,4
122,45
122,86
123,73
124,182
125,5
125,103
125,163
126,50
126,57
127,13
127,102
129,36
131,188
132,68
132,130
138,168
141,43
142,20
142,51
144,150
144,177
146,68
146,94
146,180
149,89
151,33
151,96
151,148
152,70
152,114
153,193
155,42
156,151
157,39
157,141
157,162
161,160
164,197
165,100
166,198
168,47
168,117
168,140
169,199
170,64
171,35
171,108
173,88
174,8
174,17
175,25
175,136
175,158
176,63
177,137
178,65
179,91
180,138
180,157
180,184
181,87
181,90
182,73
182,116
182,161
185,39
185,105
186,163
187,14
187,156
188,189
189,41
189,159
190,128
191,75
193,147
196,130
198,144
