source,target
2,150
6,111
6,196
8,153
9,41
9,146
10,120
12,148
12,165
13,127
16,140
18,81
18,195
20,16
20,193
22,32
24,31
24,87
25,69
26,186
27,118
27,135
27,197
28,29
29,170
30,22
30,134
32,7
32,36
32,107
33,1
34,58
35,94
35,184
39,157
40,26
40,147
43,20
44,2
44,52
44,152
44,171
48,46
55,93
55,171
58,28
58,49
61,82
62,61
63,37
63,174
64,25
64,128
66,92
66,93
66,174
67,2
71,140
72,149
73,56
74,62
74,88
74,154
75,96
75,191
76,127
76,144
77,43
79,5
79,70
79,89
80,8
80,188
81,31
81,95
82,18
83,126
85,105
87,106
87,143
89,15
89,33
89,38
89,149
93,99
93,176
94,24
95,97
98,4
98,91
98,134
99,53
100,66
101,194
102,9
102,44
102,86
104,161
104,178
106,50
106,55
106,156
107,54
107,192
108,12
108,56
109,10
109,48
109,112
109,129
111,85
115,197
117,6
119,80
121,196
122,89
123,36
123,162
124,177
125,5
125,169
126,57
129,35
129,83
129,110
129,138
130,151
131,79
132,42
132,130
133,75
134,17
134,103
135,100
136,30
137,185
141,123
142,104
142,163
144,60
144,67
145,10
148,0
148,64
148,158
148,168
149,51
151,50
152,47
152,177
152,179
152,181
153,73
155,179
157,21
157,184
158,175
159,141
161,158
161,160
161,170
161,186
164,163
165,113
166,19
166,198
168,117
168,152
169,199
171,45
172,47
172,78
173,119
175,59
177,68
178,65
180,167
182,14
182,122
183,7
184,116
185,3
185,136
187,124
189,11
189,90
189,114
189,167
190,64
191,23
191,114
192,84
192,90
192,102
193,34
194,183
198,120
199,137
199,139
