source,target
1,59
4,51
5,125
6,149
7,155
8,13
9,11
9,41
11,45
13,187
14,166
15,8
15,168
16,47
17,82
18,86
18,195
19,55
20,71
20,103
20,104
22,96
23,36
24,107
26,40
26,180
28,16
28,49
29,110
29,193
30,15
30,136
31,44
32,72
32,144
33,37
33,52
35,146
37,63
38,140
39,157
40,89
40,112
40,164
43,103
43,169
45,42
46,162
48,14
50,53
55,50
55,73
55,106
57,3
57,19
57,120
58,69
59,51
60,126
60,133
61,82
63,111
63,159
63,176
63,194
65,76
68,10
68,34
68,135
76,66
76,68
76,110
79,64
81,48
81,62
81,199
82,25
82,74
82,119
82,134
82,155
83,24
83,47
83,85
83,174
84,118
85,95
87,141
87,181
90,185
91,102
92,21
93,56
96,67
97,93
98,79
98,172
99,183
100,7
101,98
104,29
104,77
104,178
105,181
107,54
107,84
107,96
108,17
108,87
108,191
109,23
109,94
110,86
111,88
112,182
113,92
116,178
117,45
117,158
118,27
118,117
119,80
120,90
122,5
122,154
122,170
123,44
123,83
124,35
124,139
125,142
126,106
127,18
127,102
128,58
128,149
128,161
129,12
130,1
131,6
132,67
135,93
137,22
137,151
138,180
139,2
139,109
139,126
139,137
139,156
140,91
142,190
143,75
143,127
144,116
145,75
148,115
148,156
150,33
152,114
152,179
156,171
157,66
159,12
161,99
161,160
162,141
163,113
163,148
165,17
165,150
167,189
168,0
168,196
170,168
172,59
172,78
172,122
172,153
173,70
173,71
175,4
177,184
180,147
182,124
183,62
183,123
184,101
186,136
187,20
188,143
189,87
189,114
192,108
193,128
194,31
196,121
197,177
198,14
