source,target
0,20
0,142
0,155
1,153
1,167
2,55
2,130
8,13
8,117
9,22
11,46
11,99
12,84
13,83
13,127
13,143
16,114
18,162
19,57
20,16
21,85
22,65
23,75
23,135
25,158
26,198
27,107
28,113
28,171
29,8
30,15
30,121
31,89
31,136
33,37
33,42
33,59
33,97
34,195
35,24
35,184
36,23
36,32
41,189
42,84
42,193
43,193
44,183
46,72
46,165
46,177
46,181
47,175
48,129
48,166
50,68
51,59
51,168
52,12
52,81
52,157
54,194
56,11
56,73
57,3
57,101
58,169
59,158
59,197
60,87
60,137
63,95
66,9
66,92
66,178
70,173
72,62
75,192
76,28
76,50
78,196
79,5
82,74
82,119
83,17
85,56
85,105
86,142
90,185
91,70
100,144
100,186
101,27
101,98
103,43
104,14
104,161
104,179
105,147
106,35
106,96
107,94
108,123
109,36
109,126
109,154
110,42
111,6
111,40
111,88
112,53
116,44
116,100
118,45
118,132
119,164
120,55
121,69
121,196
122,4
123,183
124,15
124,138
124,152
125,78
126,38
129,146
129,191
130,148
131,33
131,89
131,111
132,34
133,31
134,82
137,93
137,139
139,109
140,168
141,53
143,188
144,150
145,133
148,156
148,163
149,72
149,79
151,118
151,156
152,176
152,189
153,170
159,93
161,160
161,182
162,159
164,49
164,128
165,7
165,101
167,180
171,102
171,106
172,117
172,164
173,71
173,111
174,17
175,98
176,77
176,165
177,16
177,67
177,116
177,184
178,104
181,169
182,122
182,124
183,10
185,27
185,141
186,51
186,64
186,170
186,190
187,64
188,80
189,188
191,108
192,39
192,90
194,44
194,61
194,63
195,0
197,115
198,52
199,76
