source,target
1,15
1,33
2,105
2,130
4,119
5,98
6,89
8,13
8,164
9,22
9,97
10,183
11,72
11,75
11,159
12,87
12,135
16,41
17,56
18,97
18,127
21,195
23,36
25,69
26,4
29,170
30,193
30,196
33,52
34,132
35,43
35,94
35,106
37,89
37,103
37,173
39,91
40,147
41,189
42,31
42,191
44,55
44,150
44,157
44,185
45,110
45,177
46,11
47,58
49,28
50,19
51,47
51,77
52,109
52,116
53,112
56,21
57,111
57,120
59,51
59,104
59,118
59,163
60,81
60,107
62,131
63,48
63,153
66,152
66,197
67,132
68,14
68,34
69,64
69,71
71,39
71,59
71,121
71,128
71,136
73,44
73,108
73,182
74,82
75,143
77,88
78,82
78,86
78,172
79,30
80,8
82,155
85,66
85,171
88,37
88,115
89,38
92,66
93,50
93,73
93,123
93,176
96,27
96,42
96,120
99,53
100,197
105,169
106,61
107,24
109,23
109,145
115,112
116,68
116,184
117,54
117,158
117,168
118,186
122,179
124,138
124,182
125,5
126,50
128,193
129,146
131,154
131,175
133,144
134,98
134,136
135,100
137,18
137,67
137,105
137,151
139,67
139,96
139,102
140,134
142,64
144,113
148,151
152,70
152,76
154,122
155,7
155,190
156,106
156,158
156,187
157,95
157,141
159,62
161,104
161,107
161,160
162,167
162,180
164,4
164,40
164,149
164,156
165,101
165,174
165,189
168,20
168,142
170,13
171,108
172,29
173,188
174,17
174,63
174,83
174,191
178,0
178,65
179,161
181,46
181,84
181,192
183,137
184,177
185,3
185,27
188,178
189,162
191,90
191,114
191,129
193,49
194,84
194,113
195,117
198,145
198,166
199,22
199,32
