source,target
0,240
0,263
1,43
2,80
2,284
3,98
3,108
6,17
6,207
6,237
6,245
10,82
11,94
11,230
12,83
13,158
13,196
17,229
21,20
22,32
22,209
24,151
24,293
25,174
26,201
26,254
27,246
29,199
34,37
35,15
35,160
35,184
37,62
37,275
40,208
41,165
42,11
43,48
44,104
44,227
45,177
47,60
47,194
48,38
49,224
50,35
56,105
56,131
56,284
57,84
57,158
58,4
58,153
58,266
60,114
61,130
63,276
64,146
65,109
65,170
66,248
67,55
68,257
69,90
70,59
71,4
71,74
71,202
75,55
75,133
75,191
76,92
77,120
77,134
77,169
78,137
84,259
86,39
86,173
86,273
88,76
88,106
89,183
91,41
91,95
91,212
91,286
91,292
94,3
97,61
98,296
99,81
99,234
101,51
101,252
102,230
105,252
105,271
109,206
110,15
111,67
112,21
112,46
112,129
112,130
112,255
113,2
113,73
113,268
119,287
122,31
123,197
123,260
124,166
124,174
125,285
126,86
127,79
129,18
129,209
132,8
132,38
132,274
132,289
135,192
137,22
137,23
137,250
139,253
143,56
143,189
144,162
145,83
148,294
152,211
154,185
155,100
156,19
156,229
158,147
158,170
159,52
159,153
159,232
159,261
161,87
161,149
161,216
161,243
161,279
162,65
162,117
164,89
164,210
164,267
166,135
166,233
167,14
167,28
167,282
168,125
169,124
170,7
170,33
170,181
171,3
171,85
171,148
171,157
171,283
172,69
173,247
174,72
174,100
174,128
174,140
174,214
174,241
175,225
175,264
176,146
176,198
177,16
177,204
178,207
179,269
182,226
183,248
184,54
184,79
184,91
184,103
184,141
185,175
185,205
186,44
186,235
187,247
188,70
188,196
190,297
191,242
199,289
200,142
201,236
208,76
208,112
209,93
210,228
211,150
213,42
214,236
215,210
216,220
217,215
217,246
218,90
218,286
220,16
221,142
222,40
223,147
224,5
224,156
226,9
226,211
227,0
229,75
229,221
231,109
233,68
234,28
234,64
235,136
235,291
236,138
237,180
238,24
238,139
238,152
238,193
238,194
239,101
240,283
244,136
245,36
245,157
246,195
249,74
249,122
251,205
255,171
257,186
258,63
259,203
260,139
261,176
261,179
262,26
262,96
264,57
266,121
267,270
269,222
271,277
272,73
272,265
273,58
273,145
274,71
274,183
275,107
275,220
276,29
277,118
277,216
278,219
279,152
279,190
279,219
283,30
283,115
283,295
284,256
284,281
285,54
286,116
286,163
287,6
288,295
290,10
290,202
292,13
294,154
294,280
295,53
297,115
298,20
299,133
