source,target
0,257
1,64
1,149
2,38
3,152
6,106
7,60
7,211
8,104
10,179
12,14
12,230
15,110
15,208
17,4
17,54
17,131
21,112
22,276
23,51
23,55
24,188
25,158
25,161
25,199
25,205
26,283
26,289
26,294
27,122
28,59
31,160
32,178
32,184
33,49
34,287
35,71
36,296
37,186
37,235
37,240
38,111
38,153
38,211
38,238
40,168
43,80
45,66
46,150
47,275
48,68
48,243
48,284
51,25
52,69
52,260
53,111
54,3
54,276
55,93
56,118
57,201
58,212
58,273
61,100
62,2
63,181
66,74
66,251
67,48
67,299
69,189
69,227
70,254
71,83
73,165
73,225
74,156
74,231
76,58
76,92
77,274
79,75
80,56
80,220
81,36
82,46
83,82
85,214
86,139
87,234
88,109
88,171
90,142
90,265
90,279
91,15
91,201
94,97
94,298
95,260
95,274
96,213
100,72
100,76
101,103
101,123
103,245
105,96
105,136
110,45
112,18
113,215
113,258
116,39
116,126
117,244
117,246
118,112
119,42
121,196
121,266
122,109
124,229
128,121
128,146
128,267
132,232
133,55
133,140
133,296
137,191
137,263
138,41
138,179
138,181
138,222
139,99
139,203
140,173
144,127
144,154
144,198
149,17
149,185
151,65
151,262
156,78
158,30
158,129
158,272
160,204
162,294
164,56
165,108
165,137
166,98
166,209
167,89
168,50
168,145
168,286
169,0
170,7
175,202
176,28
177,122
177,190
178,59
178,75
179,102
180,34
180,248
182,61
183,12
183,143
183,237
185,9
185,154
186,96
187,174
187,247
192,19
192,29
192,62
192,135
193,130
193,281
194,242
194,252
195,237
197,221
198,134
200,85
200,255
202,35
202,241
206,228
207,178
210,120
211,172
212,42
212,164
216,279
217,70
217,210
219,217
220,238
220,271
221,138
222,40
222,137
223,30
224,86
226,203
226,297
228,141
228,169
230,269
231,37
231,254
232,77
232,159
235,43
235,54
235,264
238,85
238,218
239,219
240,114
242,106
242,190
242,192
243,117
245,207
246,44
247,208
249,157
249,285
250,197
252,31
252,256
253,196
256,215
257,1
257,234
260,84
260,167
261,124
261,159
262,115
265,236
265,290
266,132
266,259
268,49
268,239
269,11
269,32
269,270
269,292
270,20
270,91
270,116
270,227
271,47
271,291
272,95
272,295
274,24
275,67
277,90
277,98
278,32
280,176
281,155
281,187
284,125
284,226
284,262
285,206
285,293
286,8
286,82
287,156
288,13
288,182
288,282
289,163
289,233
290,5
290,8
290,16
290,52
290,107
291,147
294,148
298,167
298,289
