source,target
0,265
0,288
3,79
3,93
5,72
7,132
8,69
8,175
8,225
9,226
10,12
10,224
11,12
13,148
14,49
15,4
15,19
15,81
16,242
17,96
17,278
19,150
20,89
20,91
22,98
22,141
22,295
23,208
25,190
27,80
27,127
27,246
29,192
29,237
30,232
30,251
31,160
31,297
32,165
32,173
32,209
32,229
32,292
35,89
37,59
37,256
39,172
39,267
39,277
40,55
41,124
41,222
41,241
44,246
50,282
51,226
52,8
52,73
52,95
52,158
52,159
53,45
54,43
54,141
54,152
54,297
55,127
56,111
57,189
58,167
62,147
62,192
63,276
64,203
66,113
67,271
68,31
70,7
75,108
75,191
76,14
76,261
78,276
80,47
80,65
80,223
82,10
82,259
83,126
83,266
85,92
85,214
87,268
89,36
90,4
91,57
91,270
93,156
94,236
95,5
96,149
97,19
100,0
101,213
102,228
103,32
104,176
105,74
106,1
108,154
109,165
110,33
112,118
112,179
113,74
113,117
113,122
114,106
114,294
115,134
115,181
115,231
117,162
119,278
121,247
124,17
124,116
125,198
126,159
126,234
127,79
127,221
129,227
130,61
130,273
132,52
132,258
135,203
136,216
137,97
137,131
137,138
142,58
142,90
143,110
143,238
143,264
144,186
145,86
145,121
146,81
148,269
149,180
149,206
149,210
149,291
152,279
154,62
157,26
159,205
161,9
161,107
161,248
162,144
163,259
166,75
166,135
169,274
170,254
170,299
171,178
171,255
172,119
172,254
172,293
174,21
174,40
174,208
174,281
175,20
176,100
176,204
176,243
176,248
177,38
177,48
177,87
177,185
178,54
181,37
181,195
181,285
183,18
183,130
184,18
186,101
188,2
188,24
188,245
189,182
190,241
193,69
194,6
195,1
195,66
195,71
196,41
197,65
198,196
199,90
199,103
201,199
204,155
204,253
206,76
210,120
210,220
211,125
212,201
213,211
213,252
214,120
216,207
217,234
218,147
219,115
219,235
220,16
221,88
224,73
227,265
230,140
232,80
232,140
232,206
237,27
237,28
237,207
238,68
239,42
240,60
240,70
241,139
247,25
248,151
248,194
249,122
249,157
249,200
250,3
252,102
252,244
253,187
256,78
256,215
257,191
258,284
259,236
260,77
260,123
260,212
261,84
262,111
262,134
265,34
265,164
265,263
265,272
268,82
269,153
269,168
269,179
270,129
270,269
271,249
274,71
274,128
275,67
275,239
279,24
279,161
280,60
281,233
282,202
283,38
286,83
287,243
288,46
288,61
288,282
289,280
290,58
291,99
291,240
292,286
296,133
296,200
298,45
298,193
