source,target
0,77
3,94
3,239
4,13
4,292
5,57
6,206
7,70
7,216
8,12
10,82
10,200
10,238
10,290
11,58
12,14
12,155
13,14
18,129
20,203
21,196
25,87
27,90
27,190
27,210
28,59
30,194
31,61
34,212
35,126
35,202
35,209
36,167
38,31
38,199
38,291
43,146
44,154
46,23
47,294
48,66
48,299
50,40
50,296
52,24
53,271
54,29
54,165
55,53
56,17
57,189
58,138
60,136
61,78
62,9
62,240
63,54
63,258
64,38
64,193
68,69
69,226
69,293
71,243
72,62
73,112
74,30
74,134
77,12
77,252
78,263
82,41
83,128
84,33
84,232
85,214
86,205
87,16
87,185
88,97
89,247
91,295
91,298
92,255
95,39
95,274
96,105
96,140
96,178
99,22
99,44
100,99
100,182
100,203
101,42
101,276
103,228
104,176
106,195
107,1
107,116
108,2
109,23
113,207
114,111
115,64
115,80
115,102
116,4
117,113
119,144
120,274
121,100
121,191
123,56
123,197
124,287
125,150
126,159
126,275
128,224
128,251
129,98
130,92
130,183
131,56
133,169
136,256
138,122
139,89
141,114
142,147
143,189
143,215
143,289
145,225
146,137
147,81
147,177
147,254
149,2
149,60
149,231
151,248
152,24
152,278
154,25
154,110
154,242
156,76
156,229
157,285
158,30
158,170
159,8
161,205
161,234
161,247
162,188
163,182
164,265
165,105
167,158
169,228
170,237
171,88
171,148
171,296
173,32
173,152
174,214
174,273
177,143
179,93
180,34
181,150
181,162
183,51
183,283
184,149
184,200
186,103
187,98
187,121
188,282
190,265
190,297
192,211
200,123
200,160
201,85
201,91
204,82
205,33
205,175
205,281
207,115
208,36
208,128
210,70
210,184
211,67
213,42
215,46
215,135
215,271
216,19
218,223
218,260
220,194
221,3
221,75
221,118
221,137
222,266
224,15
224,49
225,220
225,272
227,286
229,221
229,256
230,50
233,156
233,166
234,87
234,217
234,280
235,37
235,264
236,20
237,268
238,218
238,259
238,284
239,26
239,68
240,151
241,11
241,18
242,219
243,117
244,6
244,28
244,119
244,157
245,178
247,79
248,96
248,161
249,122
250,131
252,63
252,103
253,71
255,171
256,179
261,91
263,72
264,245
266,11
267,261
268,67
268,201
268,212
269,270
271,47
271,168
271,195
271,198
273,21
273,39
273,142
273,270
275,257
277,90
278,253
279,172
279,246
280,176
280,213
280,233
281,73
281,286
282,130
283,111
285,127
285,231
286,288
287,291
288,153
289,124
291,65
291,66
291,132
291,262
291,279
293,181
298,45
