source,target
1,64
1,136
2,70
5,49
5,72
5,204
5,267
6,38
6,106
7,88
7,226
8,236
9,161
10,193
11,58
11,269
12,205
15,86
17,4
20,8
20,17
20,174
21,148
22,134
22,141
23,178
24,233
27,235
28,18
28,74
32,117
34,199
37,248
38,190
40,78
41,165
42,98
43,176
44,47
44,255
45,110
46,112
50,153
50,184
50,277
51,232
52,49
54,29
58,95
58,160
58,238
62,120
64,115
64,203
65,162
66,45
67,151
67,219
67,242
69,219
70,254
71,274
72,187
73,281
74,216
74,240
75,56
75,97
76,276
78,247
80,122
80,251
82,100
83,20
84,10
85,239
86,241
87,265
87,284
88,137
89,92
89,116
90,4
96,36
96,183
97,81
98,139
101,152
101,250
103,42
104,95
107,28
107,126
108,54
109,188
113,195
113,252
115,114
115,283
116,286
117,284
117,285
118,112
121,21
124,61
124,143
125,168
125,178
125,185
126,290
127,223
128,57
129,201
130,224
130,273
131,32
131,56
131,171
134,96
137,89
138,85
140,273
142,45
142,147
143,99
143,202
143,295
147,121
147,170
149,3
149,37
149,206
154,108
155,39
155,57
157,211
158,13
159,91
159,267
161,41
162,144
162,207
162,246
164,31
164,100
164,169
165,73
165,150
165,245
166,150
167,61
167,298
170,109
170,279
172,55
173,130
176,186
177,44
178,211
179,102
179,208
181,136
182,79
183,176
183,297
184,25
185,69
187,184
188,13
188,27
189,225
190,189
190,218
191,66
192,43
194,33
194,217
194,259
197,138
197,163
198,228
198,294
200,98
200,142
201,287
202,0
202,179
205,264
208,19
208,259
208,292
210,144
212,77
212,246
212,270
213,133
214,103
215,47
215,135
216,68
216,256
220,16
224,209
226,30
227,46
227,212
229,35
229,166
230,12
231,180
231,245
233,146
234,60
234,169
235,37
235,101
235,127
235,262
236,89
236,94
236,124
236,128
237,67
237,220
239,201
241,82
242,62
242,132
242,164
243,104
244,119
244,123
244,156
245,59
249,213
250,93
250,231
251,15
252,63
252,152
252,256
253,0
253,71
253,272
254,19
254,26
255,200
255,247
256,51
257,68
258,193
260,33
261,145
261,225
261,227
262,111
263,121
264,288
265,233
266,83
266,224
268,31
268,177
270,14
270,116
271,25
275,1
275,239
276,58
276,266
277,55
277,237
278,7
278,34
280,213
280,271
282,139
283,171
284,105
284,182
285,76
285,108
285,221
286,222
288,10
288,167
289,132
289,175
289,196
291,80
292,214
293,249
294,244
294,299
295,53
296,173
297,175
299,48
299,125
