source,target
1,104
2,99
3,23
3,156
5,68
5,145
6,91
6,95
6,166
8,46
8,163
11,46
13,173
15,19
16,120
17,188
19,20
19,191
20,153
20,154
21,12
21,88
22,27
25,198
26,2
26,114
26,159
28,47
30,25
30,108
32,60
32,169
33,182
34,2
34,69
34,139
34,146
36,65
37,90
37,125
39,71
40,63
41,96
42,132
43,50
44,61
44,80
44,193
47,97
49,28
50,179
51,142
52,125
55,53
55,82
56,151
56,162
57,130
57,174
58,10
58,73
58,124
60,31
62,86
63,59
63,138
63,179
66,168
67,129
67,186
68,100
71,16
71,143
72,37
72,116
73,160
74,136
75,118
76,140
77,31
77,178
79,84
79,176
80,77
81,85
84,29
84,109
85,76
89,108
91,55
91,189
92,177
93,86
93,124
94,137
94,184
95,87
95,170
97,133
97,150
98,26
99,126
100,37
101,131
102,0
102,38
102,48
102,64
104,41
104,42
106,196
109,105
110,180
113,152
116,192
117,8
117,188
119,148
120,14
122,23
126,4
127,191
129,55
129,147
130,3
131,44
131,78
132,79
134,144
134,172
135,3
135,39
135,103
136,134
138,102
140,0
140,67
140,100
141,98
141,123
141,185
145,199
147,15
148,166
149,45
149,54
149,111
149,128
150,113
151,114
152,88
152,94
153,22
153,181
155,34
155,51
157,117
158,177
159,106
159,112
159,149
160,18
160,35
161,45
162,171
162,194
163,112
164,146
165,95
166,9
168,167
168,197
169,14
169,58
172,158
172,175
173,65
173,118
173,165
174,137
175,13
176,5
176,33
176,121
180,83
180,161
181,141
182,107
182,115
183,70
183,93
184,7
190,24
190,81
195,135
196,58
196,187
197,32
198,190
