source,target
0,44
0,50
1,188
2,116
2,123
2,153
4,104
4,154
4,189
5,77
6,112
7,110
8,46
8,177
8,194
9,28
9,32
9,77
9,85
9,119
10,45
14,6
15,131
16,71
16,94
18,64
19,39
19,140
20,31
20,148
22,2
23,179
25,90
27,40
27,58
27,66
30,91
33,23
33,114
34,122
34,136
35,160
35,163
37,63
38,58
38,59
39,76
39,130
39,145
40,83
41,96
42,1
43,50
45,14
45,27
45,137
45,185
47,16
47,62
47,136
48,49
49,134
49,138
51,182
53,100
54,75
55,161
56,151
57,60
57,74
58,177
60,69
60,81
61,95
62,105
65,62
66,29
71,76
71,143
72,48
72,52
72,196
74,17
74,129
75,4
79,199
80,156
81,25
82,55
83,65
83,73
85,78
87,12
87,100
87,195
88,13
88,126
92,36
92,150
93,67
93,109
93,124
96,103
99,126
100,68
100,197
101,4
101,99
102,144
103,61
103,73
106,26
106,115
108,30
108,190
109,82
109,84
110,176
111,23
113,121
115,51
115,56
115,171
117,165
118,15
120,186
123,164
123,182
125,153
126,64
127,63
128,149
128,155
128,187
129,131
130,70
132,42
135,3
138,102
138,121
139,44
141,24
141,34
142,146
142,162
143,0
143,3
143,101
144,78
144,106
147,88
148,166
149,54
149,159
152,93
153,37
156,185
158,57
161,47
161,133
163,30
164,142
165,13
166,10
166,86
167,22
168,167
170,172
172,35
172,175
173,20
175,95
176,33
176,90
176,152
177,92
177,97
178,157
178,170
179,11
179,174
180,0
180,169
181,98
181,141
183,61
184,154
186,19
186,199
187,107
188,117
191,163
192,124
193,5
195,41
195,142
198,89
198,128
199,21
