source,target
5,16
5,39
7,75
7,79
7,109
7,129
7,145
8,197
11,179
14,147
15,42
15,70
17,6
20,17
20,19
20,135
20,165
22,52
22,54
22,63
22,167
26,178
26,198
27,169
28,102
28,110
29,195
31,23
31,143
32,35
32,188
33,162
33,182
34,146
35,124
35,143
36,176
39,14
39,64
39,132
40,191
41,15
42,84
42,96
43,31
44,139
44,152
45,185
46,112
48,44
49,24
49,130
53,82
54,128
56,10
57,11
58,10
58,50
60,69
60,97
60,172
61,62
61,112
61,178
62,9
62,65
63,25
64,1
66,60
66,104
67,68
67,95
71,78
72,37
74,4
76,58
76,87
76,183
77,5
78,13
80,47
80,160
80,176
81,85
83,72
83,128
83,180
84,131
88,63
88,84
88,118
89,138
90,81
91,119
91,189
92,158
93,21
93,78
93,148
94,137
95,100
95,166
95,175
97,73
98,83
100,35
100,61
101,131
101,168
103,36
103,150
106,117
107,75
107,123
107,194
108,2
109,67
110,21
110,45
110,59
110,76
111,38
113,64
116,171
116,196
117,65
117,120
117,133
118,45
118,53
118,173
118,193
120,12
122,43
125,37
126,99
127,149
130,105
132,55
134,57
137,174
140,91
140,102
141,98
142,51
143,3
146,142
147,188
148,144
149,111
150,174
151,115
151,181
152,49
152,156
153,2
154,47
155,151
156,185
157,38
157,93
157,199
158,22
159,26
160,18
160,192
161,180
162,142
162,155
162,171
163,177
164,56
165,157
166,86
170,77
172,0
172,80
172,81
172,190
176,121
177,58
178,74
179,122
181,164
182,108
185,184
186,19
187,196
190,136
191,114
191,126
191,163
192,134
192,138
195,135
196,30
197,32
198,140
198,169
