source,target
2,40
2,116
3,135
4,74
4,101
8,140
11,172
12,21
12,41
12,46
13,88
14,131
14,188
17,13
17,194
19,15
19,20
19,157
20,27
20,31
20,94
21,6
21,36
21,103
21,186
22,10
22,30
23,111
24,37
27,121
27,161
28,166
29,195
30,38
30,108
32,1
32,57
34,171
34,196
36,61
36,96
38,35
39,197
42,12
42,82
44,48
44,79
44,132
46,112
48,102
51,149
52,37
52,72
56,98
57,62
57,130
57,177
58,59
59,185
60,80
61,65
63,127
66,58
66,83
66,144
69,89
70,15
72,48
73,76
74,45
74,46
74,105
75,54
75,176
76,39
78,17
79,5
79,71
79,110
79,145
81,92
81,132
82,104
84,42
86,199
87,4
88,9
88,147
88,158
89,22
90,68
91,117
98,83
100,153
100,180
100,197
101,190
103,44
105,7
105,50
105,118
105,154
106,134
108,191
109,0
109,84
110,95
110,129
110,169
111,164
113,53
113,152
114,26
114,138
115,106
116,43
119,66
120,94
122,23
123,182
124,3
125,2
126,1
126,80
128,181
129,13
129,55
129,77
129,117
129,189
130,3
130,167
132,64
132,193
133,85
133,97
134,49
134,88
136,63
137,179
138,63
138,192
139,136
140,102
142,122
142,179
143,71
144,148
146,198
149,33
149,159
150,154
150,175
151,34
151,146
152,45
152,67
152,93
156,183
157,119
159,173
160,113
162,56
163,16
163,178
164,155
164,181
165,16
167,43
167,69
168,150
169,68
169,99
170,18
170,38
171,115
171,155
172,160
173,95
174,186
176,27
180,109
180,166
181,141
182,33
183,70
184,14
184,133
187,25
187,107
187,128
189,184
191,114
192,100
192,185
195,142
197,47
197,163
199,105
