source,target
1,4
2,165
3,60
3,156
6,134
10,38
10,58
10,90
10,191
14,178
15,14
16,47
17,176
19,16
19,119
20,27
20,90
21,154
23,179
24,114
25,50
26,196
32,1
32,9
32,15
34,155
35,31
35,53
37,52
38,48
38,174
40,149
40,159
42,64
43,35
44,58
45,57
45,149
46,12
48,190
50,119
50,173
52,138
53,28
53,42
55,19
55,131
56,10
56,151
58,11
59,133
61,5
61,92
62,61
65,83
65,173
66,24
67,4
70,82
72,116
73,74
73,80
74,8
75,88
75,183
75,193
76,55
77,93
77,157
78,21
78,144
79,199
81,158
82,7
83,0
83,2
83,81
84,101
85,184
87,84
88,118
88,136
88,139
91,145
92,57
92,103
92,161
93,124
93,129
95,94
95,120
96,199
97,18
97,143
98,56
98,182
99,169
100,197
101,172
102,121
102,138
102,144
103,42
103,49
104,65
105,46
107,34
109,7
109,170
110,161
111,98
112,102
113,62
114,26
114,33
114,51
114,155
116,104
117,152
118,185
119,41
120,13
120,17
122,146
123,63
125,194
125,198
126,99
128,181
129,118
129,189
130,3
132,86
132,122
132,175
132,183
133,97
134,22
134,78
134,89
135,163
135,188
136,72
136,148
137,85
138,30
139,69
140,177
141,127
141,185
142,153
142,195
143,29
143,147
143,188
144,106
145,17
145,166
148,71
150,73
150,177
152,180
153,37
154,103
154,130
155,162
156,80
156,135
160,0
163,68
163,75
163,197
164,123
165,79
165,126
167,168
168,36
168,46
168,66
169,14
169,91
170,18
170,39
171,23
171,115
174,150
179,142
180,95
181,141
182,54
184,193
186,67
187,123
191,108
192,87
192,125
194,107
196,111
196,187
