source,target
0,180
1,68
1,95
2,37
4,188
5,118
5,145
7,87
8,86
9,93
14,120
14,156
15,55
16,81
16,163
16,180
17,70
18,150
21,199
22,10
23,43
25,91
25,144
26,45
26,125
26,184
27,0
28,102
30,196
31,129
32,35
34,63
34,139
35,108
35,194
37,122
40,2
40,191
41,15
41,104
42,126
44,4
44,63
44,149
46,168
47,96
49,43
49,97
49,134
49,187
50,46
52,138
53,9
53,110
55,7
55,53
55,90
56,162
57,52
58,36
59,192
60,69
61,5
61,178
62,57
62,113
63,123
64,12
65,62
65,117
67,100
67,101
70,197
71,148
72,48
73,45
73,76
73,165
74,60
74,80
75,4
75,105
75,176
77,20
77,44
78,167
79,1
82,133
82,161
83,2
83,32
83,121
84,88
85,61
88,6
88,100
91,119
92,60
92,99
92,185
93,28
95,67
95,173
95,186
96,184
99,157
101,14
102,13
102,38
102,121
105,8
107,33
107,127
107,182
108,18
109,84
111,54
111,149
112,79
113,75
113,140
116,106
118,94
119,65
121,92
124,97
126,37
127,38
128,142
128,179
129,11
130,105
131,154
132,12
132,175
135,3
135,170
136,160
142,51
142,114
143,147
145,132
146,164
148,21
150,11
150,174
151,146
151,155
152,109
153,83
153,190
154,132
154,152
156,16
158,190
159,13
162,25
163,19
163,30
163,135
164,182
166,78
167,112
168,170
169,71
169,161
170,39
170,197
171,56
171,98
171,115
172,57
172,66
172,160
174,103
174,169
176,27
176,36
177,59
181,141
185,137
187,22
190,24
190,72
190,116
190,198
192,89
192,158
193,143
195,29
195,135
195,142
196,49
196,141
199,96
199,166
199,183
199,189
199,193
