source,target
0,199
3,23
4,59
4,77
6,68
6,104
6,112
6,184
7,1
7,67
7,149
8,197
9,180
11,168
12,32
13,78
14,176
18,30
19,47
19,76
20,111
20,157
21,188
23,122
24,191
25,66
26,35
26,108
29,84
30,52
30,89
31,60
32,169
33,142
37,125
39,132
40,123
42,79
45,10
45,63
46,147
48,22
49,28
49,103
50,11
50,46
51,127
51,155
51,162
51,182
53,5
53,13
53,113
53,161
54,75
56,61
57,15
57,196
58,76
58,144
59,38
60,16
61,36
61,173
62,64
63,37
63,141
64,140
64,170
64,183
68,175
71,165
72,58
73,80
73,81
73,166
74,0
74,9
74,137
75,94
75,117
77,17
78,28
78,85
78,91
78,118
79,120
79,195
81,74
82,42
86,152
87,126
92,14
92,41
95,18
95,166
96,36
99,2
99,97
100,154
104,65
105,0
105,154
106,115
107,115
107,139
108,30
109,84
109,124
110,7
111,98
113,152
114,194
117,8
117,69
117,148
121,92
122,179
123,107
124,93
126,4
128,54
128,123
129,118
130,18
131,183
132,12
133,185
134,6
134,22
134,57
134,121
135,39
140,93
142,114
142,164
142,195
144,143
144,190
146,34
152,102
153,2
153,181
155,34
155,171
156,77
156,135
156,145
158,60
158,177
160,1
160,83
160,128
160,187
163,40
164,111
166,55
167,164
168,96
169,53
169,99
170,61
170,71
170,73
171,116
172,27
172,158
173,159
174,130
176,21
176,44
176,90
177,59
177,150
178,148
179,33
179,63
180,87
183,70
184,189
185,45
186,5
188,25
188,119
188,156
188,197
190,116
190,136
190,192
191,31
192,43
192,160
193,29
194,49
197,88
197,101
198,138
198,140
198,151
