source,target
0,61
1,95
3,135
3,156
7,88
7,99
9,57
9,166
11,168
12,14
12,186
13,175
14,17
14,173
16,35
18,130
18,150
19,15
19,16
19,53
19,87
20,75
20,93
20,180
21,148
24,37
25,94
26,54
26,184
27,58
28,49
30,25
30,190
31,163
32,57
32,61
32,136
33,23
33,149
33,179
34,100
34,181
34,194
37,72
37,155
38,174
39,71
39,88
39,132
41,65
42,79
43,31
44,77
45,137
47,36
47,119
49,153
50,80
55,7
56,171
58,10
58,76
59,108
60,74
60,106
63,89
64,82
65,104
66,44
67,109
67,175
69,3
70,45
72,167
73,13
74,73
75,148
76,39
77,105
78,189
79,140
79,169
79,195
80,60
81,85
81,92
81,125
83,0
84,42
84,101
84,120
84,143
85,12
85,18
85,102
89,26
91,68
91,81
93,131
94,14
96,13
96,113
97,121
98,83
98,171
100,170
103,130
105,20
105,62
105,82
105,110
105,129
106,144
107,141
108,2
108,139
109,4
110,29
113,46
113,118
113,152
113,183
114,142
115,107
115,111
116,187
118,184
119,41
121,160
123,69
124,18
127,141
128,179
131,84
132,96
133,59
134,172
138,192
139,38
140,163
140,198
142,33
142,51
142,107
142,146
143,188
145,5
145,91
145,178
146,122
147,188
149,123
150,11
151,115
152,45
152,110
152,117
154,157
154,176
156,183
156,185
158,22
159,106
160,114
161,150
162,151
164,56
165,104
165,154
166,78
166,95
166,145
167,43
167,112
169,90
170,8
170,47
172,11
176,6
176,27
177,63
179,22
179,52
182,34
183,86
184,16
184,193
186,75
187,196
189,49
191,24
191,40
192,48
192,116
196,133
198,138
199,55
199,126
199,197
