source,target
1,71
4,189
5,28
6,68
6,148
8,158
9,77
9,180
10,58
11,179
12,32
12,42
12,46
14,156
15,131
16,81
16,132
16,188
17,13
17,29
17,35
17,147
20,173
21,6
21,78
21,176
22,74
23,111
24,160
25,35
26,141
26,184
27,22
28,93
29,130
31,23
34,139
36,47
36,96
37,126
38,18
38,48
38,127
38,174
39,3
40,123
42,84
42,103
43,122
44,61
44,170
46,172
50,11
52,167
53,55
54,45
55,152
57,15
57,134
58,66
58,76
58,144
58,168
59,185
60,97
60,196
61,92
61,186
62,86
63,24
63,49
63,89
64,15
65,83
66,158
66,160
67,175
72,89
73,81
75,5
75,107
76,31
77,44
77,93
77,117
79,100
79,169
82,140
83,0
83,98
83,166
84,145
85,165
86,178
88,149
90,68
91,129
92,102
92,150
94,14
94,120
94,129
98,56
101,4
101,84
103,57
103,150
105,193
106,124
108,114
109,7
109,21
110,39
110,87
110,95
111,20
111,54
112,163
113,41
113,53
113,82
113,154
114,33
114,194
115,106
116,2
116,25
116,171
118,88
119,50
120,13
121,17
121,99
122,37
124,109
126,80
126,191
130,105
134,121
134,192
135,12
135,161
135,178
135,197
137,74
137,91
138,66
139,63
140,133
140,198
142,51
146,123
146,151
146,164
148,67
148,166
151,115
151,162
153,114
154,47
155,49
157,38
159,52
162,51
164,182
165,27
165,95
165,143
173,159
173,195
174,19
174,186
175,177
178,50
178,163
181,142
183,70
184,94
185,16
186,104
187,116
188,70
188,113
190,30
190,108
190,136
191,10
191,128
192,125
193,79
193,118
193,199
195,135
196,26
196,69
196,136
198,146
199,41
199,71
