source,target
0,25
1,63
1,80
2,85
5,47
6,30
7,10
7,55
8,1
8,84
11,20
11,29
12,34
12,70
13,9
13,46
14,82
15,45
17,52
17,60
18,9
20,78
21,35
22,66
22,99
23,37
23,57
24,79
25,28
25,56
28,13
31,73
33,5
34,58
37,12
37,60
38,7
38,35
40,2
40,23
40,90
40,91
41,50
41,51
44,40
45,42
46,44
49,83
50,36
53,2
53,27
54,51
54,67
55,4
55,87
58,5
58,22
58,83
60,32
61,31
62,43
62,86
64,14
65,94
65,97
65,98
67,61
68,3
69,14
71,24
73,3
73,96
75,27
75,64
76,16
78,30
78,38
78,92
79,39
80,16
80,48
80,77
80,93
84,81
86,74
87,65
87,74
88,49
89,88
90,26
90,42
94,33
95,71
96,11
96,59
96,72
99,19
99,39
99,80
