source,target
4,14
4,55
5,12
5,90
6,48
7,9
7,81
7,84
8,56
9,13
9,18
9,60
9,69
9,83
10,39
11,20
11,29
13,28
15,95
16,80
22,66
24,71
24,79
25,73
27,53
30,45
32,58
32,82
35,21
36,50
37,0
37,98
38,35
38,85
40,91
41,23
41,51
42,34
43,88
44,2
44,10
45,6
48,97
49,63
51,99
52,70
52,92
53,50
53,52
54,3
54,13
54,67
54,73
55,32
57,62
58,91
59,10
60,1
60,27
60,75
62,31
62,74
62,96
63,7
63,8
63,33
63,47
64,2
64,75
66,26
66,29
66,49
70,34
74,4
75,65
75,68
76,61
77,30
79,89
80,76
82,5
85,86
86,57
86,89
87,37
88,17
90,17
90,77
92,41
92,78
93,96
94,40
95,47
96,72
97,1
98,46
98,84
99,16
99,19
