source,target
1,44
2,38
3,50
3,77
4,64
4,82
5,75
6,29
9,7
9,46
10,39
10,44
12,9
13,28
17,88
18,8
18,13
23,42
23,57
25,59
26,89
27,47
29,1
30,5
30,45
30,99
31,0
31,30
31,61
32,74
33,58
35,21
36,50
38,35
42,34
42,58
42,60
43,95
45,15
46,81
47,2
47,78
48,17
49,13
49,38
51,10
51,41
52,31
52,92
53,23
55,54
55,94
56,25
59,10
59,96
60,45
62,43
63,18
63,81
64,69
65,52
66,26
67,61
68,3
69,0
69,14
72,86
73,3
73,55
74,86
75,48
75,89
76,70
78,20
79,27
80,16
80,76
80,99
81,84
83,78
83,93
86,85
87,65
88,49
89,22
89,37
90,6
91,83
92,40
94,63
95,4
95,71
96,11
96,72
96,73
97,90
98,19
98,51
99,24
