source,target
0,69
3,68
3,73
6,94
7,10
7,18
8,1
11,20
17,48
18,63
23,2
23,57
23,92
25,28
26,15
26,22
27,38
28,84
30,79
31,19
32,26
33,5
33,58
35,0
35,21
36,50
39,24
39,79
41,23
42,34
42,70
42,90
44,40
46,86
47,5
48,16
48,90
48,97
50,1
50,3
51,37
51,88
51,99
52,86
52,92
53,29
53,40
53,52
53,69
54,51
54,67
56,54
57,80
58,60
58,87
60,53
61,67
62,96
63,13
63,33
63,49
63,81
64,22
65,81
69,9
69,14
70,12
71,24
73,96
74,32
74,62
75,68
75,89
76,16
76,41
77,97
78,66
80,19
80,93
83,91
84,38
84,45
85,98
86,4
86,66
86,72
88,17
89,82
91,74
93,83
94,42
94,55
95,43
95,45
95,76
96,11
96,59
98,46
99,39
