source,target
0,7
0,31
1,8
1,52
2,46
2,64
3,54
4,94
5,22
5,33
5,55
5,66
6,69
6,97
7,38
8,56
9,35
11,29
11,96
17,75
17,87
17,88
18,9
18,13
21,35
24,71
24,99
25,56
26,15
26,87
29,1
31,19
33,54
34,32
37,80
38,83
40,91
41,51
42,27
42,81
43,99
44,5
44,10
45,12
47,6
47,30
47,45
47,95
48,16
48,68
48,93
50,36
53,23
53,85
53,86
59,10
60,9
60,17
61,31
61,67
62,74
63,13
64,48
66,49
70,22
70,34
70,76
73,25
74,91
77,16
78,20
78,92
79,24
79,38
79,60
80,47
82,4
82,5
82,14
82,52
83,50
84,28
84,79
84,81
86,57
86,72
86,89
87,58
88,51
88,82
89,98
90,42
90,65
92,90
93,53
96,62
97,26
98,14
99,39
