source,target
0,66
1,20
2,48
2,88
3,73
4,29
4,78
5,63
5,89
6,26
6,66
7,61
8,60
8,75
9,23
10,58
10,64
11,65
12,11
12,40
14,36
14,43
15,8
16,92
19,68
19,82
20,44
21,42
21,50
21,71
22,86
22,99
24,97
25,59
25,77
25,80
26,5
26,10
26,72
27,35
28,24
28,27
31,90
32,39
34,65
36,69
38,96
38,99
40,51
41,17
41,52
43,53
43,80
43,90
45,21
46,10
46,29
46,30
47,58
51,79
52,32
54,11
54,48
55,81
55,87
57,94
59,67
61,9
68,27
68,38
70,57
70,74
71,41
72,13
72,18
72,19
72,39
73,42
73,85
76,62
76,97
77,9
77,55
79,6
79,37
79,49
79,57
79,91
82,56
83,59
84,34
92,3
93,76
95,84
96,25
98,0
98,8
98,33
99,20
