source,target
0,33
4,10
6,18
6,26
7,20
7,51
7,60
8,5
8,97
9,16
9,23
10,58
11,60
14,43
20,71
21,0
22,4
22,37
22,38
24,13
24,21
24,42
24,82
25,15
29,11
30,43
30,65
32,92
33,98
34,64
35,52
36,57
41,10
41,19
41,78
41,79
42,65
43,80
44,58
44,93
45,89
47,90
48,2
52,17
52,36
53,39
55,77
56,30
56,46
57,94
59,12
60,61
60,84
62,18
63,7
63,39
65,34
65,92
66,91
67,1
68,27
68,95
69,9
69,44
71,1
71,8
71,25
71,54
72,17
73,45
74,53
75,35
76,72
78,70
79,27
79,99
81,55
83,76
85,88
87,2
87,26
87,49
87,55
88,40
88,51
89,83
90,31
91,6
91,68
94,12
94,63
96,59
96,90
97,28
99,3
99,24
99,50
99,86
99,97
