source,target
1,21
1,28
1,56
2,48
2,64
3,1
4,42
6,75
8,12
8,74
9,69
13,5
13,66
15,47
16,9
16,22
16,51
17,62
19,26
19,57
21,16
22,19
22,86
23,9
25,77
26,6
26,13
26,73
27,66
27,83
29,41
30,4
30,52
33,35
33,50
33,52
33,70
33,85
35,62
36,4
36,11
36,24
36,61
37,87
37,98
40,36
40,88
41,39
41,70
41,78
42,53
43,90
44,14
44,72
45,42
46,0
46,10
47,43
52,31
52,32
52,93
54,37
55,79
55,81
57,94
59,25
59,60
59,83
60,11
60,67
60,96
61,7
63,10
63,24
63,76
63,95
65,64
65,71
66,43
71,54
71,84
72,92
79,49
79,68
79,99
80,15
84,34
87,55
89,34
91,6
91,18
92,30
97,8
97,44
97,58
97,82
99,20
99,38
99,97
