source,target
0,21
3,4
3,39
3,76
4,26
4,45
5,13
5,79
7,61
8,3
8,30
9,16
9,23
9,77
10,64
11,12
11,42
11,52
15,14
17,85
18,22
22,89
25,86
26,92
26,97
29,10
29,41
30,34
33,35
33,70
35,75
36,29
37,63
37,87
40,36
40,81
41,67
41,71
42,21
43,55
43,58
46,32
46,45
46,56
46,99
47,90
49,79
50,18
51,9
51,40
52,7
53,19
53,42
53,73
54,15
54,37
55,78
57,74
58,8
58,44
59,67
60,47
62,50
63,24
64,55
64,65
65,63
66,91
68,48
69,9
71,1
74,83
75,6
79,68
82,62
83,27
83,56
84,39
85,72
85,88
86,99
88,2
89,5
89,17
89,52
90,31
90,43
91,6
92,11
93,61
94,33
95,96
96,25
96,38
96,80
97,28
98,27
98,75
99,20
