source,target
2,48
2,88
3,44
3,75
5,13
5,24
5,99
6,79
7,34
8,39
8,64
8,92
8,97
9,23
9,61
10,73
11,15
11,42
11,67
12,59
13,66
14,11
19,53
21,57
21,62
22,16
22,19
22,27
22,38
25,43
25,61
25,80
25,96
26,4
27,20
29,96
30,18
30,81
31,90
36,14
36,47
36,72
36,74
38,68
40,64
41,28
41,35
41,50
41,78
41,79
41,92
42,34
42,65
45,71
46,0
46,4
46,8
46,30
46,71
46,99
50,33
51,88
52,10
52,31
52,46
52,70
52,93
54,15
55,77
56,53
58,47
62,50
63,65
64,55
67,59
67,60
69,44
76,97
79,49
79,51
79,91
82,42
83,94
84,60
84,95
85,33
86,22
87,49
92,3
92,17
92,25
92,32
92,89
94,63
95,1
95,25
98,35
98,37
99,22
