source,target
0,18
0,66
1,57
3,4
3,17
4,78
6,75
7,61
8,92
9,23
10,58
11,14
11,29
11,47
12,8
12,40
13,20
13,65
15,47
16,9
16,51
18,91
18,97
19,99
21,10
21,13
22,79
22,86
24,28
24,65
24,89
25,12
25,67
26,53
26,79
27,26
32,34
33,82
34,7
34,42
36,11
36,39
36,69
36,74
38,48
39,32
39,76
41,27
42,5
45,55
48,54
49,87
50,93
52,31
52,46
53,3
53,43
55,38
55,77
56,44
57,94
61,0
61,9
61,60
62,21
63,6
63,95
64,2
64,11
64,87
70,63
71,45
71,96
72,81
72,98
73,82
73,85
75,35
76,46
76,83
77,25
79,37
80,95
81,30
84,19
85,35
85,72
88,51
89,17
89,42
89,56
90,96
91,68
92,73
93,29
96,59
97,57
97,71
99,24
