source,target
0,78
2,81
2,111
2,192
3,89
4,150
4,290
6,5
7,71
8,98
8,162
10,82
11,123
12,62
14,73
14,102
14,108
14,247
15,18
16,10
16,28
18,203
18,208
21,96
21,238
22,104
25,227
27,122
27,236
29,215
29,256
29,262
29,289
30,59
30,173
31,41
31,198
32,109
35,80
37,148
37,245
39,167
40,165
40,282
43,91
43,141
43,261
43,269
44,35
44,60
44,151
45,117
45,296
46,259
48,37
50,275
51,1
51,32
51,253
54,273
55,93
57,53
57,189
57,295
58,36
58,270
59,163
61,195
61,289
62,214
63,145
64,190
66,143
67,115
68,9
71,248
74,7
74,84
76,26
78,6
78,70
78,101
79,8
79,184
80,97
80,122
82,183
82,254
83,118
83,194
84,68
87,128
88,86
88,99
90,179
92,47
92,274
94,74
95,107
95,204
99,41
99,255
100,46
100,235
100,246
101,201
105,13
106,237
106,267
106,271
110,69
112,197
113,33
113,49
113,52
113,87
114,174
114,197
115,176
115,265
116,100
121,12
123,119
124,67
125,21
125,51
125,129
125,283
126,23
126,45
126,180
126,268
127,25
127,244
129,285
130,65
131,71
131,181
131,242
132,159
134,147
134,294
135,151
138,130
138,288
140,158
142,61
142,288
143,223
143,232
143,279
146,177
146,261
151,182
153,142
153,178
154,103
154,243
156,212
156,231
156,276
158,24
158,29
158,81
159,238
160,129
160,225
160,234
162,297
163,257
165,108
166,227
167,3
168,16
169,60
169,164
169,228
170,134
171,202
172,75
172,220
174,194
174,251
175,38
175,126
179,54
183,19
183,34
185,133
186,72
186,125
187,58
188,287
189,70
191,166
192,206
193,19
193,66
195,149
196,6
199,40
200,269
201,291
204,136
207,233
208,121
209,135
210,85
211,296
213,88
214,218
217,20
217,22
217,39
218,153
218,280
219,281
220,117
220,213
221,160
222,85
223,286
226,287
228,229
228,230
228,277
229,120
230,49
230,75
230,249
232,64
232,114
239,221
240,93
240,229
241,279
242,17
242,96
243,58
243,166
243,234
245,171
245,175
247,118
251,77
251,157
251,172
252,156
255,43
255,137
255,217
256,21
256,156
256,216
257,154
258,44
258,290
259,13
259,136
260,69
260,73
262,116
262,133
262,145
263,92
264,278
265,91
266,87
266,207
267,187
272,161
272,256
273,63
274,36
275,146
275,250
278,144
278,176
278,205
279,224
280,56
280,155
281,23
281,139
289,3
289,188
289,284
291,31
292,76
292,119
292,210
292,285
293,86
294,83
294,152
297,239
298,233
299,42
299,192
