source,target
0,78
0,272
1,6
2,107
4,159
6,196
7,132
7,181
8,119
8,150
9,33
13,11
13,78
13,180
14,54
14,122
14,282
15,177
16,42
16,188
17,237
19,221
21,62
22,8
23,104
26,42
26,275
28,29
30,240
31,59
31,266
32,127
34,61
35,28
36,90
36,133
36,292
37,33
37,48
38,192
39,236
40,3
40,86
41,248
42,179
42,299
44,231
44,277
47,55
48,198
49,130
50,47
50,69
50,80
51,115
51,176
54,52
54,97
56,41
56,228
59,35
59,92
59,230
60,156
62,105
62,128
64,28
64,103
65,143
65,146
66,289
67,191
69,189
69,206
70,186
71,131
73,14
73,236
75,40
76,108
79,160
79,281
81,291
82,46
82,297
83,72
83,213
83,235
86,10
86,293
87,71
88,162
88,168
89,204
89,284
95,152
96,93
96,173
96,207
100,232
102,149
103,56
103,125
104,98
104,121
105,56
105,114
105,197
105,270
106,7
106,166
107,15
107,195
108,13
110,219
111,75
112,264
116,217
117,45
118,269
119,34
120,89
121,249
123,158
124,161
125,211
126,38
126,268
127,219
127,244
127,251
129,124
130,12
130,27
130,73
130,138
130,165
133,17
133,81
133,220
133,273
134,212
135,94
135,134
135,141
140,53
140,64
142,164
142,287
143,58
143,77
145,141
145,253
146,193
146,194
147,226
148,106
149,222
151,223
151,276
151,286
152,135
152,214
152,294
153,54
155,128
155,218
156,252
159,298
160,19
160,101
160,289
161,147
161,239
162,10
163,111
164,67
168,0
168,185
168,260
169,125
169,157
170,17
171,263
173,51
173,99
175,38
176,2
176,238
177,183
179,18
181,242
182,223
183,187
186,5
186,21
187,288
188,174
190,37
191,96
192,43
193,102
193,278
195,139
196,85
196,254
197,129
198,283
199,102
199,296
200,31
202,84
203,99
204,136
206,256
207,57
208,187
209,25
210,85
211,84
213,261
215,29
217,132
217,167
220,70
225,136
225,178
225,194
226,71
226,123
226,142
227,247
227,257
228,91
232,114
233,162
233,209
234,228
235,109
238,135
240,227
243,32
245,26
245,137
246,45
246,83
249,12
250,65
251,77
251,229
252,49
253,63
253,154
254,24
254,244
255,19
255,82
256,205
256,270
258,112
258,172
258,216
259,140
259,241
261,66
262,184
263,110
264,23
265,91
267,277
268,113
268,163
269,20
269,170
270,44
271,260
272,41
274,61
274,126
274,201
275,7
275,250
275,280
276,271
277,68
278,183
279,113
279,144
281,36
283,243
285,247
285,274
290,74
290,87
292,224
292,262
295,166
298,130
298,233
