source,target
0,257
2,107
2,290
4,177
4,298
5,146
6,26
6,93
8,177
8,293
9,205
9,264
12,101
12,244
13,37
13,198
13,254
14,85
14,139
17,50
17,237
18,55
19,144
19,183
20,13
20,80
20,255
20,282
25,73
25,99
27,210
30,157
30,214
31,1
31,115
33,7
33,130
34,196
35,172
36,81
36,268
37,9
37,141
37,211
39,144
40,23
40,155
41,84
41,103
41,228
42,43
42,192
44,29
44,223
44,249
45,137
46,40
46,165
47,38
47,284
48,81
50,60
52,218
53,57
53,62
53,114
53,231
54,89
54,299
55,143
56,41
58,158
59,272
61,222
62,160
63,52
63,215
64,181
64,190
65,184
66,88
67,124
69,106
69,173
70,156
70,189
74,77
74,94
74,153
74,220
79,82
82,279
83,92
87,273
88,15
88,282
89,17
90,179
92,16
93,294
95,25
95,138
96,56
96,186
97,159
97,242
98,289
99,52
99,98
99,213
99,261
100,102
100,164
101,112
101,115
103,247
104,8
104,120
105,201
106,5
106,136
106,271
107,10
107,86
107,95
108,119
108,149
110,131
111,125
111,271
113,104
116,46
118,269
122,11
122,259
123,36
124,6
125,30
126,123
127,51
129,230
130,12
130,49
132,23
132,100
135,200
137,0
137,18
139,140
146,27
146,246
146,261
148,125
149,14
149,232
150,193
151,122
151,202
151,234
152,262
154,235
156,276
158,53
160,42
160,76
163,252
164,54
164,131
165,142
166,30
166,219
167,29
168,76
168,226
169,265
171,202
172,151
172,258
172,297
174,134
174,243
176,32
176,79
179,69
180,27
182,71
182,105
183,278
184,147
185,168
186,72
187,109
187,118
188,133
188,221
189,86
195,191
195,267
196,290
197,43
199,288
201,128
201,270
204,227
205,68
205,78
206,21
206,274
207,116
208,117
208,224
210,147
212,74
212,229
216,188
217,19
218,91
220,117
220,170
220,176
222,139
222,225
222,274
223,178
225,97
225,209
226,212
226,233
227,166
230,58
230,270
233,291
235,248
235,273
236,24
236,45
239,70
240,75
240,199
240,267
241,61
242,132
243,73
245,275
246,47
246,133
247,183
247,195
247,285
249,187
251,68
251,181
251,250
251,277
253,285
254,28
256,223
258,26
258,31
258,143
259,121
259,200
259,241
260,170
262,22
262,145
262,217
262,238
262,287
263,211
265,96
266,251
267,150
268,35
268,163
268,281
272,153
272,161
275,89
275,162
277,44
277,51
277,175
279,113
280,295
281,92
283,231
284,118
286,174
287,3
292,19
292,126
293,165
294,203
295,114
296,199
299,2
299,194
299,235
