source,target
1,62
2,257
3,161
5,152
7,32
7,175
8,208
11,83
12,138
12,165
12,194
12,246
13,78
13,117
13,198
14,65
14,85
14,294
15,121
15,244
16,96
16,130
18,55
21,68
22,93
23,60
28,16
29,158
30,169
31,56
31,59
31,266
31,276
32,51
32,80
34,247
36,203
36,292
37,290
40,281
41,89
42,192
42,222
42,258
45,296
46,37
46,149
47,225
48,98
49,130
50,275
51,135
51,214
52,96
52,191
53,216
54,91
58,36
59,70
59,128
59,211
60,213
62,114
62,270
66,261
67,29
67,115
67,124
67,156
67,161
68,176
68,251
69,42
69,97
74,229
75,57
75,172
75,252
76,104
76,168
76,208
77,181
78,238
79,6
79,12
79,184
80,50
80,183
83,92
83,182
84,212
84,265
85,165
87,277
88,15
88,99
89,10
89,170
90,133
92,47
92,177
93,52
93,240
94,75
94,91
96,186
99,255
100,109
100,116
100,268
101,278
103,7
106,271
108,14
108,18
110,219
110,231
113,63
113,66
114,24
114,232
116,132
119,175
122,79
123,126
124,107
124,269
125,30
125,134
126,23
126,38
127,9
127,162
127,264
128,239
129,160
134,27
139,233
140,97
140,159
141,77
142,31
144,36
144,39
144,278
144,289
145,94
146,27
147,98
147,261
147,279
149,61
149,86
150,8
150,160
150,262
153,178
154,235
154,253
155,120
155,218
156,105
157,22
157,283
158,236
163,215
164,35
164,71
165,241
166,131
166,212
167,11
168,185
169,190
170,111
170,136
172,58
173,99
174,125
174,148
176,2
176,213
178,25
178,244
187,43
187,74
188,28
189,258
190,1
191,179
191,207
192,17
193,102
194,224
195,188
195,291
196,233
196,254
196,290
197,70
197,84
197,178
198,266
199,164
200,135
202,71
204,240
205,272
207,119
207,282
208,180
209,4
209,129
209,164
209,167
209,273
215,82
215,183
216,201
216,270
217,19
217,20
217,132
217,150
218,237
220,0
220,197
220,260
221,249
222,209
223,186
225,174
226,108
229,53
229,89
230,57
230,72
230,112
231,201
232,64
233,298
234,103
234,243
234,245
235,87
236,210
237,5
237,153
239,221
240,227
243,90
244,287
245,171
247,195
248,95
249,40
249,187
250,297
254,274
256,21
256,151
256,206
260,95
261,73
261,263
264,44
266,242
269,163
269,246
270,205
271,26
271,260
274,13
274,81
274,137
275,69
275,250
277,181
277,243
277,267
278,176
278,264
279,158
279,259
280,166
280,295
283,228
284,118
284,273
285,33
285,129
285,289
286,241
288,82
290,143
293,40
296,107
299,144
299,193
