source,target
1,120
2,95
2,130
2,138
4,33
7,181
7,211
7,295
8,22
8,88
8,98
8,126
9,214
10,275
11,128
11,294
12,263
13,76
13,116
13,292
14,20
14,102
14,247
14,261
14,282
15,195
18,45
18,179
19,8
19,184
20,16
20,60
20,152
21,62
21,238
22,117
22,255
23,264
24,53
24,139
27,47
28,180
29,262
30,245
31,283
33,113
34,247
35,197
35,256
36,123
36,194
37,13
37,33
37,141
37,190
37,198
38,244
40,10
41,26
41,289
43,269
44,112
44,223
45,137
45,149
46,100
47,177
48,98
49,290
50,80
51,1
51,267
54,89
55,93
57,127
58,156
58,234
62,78
62,214
63,17
64,135
65,146
65,236
66,4
66,42
66,61
66,260
67,124
68,207
68,277
70,172
73,25
74,90
74,106
77,67
79,76
79,160
79,298
80,225
80,280
80,285
81,121
81,162
82,3
82,72
82,196
83,155
83,167
85,175
89,17
89,74
91,64
92,281
93,231
93,240
95,227
97,96
99,25
99,116
100,12
101,160
101,265
102,193
103,30
104,159
104,208
105,270
106,102
110,169
110,191
110,219
111,51
114,265
115,31
121,117
121,239
122,27
122,118
126,92
126,108
126,201
127,178
129,109
129,136
129,202
131,95
131,142
135,58
137,168
140,158
140,159
140,259
141,62
141,77
142,145
142,273
143,66
144,299
145,198
146,134
146,246
147,203
147,226
149,241
150,254
151,112
151,122
154,257
155,36
156,23
156,276
157,59
157,213
158,216
158,258
159,0
161,297
163,124
164,49
164,71
165,19
165,268
166,56
166,125
166,131
169,251
170,36
170,148
171,129
171,266
174,114
176,143
176,242
177,86
179,55
180,85
180,189
183,39
183,249
185,193
186,72
186,232
187,137
191,37
192,206
195,14
195,69
196,254
199,209
201,32
202,71
203,97
203,196
204,227
205,9
206,21
209,150
210,147
212,94
212,123
213,79
213,173
215,63
217,192
218,57
218,91
220,35
221,82
222,61
224,177
224,217
226,279
228,171
229,186
230,197
231,230
232,157
233,24
235,70
235,87
235,188
235,248
236,28
236,297
237,272
243,154
244,287
245,68
248,132
248,243
248,286
249,125
252,75
252,271
253,153
253,268
256,52
256,101
257,111
258,31
258,173
262,287
263,110
265,200
269,119
269,246
271,70
272,84
272,229
274,81
275,46
276,5
276,6
276,237
278,108
280,7
280,155
280,218
282,83
284,54
284,175
285,288
286,270
290,141
291,133
291,207
291,233
291,284
291,289
292,165
292,262
292,267
293,184
294,182
294,210
296,107
296,211
297,250
299,42
