source,target
0,65
0,78
1,190
2,82
2,291
4,298
4,299
5,222
6,135
7,91
7,242
8,88
8,210
9,114
10,64
11,184
12,126
13,48
13,117
13,198
16,20
16,92
17,99
19,11
19,150
21,96
21,113
22,188
22,195
23,159
24,233
26,51
26,238
27,130
29,225
30,152
31,283
33,130
34,8
34,61
34,102
34,221
35,220
36,140
36,146
36,259
37,33
37,237
38,227
40,249
41,70
43,261
44,201
45,50
48,46
48,177
50,89
51,32
54,14
55,267
56,170
57,127
57,218
58,295
59,161
62,43
62,176
64,271
66,193
67,68
67,97
67,101
67,172
67,231
68,256
69,106
71,248
71,266
72,154
73,139
76,208
77,232
83,66
83,99
84,110
85,248
86,293
87,142
87,145
87,168
89,17
90,109
91,54
92,39
95,164
96,171
98,47
101,60
102,86
103,62
103,94
103,229
104,76
104,119
104,120
106,87
107,88
107,141
111,206
112,84
112,276
114,53
114,174
115,31
115,214
116,100
116,113
120,280
122,149
123,96
124,167
124,240
124,296
125,148
126,38
126,48
126,105
126,121
126,287
126,291
126,292
131,74
133,246
135,58
135,79
137,187
138,23
140,123
141,230
142,54
142,132
142,288
144,39
144,274
147,203
147,259
149,292
150,262
151,286
152,5
152,42
156,200
156,223
157,1
157,22
157,283
160,25
160,42
160,158
161,3
161,239
161,297
163,70
163,257
164,71
164,169
164,209
166,63
166,191
167,294
168,289
169,125
170,136
170,241
173,155
176,32
176,162
180,12
180,28
181,147
182,26
183,260
184,98
185,129
186,229
189,57
191,7
191,64
191,179
192,38
193,13
193,246
193,270
194,146
194,279
195,15
195,139
195,233
197,228
201,101
202,204
205,163
206,80
206,225
207,75
210,81
212,21
212,93
212,114
212,128
215,33
216,112
217,10
218,207
219,122
220,278
222,16
222,297
224,177
224,255
225,18
226,279
227,72
229,129
230,156
231,23
232,124
232,143
234,83
235,85
236,285
237,157
237,162
237,197
237,269
240,155
240,204
241,19
243,290
244,55
244,153
245,118
247,118
247,183
249,258
251,250
253,213
256,77
257,277
258,220
258,251
258,252
260,1
260,134
262,22
262,123
262,167
262,187
263,211
263,227
264,44
264,178
265,231
266,265
267,131
267,215
268,36
268,78
268,281
272,49
272,59
273,209
274,206
274,268
275,69
275,175
275,218
277,52
277,243
277,251
279,199
280,58
281,165
282,108
282,244
282,254
284,110
284,120
284,213
284,273
285,24
286,144
288,138
290,2
290,37
291,90
292,196
296,107
298,76
