source,target
0,168
0,172
1,120
2,221
2,291
4,140
6,74
6,240
8,86
12,279
13,105
13,294
14,20
14,122
15,49
15,155
17,63
19,183
19,193
20,221
21,89
21,212
21,256
24,202
26,171
26,257
28,64
28,138
29,73
31,51
31,235
32,7
33,247
34,46
35,115
35,180
36,176
37,237
38,118
38,144
40,23
40,155
40,249
41,148
42,286
42,299
43,197
44,60
45,108
46,241
47,38
50,206
52,175
53,229
54,97
54,179
55,116
56,190
56,283
57,141
58,215
59,35
59,128
59,211
62,151
62,169
64,91
65,236
68,67
68,245
68,290
71,94
71,271
72,103
73,102
74,166
74,229
76,8
77,68
77,163
77,174
80,32
80,100
80,114
81,162
82,65
85,14
88,47
88,289
91,10
91,113
91,266
91,267
92,281
93,55
93,196
94,110
94,284
95,152
95,227
95,260
96,10
96,228
97,199
98,184
101,274
102,8
102,167
102,255
103,41
104,98
104,126
105,174
109,202
110,219
112,75
112,201
112,230
115,220
117,165
118,66
118,215
119,61
119,63
121,48
121,269
122,11
122,27
124,170
124,296
126,123
127,25
127,32
127,176
127,214
129,109
129,125
129,160
130,132
131,113
133,185
136,87
136,204
141,43
141,251
142,61
142,153
142,241
142,246
142,287
143,29
143,111
144,236
145,87
146,261
146,293
147,42
149,150
149,210
151,70
152,5
154,90
154,103
154,189
155,18
156,101
156,295
157,62
157,231
158,78
159,270
160,21
160,139
161,124
162,127
162,233
162,237
165,180
165,292
166,30
167,54
167,107
170,118
170,120
170,146
170,275
174,134
175,4
177,92
177,150
182,230
182,265
183,39
183,80
183,249
187,109
187,173
189,142
189,195
192,33
192,217
192,299
198,128
199,136
199,164
200,135
201,270
207,28
208,272
209,129
212,84
212,238
213,79
219,178
220,133
220,224
221,188
221,239
221,254
222,16
222,216
222,297
223,77
223,135
224,22
224,217
225,206
225,209
226,194
226,246
227,277
229,31
231,156
231,252
232,186
232,200
234,201
235,83
235,218
238,6
238,276
240,157
240,171
241,259
242,69
242,191
243,263
246,48
246,146
247,34
248,2
249,244
249,262
250,251
253,154
255,99
258,26
258,197
260,74
263,211
264,9
264,153
265,57
266,242
268,203
270,44
271,106
272,0
272,205
273,181
274,116
274,285
278,193
278,205
279,158
280,111
281,40
281,137
282,108
282,254
284,234
284,273
285,130
285,158
285,253
285,268
287,100
287,222
289,3
290,143
290,242
291,4
291,126
291,192
291,213
297,223
298,79
299,56
299,288
