source,target
0,221
2,118
2,138
3,40
4,59
8,126
9,53
9,256
10,107
10,167
13,180
13,208
14,73
15,267
16,130
17,169
18,262
18,273
20,22
21,94
22,45
28,254
30,129
31,75
33,4
34,24
37,191
39,236
40,249
42,235
44,216
45,8
46,3
46,259
52,245
56,21
56,69
57,115
57,188
59,163
59,172
60,50
60,270
61,18
61,36
61,165
63,203
64,10
64,51
65,132
67,13
67,19
68,135
68,176
68,207
69,218
70,280
71,205
71,227
73,195
76,104
77,52
77,68
79,288
80,234
80,253
81,2
81,87
81,240
82,46
83,92
85,233
86,189
88,168
89,41
89,229
90,63
90,64
92,217
92,296
92,297
93,265
95,204
97,69
99,173
100,140
101,151
103,72
103,128
103,295
104,119
104,193
104,292
105,156
106,33
106,74
106,157
110,212
111,170
113,211
114,240
116,108
116,164
117,152
118,15
119,61
120,86
120,155
121,81
122,149
123,195
123,202
125,181
126,143
126,152
126,175
128,238
129,182
129,185
130,49
132,76
132,269
134,110
134,294
137,187
139,222
140,139
142,66
142,95
142,125
142,266
143,77
144,185
144,289
144,299
146,116
149,102
149,255
151,293
153,52
153,178
154,43
154,103
156,78
156,123
157,231
160,225
161,147
161,239
163,111
165,0
165,48
167,83
168,87
168,281
169,53
170,133
170,241
173,1
173,30
174,148
175,49
176,162
176,220
177,47
177,294
178,25
178,84
179,17
180,27
182,230
184,292
186,131
187,79
187,88
189,232
189,282
190,243
190,252
192,43
193,23
194,65
194,174
194,210
195,54
195,254
197,62
197,79
197,124
198,145
198,276
201,57
201,234
201,280
202,93
202,136
202,161
211,131
212,114
212,229
213,98
213,176
213,206
213,283
215,177
216,258
217,198
217,262
218,275
219,242
219,261
221,9
222,101
222,150
222,209
223,29
223,135
225,209
226,224
226,246
227,91
227,191
227,263
228,201
230,60
230,96
230,171
232,134
233,162
234,58
235,97
235,109
235,214
236,48
236,285
236,298
237,200
239,121
239,158
240,6
240,295
243,90
244,12
244,285
246,193
247,215
250,18
250,94
251,141
251,219
252,75
253,213
254,196
255,42
256,32
256,35
256,44
256,151
256,286
257,251
257,290
258,5
258,249
258,257
260,287
261,99
263,237
264,297
267,55
267,106
269,159
270,27
270,105
271,71
271,183
272,74
272,127
272,166
273,38
274,36
275,26
277,171
278,112
278,248
279,142
279,146
279,194
279,199
282,11
283,56
283,237
284,289
285,24
285,268
287,16
290,248
291,284
295,7
296,211
