source,target
0,168
2,208
3,8
3,46
3,64
3,259
4,177
5,189
6,5
7,32
9,78
9,85
9,135
13,152
15,79
16,86
17,55
18,61
18,174
18,253
20,217
24,254
25,127
26,49
27,180
30,6
30,17
31,41
37,9
37,22
37,166
37,196
37,297
38,28
38,213
40,136
43,269
44,223
45,200
46,292
49,87
50,23
50,48
53,231
54,247
54,288
55,116
57,198
58,164
59,211
59,272
60,128
61,97
62,30
62,105
62,120
62,200
64,232
64,267
65,246
65,250
69,86
69,97
70,172
70,272
71,182
73,236
75,277
76,146
77,235
78,6
78,198
79,29
79,124
81,210
83,43
83,47
83,99
83,155
87,11
87,27
87,136
88,289
89,74
89,266
90,154
94,96
95,71
97,109
98,147
101,60
102,167
103,41
104,39
104,159
104,264
104,282
106,37
106,52
107,162
108,168
108,183
110,179
110,219
110,231
110,263
112,84
113,21
113,100
114,23
115,266
116,207
118,224
118,245
119,61
123,156
123,158
123,202
123,262
124,107
124,161
125,134
125,199
126,201
128,103
130,192
130,275
131,242
132,226
133,273
133,287
136,170
138,28
141,135
141,280
142,54
142,164
143,238
144,193
146,34
146,261
146,293
147,36
148,64
150,102
152,95
153,258
156,101
157,131
157,181
161,67
163,57
163,257
165,40
166,227
169,12
171,68
173,1
173,47
173,56
174,105
176,127
176,141
178,51
179,42
180,13
181,7
181,171
181,225
182,265
183,19
183,80
183,249
183,260
185,133
186,70
186,72
186,157
187,267
188,191
188,235
190,214
191,67
191,91
192,250
193,66
193,146
193,185
194,298
195,22
195,177
195,244
201,94
203,154
203,285
205,93
205,256
205,270
207,186
207,191
208,18
208,121
209,119
210,222
211,10
212,14
212,114
212,123
212,204
212,234
212,282
213,215
215,63
215,195
217,132
217,184
217,281
218,237
220,0
220,117
221,2
222,139
223,26
223,112
224,113
224,217
225,206
225,286
228,51
228,190
228,230
228,290
229,25
229,74
229,129
230,216
233,155
233,291
234,151
236,160
237,69
238,148
238,276
239,121
240,111
240,173
241,122
241,279
243,73
243,169
243,234
245,137
247,33
247,145
248,132
249,62
250,251
252,70
252,271
254,221
255,19
256,125
258,35
258,96
258,220
258,283
262,42
265,212
268,104
268,113
268,278
269,20
273,142
274,45
274,92
274,175
275,89
277,171
279,82
279,147
281,139
282,298
284,175
285,149
285,274
286,144
286,197
288,82
288,167
288,268
289,38
290,243
292,209
294,93
294,203
295,130
296,199
298,140
299,4
