source,target
3,168
4,113
7,191
8,45
8,86
8,293
9,44
11,83
12,160
16,149
17,117
17,237
18,15
18,174
20,50
20,269
23,39
23,40
24,34
25,175
26,170
26,182
26,238
27,87
29,289
30,56
32,93
32,263
34,46
34,221
35,112
35,197
35,256
37,9
38,82
40,159
41,166
41,223
42,152
43,91
46,82
46,136
48,20
49,26
50,97
50,163
51,2
51,205
52,227
52,284
53,182
54,89
54,153
54,179
57,78
57,151
58,289
59,4
59,92
60,74
60,125
61,268
62,21
62,30
62,169
62,189
63,52
63,179
64,234
65,224
66,143
68,96
68,115
68,245
71,94
73,226
73,262
75,156
75,207
76,217
76,224
78,0
78,283
79,138
80,177
86,23
87,106
90,28
91,89
91,125
91,162
93,202
93,231
94,103
95,51
95,248
95,250
96,290
98,48
100,13
100,66
101,274
103,30
104,76
104,209
106,267
106,276
108,14
110,68
111,176
111,299
112,58
113,279
116,99
116,104
116,121
116,165
119,291
120,63
121,239
121,249
123,10
123,117
124,6
124,114
124,161
125,199
126,295
127,75
127,225
128,140
128,155
128,239
129,109
130,192
132,159
133,95
133,204
134,272
136,211
138,12
138,23
138,192
140,158
141,145
142,248
142,273
144,105
147,36
147,41
148,161
148,213
149,246
149,255
150,254
151,59
151,70
151,135
154,257
155,57
156,201
157,69
157,232
160,25
160,129
161,230
164,216
167,185
168,137
168,271
168,281
170,120
172,67
172,277
173,10
173,88
174,81
174,190
175,49
179,55
179,253
180,27
180,85
181,77
181,171
181,228
183,19
183,187
184,147
185,226
187,14
187,118
187,215
187,288
188,287
190,1
190,228
191,123
192,38
193,102
193,278
194,146
194,298
195,188
195,291
196,203
196,233
198,145
200,31
201,44
201,79
201,112
203,294
208,104
210,3
212,243
213,83
213,207
213,220
213,261
214,252
216,32
217,80
219,251
222,258
223,29
224,22
225,206
227,131
227,171
227,266
227,277
228,229
230,72
235,259
236,28
236,33
236,150
236,285
237,84
237,200
239,139
241,286
242,7
244,38
245,218
247,292
249,107
251,141
251,186
253,47
253,264
255,98
255,219
258,148
258,252
260,154
262,118
262,152
263,0
265,6
266,71
266,84
268,293
269,124
270,256
273,17
273,154
273,234
274,180
275,127
276,5
276,114
277,143
279,122
279,146
279,183
280,275
280,295
282,76
282,150
283,157
286,222
287,16
288,102
288,142
290,243
290,283
292,144
292,196
294,134
294,241
295,178
295,240
296,199
297,35
297,281
299,133
299,235
