source,target
0,65
1,183
3,141
3,171
6,187
7,78
7,138
8,80
9,69
9,112
10,75
10,143
11,20
11,79
11,172
12,44
12,68
12,168
13,76
13,164
13,194
14,166
14,188
17,76
20,131
20,187
21,118
24,58
24,104
25,106
26,121
26,172
27,28
29,170
30,25
32,88
32,90
32,149
32,198
33,51
33,170
33,176
34,78
35,50
37,92
37,159
41,160
43,22
44,26
44,47
44,173
45,73
47,35
47,40
51,31
51,94
51,122
52,79
52,135
52,169
56,134
59,152
59,165
60,139
61,40
62,197
63,53
64,119
65,24
65,67
68,129
69,132
70,46
70,156
71,86
72,157
74,81
74,97
74,148
75,136
75,140
79,4
80,109
80,190
81,70
83,34
84,142
84,146
84,161
85,66
86,87
87,161
87,162
89,36
89,54
89,83
89,103
92,182
93,10
96,124
98,123
99,21
99,30
100,137
101,8
102,100
106,185
108,43
108,174
109,16
111,167
117,15
117,82
117,116
117,135
119,45
121,55
121,144
122,163
122,197
123,186
125,63
126,80
127,31
127,141
128,1
128,124
130,24
130,99
131,14
131,19
131,45
132,168
134,160
134,184
135,199
136,166
137,39
137,51
137,115
137,175
138,48
138,177
139,192
140,134
141,155
146,125
146,145
147,7
149,114
150,42
150,85
151,23
151,29
152,18
152,68
152,110
153,126
156,60
157,63
158,67
160,120
166,113
167,101
167,117
168,133
170,107
172,27
172,77
175,5
175,49
175,130
176,42
177,52
178,94
179,178
180,93
180,125
181,91
181,189
182,147
183,11
185,111
186,64
187,57
188,22
188,181
189,32
189,95
189,105
191,84
192,2
192,12
193,199
194,38
194,101
195,89
195,154
196,102
