source,target
1,125
2,72
2,98
3,22
3,66
6,122
8,4
12,137
12,148
13,17
15,162
16,40
17,20
18,129
19,49
19,130
21,101
23,12
23,93
24,154
24,192
26,34
26,86
28,181
30,189
31,49
31,83
31,133
31,156
33,3
33,10
33,120
34,44
34,102
36,33
36,56
37,138
37,155
37,174
37,179
38,12
39,73
40,80
41,184
43,108
44,37
44,173
45,46
45,164
46,18
48,166
48,185
49,175
50,96
52,177
53,0
53,146
55,31
57,5
57,160
58,173
60,48
61,90
61,97
61,150
62,41
62,47
62,121
63,133
65,67
67,63
67,99
70,0
70,186
71,11
71,59
72,88
74,65
75,57
75,172
76,89
76,142
76,151
77,32
77,87
77,196
79,103
79,188
82,16
83,11
83,13
83,180
84,70
84,105
85,106
85,190
85,195
86,51
90,9
90,46
90,128
91,8
93,64
93,84
94,51
94,187
95,47
96,161
96,162
101,104
101,135
101,149
102,68
103,152
103,197
106,35
106,79
106,181
108,27
109,55
110,130
111,136
114,6
115,168
116,25
117,105
117,116
118,136
121,39
122,4
122,78
123,21
123,163
124,23
126,151
127,59
128,22
128,123
131,119
131,139
134,14
134,199
137,100
138,71
138,144
139,75
140,98
142,40
142,170
143,77
143,131
145,124
146,125
146,157
147,137
149,195
152,91
152,92
153,116
154,42
154,52
154,182
156,134
158,54
158,192
159,155
160,92
161,5
165,110
167,194
168,114
168,132
169,141
170,29
170,81
170,85
170,107
176,10
177,167
178,19
180,24
183,94
184,145
185,8
185,156
186,76
188,113
189,61
191,36
192,43
192,141
192,171
193,112
194,7
194,72
194,193
195,69
198,111
198,115
