source,target
0,48
1,117
3,148
4,3
6,90
6,171
7,33
9,27
11,127
12,100
13,105
13,165
14,6
14,53
16,194
25,9
26,195
27,10
27,129
28,123
31,115
33,13
33,115
34,93
34,139
36,24
36,174
37,22
37,47
39,58
40,120
45,126
47,52
47,98
48,185
49,86
50,127
51,147
54,72
54,170
55,100
56,121
57,54
58,24
61,17
62,74
62,87
63,1
63,157
63,163
64,43
64,112
64,145
64,190
66,113
66,141
67,144
68,59
69,75
71,90
72,32
72,102
74,21
74,65
74,108
75,164
75,178
75,182
76,42
76,112
78,25
81,70
81,186
81,191
83,56
83,143
90,61
90,187
91,11
91,51
95,175
99,111
102,140
103,47
103,197
105,91
105,189
106,120
106,151
109,27
109,146
110,0
110,133
111,77
112,8
112,29
112,80
114,107
114,150
116,50
117,30
117,188
118,21
119,73
119,102
119,125
119,161
120,35
120,101
120,104
120,183
121,198
123,5
124,64
125,106
126,97
127,88
127,94
128,123
130,19
130,92
131,28
131,181
132,63
133,168
134,60
136,2
136,116
138,60
138,71
138,158
139,59
139,110
139,176
141,99
141,154
141,192
144,23
144,49
146,18
146,20
146,26
147,36
148,19
148,159
149,38
149,103
151,76
151,81
152,87
153,160
153,169
154,16
156,184
158,96
158,107
158,180
159,40
159,126
159,155
160,138
161,84
162,44
164,89
164,135
165,162
165,173
166,28
166,122
167,15
167,79
167,119
171,142
172,74
172,104
175,46
177,79
178,179
180,58
180,177
181,137
184,41
184,82
184,134
185,46
185,131
188,89
188,181
191,12
191,109
193,163
194,153
195,69
195,85
196,143
197,15
198,49
198,149
199,11
