source,target
0,4
0,73
1,42
1,128
2,125
2,192
3,141
3,171
4,85
5,98
7,127
8,108
8,132
10,118
12,47
12,109
15,91
16,82
20,93
23,49
23,144
27,36
30,62
30,86
30,131
32,77
33,13
33,43
34,129
35,96
36,147
36,190
37,186
40,2
41,125
42,20
44,71
45,3
45,165
46,116
46,183
47,39
48,182
49,26
49,75
49,139
49,140
50,57
50,72
50,196
51,35
51,84
51,94
51,122
51,170
52,22
53,41
53,83
55,10
55,121
55,146
58,18
58,102
59,24
60,19
61,193
62,6
63,156
64,135
65,180
66,69
68,123
69,75
69,155
70,12
71,139
72,88
75,178
76,13
76,14
77,98
77,104
78,67
78,188
79,137
80,9
81,179
84,31
85,164
87,5
89,145
93,52
97,61
98,37
100,90
100,177
101,12
101,111
101,148
102,7
102,38
102,48
102,54
102,90
102,120
102,152
102,153
104,172
105,59
107,33
107,194
108,60
108,174
109,80
111,31
111,55
111,99
111,185
112,29
112,95
112,126
112,130
113,168
116,28
116,149
116,192
117,107
118,23
126,169
130,184
130,198
131,46
133,27
135,52
136,11
136,65
137,101
138,1
138,33
138,110
139,89
140,160
142,58
148,17
148,74
148,159
149,16
149,57
149,157
150,114
153,191
157,105
157,129
157,187
158,4
158,115
158,119
158,120
160,92
160,142
161,11
162,165
163,32
163,56
163,114
165,25
166,199
167,70
168,40
170,15
170,103
170,147
171,112
172,79
173,64
173,123
173,151
174,66
175,21
175,185
178,93
179,87
180,63
180,186
182,154
184,134
184,143
184,176
187,163
188,117
189,181
189,195
192,106
193,43
193,124
195,45
197,173
198,62
199,133
