source,target
0,132
1,35
1,128
3,49
3,105
3,131
3,141
4,54
7,41
9,32
10,100
10,118
11,33
11,34
12,44
12,168
14,190
15,119
16,70
17,20
19,75
22,197
23,103
23,164
24,119
24,166
25,74
25,104
25,165
27,159
27,180
28,6
29,13
30,43
31,59
31,86
31,172
32,76
32,98
32,163
34,91
34,162
35,33
36,56
36,87
37,51
38,124
38,176
40,62
41,155
43,13
43,16
43,52
44,26
45,163
47,20
49,9
49,127
50,90
50,129
51,196
52,89
52,131
54,0
54,23
54,102
57,120
59,24
61,140
63,10
64,76
65,128
66,55
66,115
72,57
72,194
75,7
75,23
75,88
78,36
78,66
79,5
79,158
82,16
89,58
91,8
91,21
91,188
92,180
92,185
94,114
95,94
98,31
99,160
99,173
100,19
102,152
103,67
105,84
107,194
108,81
109,178
112,8
113,0
114,175
115,136
116,17
116,101
116,106
116,136
119,73
119,138
119,187
120,36
121,109
123,1
125,110
126,97
127,69
130,28
131,46
131,195
133,15
133,135
134,28
135,174
137,27
137,71
137,167
138,48
139,92
139,182
140,154
142,42
143,37
143,184
144,2
145,12
145,171
147,191
148,18
148,105
149,72
149,146
150,170
150,171
151,134
152,177
152,192
153,25
154,77
154,83
154,137
156,121
157,4
158,115
159,63
159,126
161,104
162,148
163,120
163,178
163,179
164,111
165,89
166,14
168,40
168,169
168,179
172,125
175,91
175,93
175,108
177,80
178,144
180,60
180,96
180,124
181,45
181,130
185,39
186,41
189,30
191,135
192,42
192,160
193,184
195,53
195,68
196,7
197,122
197,127
197,183
198,55
199,3
199,85
199,90
199,117
199,152
