source,target
2,98
3,163
3,177
4,6
5,15
5,63
5,103
7,24
7,100
8,91
8,140
9,17
9,26
11,136
11,192
13,151
14,145
14,162
17,20
18,146
22,3
22,106
22,141
23,36
25,13
27,101
27,114
27,153
28,111
28,131
29,76
31,116
31,156
33,89
33,120
34,84
37,161
39,167
40,81
41,11
42,110
43,135
44,12
44,49
47,37
48,68
49,19
49,21
49,185
51,30
51,31
52,129
52,138
53,14
54,35
54,45
54,74
54,87
55,170
58,52
58,104
58,113
58,164
58,174
58,181
59,71
60,154
62,1
63,134
64,119
64,124
65,157
67,127
68,195
69,123
69,183
70,0
70,93
70,167
70,186
71,50
71,90
72,32
72,133
73,83
75,7
75,133
76,152
77,143
78,75
78,79
78,107
81,25
81,196
82,43
83,29
83,98
84,94
84,169
85,199
86,170
87,23
87,168
88,56
88,65
92,4
94,58
98,184
100,10
100,194
101,18
101,149
103,144
105,20
105,70
108,63
109,96
110,99
110,178
111,53
111,117
112,80
113,33
113,182
114,38
118,127
120,57
120,172
121,145
123,8
123,37
123,50
124,4
124,128
124,158
126,45
130,51
130,112
130,165
131,46
132,160
140,60
142,74
143,183
144,62
144,171
144,188
147,106
148,18
148,179
149,155
150,80
151,85
152,54
152,197
154,52
156,34
157,43
157,67
158,117
159,61
159,97
159,148
160,69
162,44
163,67
163,132
163,137
166,95
166,122
169,187
171,78
172,55
172,191
173,55
176,184
178,5
178,175
179,87
179,166
180,36
181,66
183,16
185,109
186,130
189,30
191,42
191,102
192,24
193,66
195,149
197,22
197,109
197,115
197,125
197,190
197,198
198,139
199,39
