source,target
0,91
0,105
1,27
1,157
2,171
3,110
4,192
6,5
7,41
7,142
9,3
9,140
10,47
11,60
12,179
13,144
15,55
15,153
17,116
19,117
20,40
20,42
20,85
21,3
21,8
21,156
22,69
23,121
23,158
26,36
26,141
26,199
27,159
28,166
29,42
29,186
30,83
30,190
31,98
32,53
33,48
33,107
34,54
39,32
39,198
41,184
44,152
44,154
44,184
45,46
46,118
47,148
49,149
49,189
51,122
52,138
54,68
56,26
57,18
59,49
60,80
62,142
63,89
63,94
63,172
64,51
64,197
65,8
65,194
66,131
67,108
68,126
69,102
70,0
72,2
72,111
72,129
74,53
75,23
76,97
76,186
78,36
79,32
80,6
80,64
81,82
83,44
83,88
86,54
86,87
87,124
87,161
87,193
90,187
91,106
93,57
93,133
94,11
94,175
99,86
99,173
100,194
101,136
102,9
102,72
102,167
103,30
104,25
105,114
106,25
107,20
108,81
109,22
109,163
110,144
110,165
111,90
113,93
113,164
114,39
116,85
116,96
118,12
118,127
120,129
127,79
128,101
128,185
130,180
132,63
133,31
133,75
134,131
134,151
135,43
135,58
137,119
139,16
139,70
139,71
139,176
140,123
141,61
141,182
145,92
145,121
145,192
146,50
146,153
149,55
149,77
149,103
150,170
151,29
152,10
154,135
154,181
155,24
155,159
158,9
160,19
160,147
160,168
162,13
163,180
166,27
166,109
167,39
167,177
169,52
169,59
169,119
169,160
170,67
170,143
172,125
174,134
176,95
178,19
178,115
181,99
182,146
183,84
184,35
184,38
185,152
187,169
188,163
189,112
190,14
191,33
191,73
191,81
192,183
193,191
195,5
195,37
196,104
198,197
