source,target
0,1
1,59
1,84
1,91
1,93
3,11
4,41
5,10
5,77
6,49
6,87
8,19
8,73
12,2
13,96
14,18
14,99
17,42
19,56
20,12
20,81
21,3
21,60
22,67
23,89
24,35
24,39
24,80
25,39
27,25
27,94
29,85
32,90
35,28
35,67
35,78
36,40
37,36
37,61
38,43
42,5
42,86
44,10
46,7
46,52
46,95
47,68
49,54
52,28
54,4
55,16
55,24
56,91
58,37
58,69
59,43
60,17
60,26
60,29
60,51
61,14
63,92
64,5
64,30
64,55
65,32
65,53
66,54
66,69
66,98
67,12
68,62
68,72
69,74
69,75
71,13
72,63
77,76
79,57
80,15
82,21
86,31
88,9
88,33
89,45
89,82
90,48
90,98
92,71
96,3
96,50
96,57
96,83
96,88
97,40
98,34
98,59
99,23
99,70
