source,target
0,11
1,13
1,59
1,71
1,84
3,54
3,70
4,70
6,23
7,36
7,91
7,99
8,82
10,5
11,36
11,57
11,60
12,92
13,8
13,26
14,61
16,73
17,42
17,95
19,42
21,6
25,93
27,9
27,62
27,78
28,35
30,64
30,88
31,83
32,49
32,90
34,20
38,25
40,97
41,51
44,9
45,1
46,43
46,52
47,59
47,67
48,6
48,13
49,24
49,40
53,65
55,56
56,64
57,33
57,79
59,63
61,37
62,43
65,44
66,94
68,22
68,38
68,72
69,2
69,66
69,74
69,75
69,85
73,50
73,82
76,77
77,80
79,3
79,14
80,10
80,15
80,18
80,89
81,24
81,39
81,68
84,98
85,29
85,51
85,87
86,81
88,17
89,62
93,89
93,92
94,19
94,35
94,86
96,3
96,48
96,83
98,34
98,58
98,69
