source,target
0,57
1,93
3,11
4,46
5,10
7,36
8,37
9,80
12,2
12,92
13,96
14,18
15,95
17,42
17,58
19,6
19,66
21,3
21,82
22,67
23,6
23,89
27,55
27,62
27,94
28,25
28,47
32,20
36,60
37,61
39,35
40,97
41,58
43,59
44,53
45,40
46,52
49,40
50,26
50,73
51,41
52,78
53,65
54,76
54,98
57,33
57,87
57,96
59,24
59,99
60,29
60,54
61,14
62,38
63,72
64,5
64,30
64,31
64,71
65,4
67,12
68,23
69,74
69,85
73,21
75,76
76,77
78,1
78,81
80,18
81,20
81,22
81,39
82,30
82,57
82,70
84,16
84,27
85,29
85,79
86,42
87,48
88,39
89,45
89,47
89,64
89,80
90,32
91,34
91,56
91,71
92,68
94,28
94,63
95,3
96,83
98,84
99,7
99,41
