source,target
3,11
3,21
3,85
4,84
6,49
6,87
8,13
8,82
9,31
10,79
10,94
11,0
12,67
14,36
14,50
15,9
15,30
21,41
22,67
23,6
25,88
26,60
27,33
27,81
27,93
28,43
31,83
34,20
38,25
39,45
40,36
40,64
40,91
44,10
46,54
47,17
47,80
49,66
51,85
52,28
54,4
55,0
55,28
55,71
56,35
57,18
57,48
58,37
59,62
59,98
60,42
62,56
62,92
63,89
64,78
64,89
65,44
65,53
66,4
66,69
66,98
68,38
69,2
69,58
69,75
70,90
71,34
72,22
72,68
73,19
76,5
76,77
78,1
78,55
80,45
81,24
81,59
82,57
82,70
82,73
83,42
83,96
84,16
84,20
85,29
85,61
88,39
88,56
88,95
90,32
90,46
90,74
93,86
94,27
94,77
96,3
97,40
98,7
99,14
