source,target
1,0
4,84
9,45
11,57
13,48
13,55
13,95
14,36
15,80
19,73
20,39
20,84
21,41
23,68
25,27
26,50
27,33
27,35
27,81
27,93
28,25
28,52
29,85
31,5
31,64
31,83
32,37
32,49
34,98
35,24
36,18
36,66
37,58
40,16
41,4
41,12
41,99
42,83
43,38
43,46
43,47
44,9
44,65
46,49
46,90
47,17
47,60
47,67
48,11
48,87
49,7
49,24
51,4
53,65
54,59
55,0
55,16
55,34
56,91
57,96
58,69
59,9
59,22
59,63
59,92
61,14
62,43
63,72
64,30
64,78
66,32
68,72
69,13
70,82
70,99
71,2
71,55
71,92
75,76
76,5
77,23
82,30
82,61
85,87
86,31
86,89
87,6
89,79
89,80
90,74
91,71
94,10
94,28
96,3
96,8
96,50
96,73
96,88
97,40
