source,target
0,45
1,64
2,69
3,21
4,51
4,65
7,66
8,37
9,15
9,44
9,80
10,5
11,36
12,41
12,85
12,92
13,26
13,95
14,50
14,79
14,99
16,84
17,87
17,88
20,34
21,73
21,82
23,89
27,38
27,78
27,93
29,85
31,5
31,59
31,83
31,86
32,20
36,32
37,61
39,35
39,81
39,88
42,60
42,83
43,47
45,9
45,40
46,53
47,18
47,28
48,6
49,46
49,54
54,3
54,51
54,76
54,98
55,71
57,48
58,48
59,24
60,26
60,52
62,63
64,55
67,41
68,49
68,72
69,58
69,75
69,98
70,93
72,22
73,19
78,35
78,56
79,10
80,31
80,77
81,68
82,0
82,18
84,27
88,30
88,33
89,62
90,70
90,74
91,34
91,71
92,20
92,59
92,62
93,25
94,39
96,42
97,40
98,37
99,7
