source,target
0,11
0,55
1,9
2,71
3,79
4,51
5,64
6,21
7,36
7,46
8,13
8,96
9,44
9,67
10,80
12,2
13,48
13,80
14,36
14,61
14,79
15,31
18,47
18,82
23,47
25,27
25,93
26,50
27,35
27,45
28,52
30,88
32,20
33,45
34,4
34,58
35,78
37,29
37,91
38,25
39,20
39,24
40,49
41,3
42,19
44,31
44,34
44,53
46,43
46,49
46,59
46,95
48,87
50,96
51,69
51,85
54,98
55,71
56,62
57,0
58,48
59,81
59,99
60,54
63,72
64,1
65,32
66,7
66,42
68,22
68,77
69,2
69,74
72,68
73,8
74,90
76,5
76,75
77,94
78,52
78,56
78,81
82,21
82,30
82,70
82,89
83,17
84,16
84,66
86,62
88,17
90,32
90,70
92,93
94,76
97,40
98,37
98,43
99,23
