source,target
0,3
1,39
3,38
4,2
4,18
4,27
4,98
5,79
10,91
11,47
12,4
15,77
17,46
18,68
18,74
21,73
22,7
23,7
25,53
26,60
26,96
31,64
31,81
33,31
33,69
34,14
34,16
34,58
35,29
36,99
37,99
38,68
39,34
40,94
41,86
45,19
45,44
45,66
49,1
49,78
49,87
49,93
50,9
50,42
50,45
51,61
52,24
52,48
53,0
54,21
55,18
55,29
56,12
59,20
60,35
60,46
61,8
61,20
62,11
62,28
62,92
63,65
63,72
63,80
64,49
64,84
66,10
66,95
67,43
69,15
70,67
71,16
72,36
72,62
73,14
73,32
73,56
75,30
76,22
76,57
79,13
79,24
79,65
83,88
84,59
84,76
85,27
85,40
85,67
86,54
86,75
88,6
88,89
89,23
90,59
90,82
91,97
92,55
97,85
