source,target
0,3
1,49
2,88
4,18
4,25
4,98
5,0
6,8
7,16
7,82
8,27
8,63
10,64
11,47
11,51
13,81
13,84
14,50
16,30
17,74
18,54
19,97
21,11
21,70
21,72
22,7
22,37
22,39
22,56
23,7
25,90
29,46
29,55
31,81
32,45
32,71
32,73
33,4
33,20
35,16
36,72
38,34
40,24
40,42
41,53
43,31
43,99
48,96
49,12
49,93
50,68
50,91
51,40
51,94
54,95
59,90
60,21
64,19
64,91
66,20
67,85
68,26
68,41
68,86
68,87
71,83
72,80
74,10
75,34
76,69
77,56
77,57
77,92
78,22
79,19
79,52
79,65
84,9
84,25
85,5
85,40
85,62
85,63
87,2
87,76
88,6
88,15
88,38
88,61
89,17
89,58
91,45
92,33
93,46
93,77
95,89
96,26
98,44
99,28
