source,target
3,0
3,62
8,83
11,47
12,10
12,21
12,22
13,41
14,39
16,35
17,42
17,73
17,98
18,33
18,44
19,13
19,97
20,66
21,15
21,43
21,60
21,76
22,7
23,22
23,52
25,59
27,4
27,57
29,60
29,90
30,75
31,12
31,78
32,6
32,67
32,86
33,14
34,16
37,51
38,26
38,88
39,8
40,3
41,69
43,77
46,26
46,37
48,42
49,46
50,24
51,11
52,9
53,0
53,50
54,61
56,85
57,45
57,91
58,82
59,95
61,2
61,30
61,35
61,51
61,80
64,18
64,55
66,34
67,65
67,79
67,84
68,50
69,40
69,76
70,56
71,17
73,64
75,71
76,1
76,94
77,92
79,70
79,72
79,93
81,31
83,89
85,19
85,63
87,49
89,29
89,58
89,74
91,43
95,74
96,48
99,5
99,28
99,36
99,45
