source,target
0,53
2,39
3,23
3,64
4,65
7,23
7,82
12,4
12,56
12,75
13,78
13,81
14,41
15,22
15,69
17,44
17,46
18,94
19,2
19,13
20,36
21,8
21,10
21,54
22,27
22,77
26,98
28,33
30,16
31,81
32,62
33,55
35,58
37,12
37,51
38,32
39,21
41,86
42,93
44,50
45,99
46,54
50,24
51,40
51,69
51,76
52,48
52,79
54,55
54,61
58,34
59,90
60,29
60,98
62,30
62,92
64,84
65,67
66,18
67,13
67,72
68,38
70,85
74,10
76,1
76,47
77,57
79,45
80,63
80,88
82,90
83,53
83,89
84,9
84,20
84,28
84,73
85,5
85,97
86,6
86,91
87,49
87,76
89,25
89,60
89,88
89,95
91,51
92,42
93,60
94,40
94,71
95,11
95,34
95,74
96,29
97,19
99,37
99,43
