source,target
0,3
0,5
2,79
3,64
3,92
4,56
6,32
7,58
7,97
8,63
12,9
12,22
12,56
13,84
14,41
15,69
16,30
16,34
16,35
16,55
18,44
18,61
18,94
19,45
19,85
19,87
23,48
24,52
25,20
25,86
26,46
29,2
29,82
31,28
31,70
31,81
32,38
32,99
33,69
33,95
34,14
34,75
36,27
39,1
43,12
43,28
44,40
45,50
45,78
46,60
47,8
49,10
49,24
49,46
51,37
52,23
52,34
53,0
54,35
55,25
55,29
55,37
55,39
59,44
61,16
61,80
63,88
65,67
65,71
66,17
68,49
71,83
72,7
72,21
72,62
72,93
73,15
74,98
76,6
76,45
77,43
82,96
83,53
84,39
85,27
85,33
85,57
86,42
89,90
90,93
91,68
92,77
95,8
95,11
95,66
96,58
97,19
98,17
98,65
