source,target
0,109
0,166
2,55
3,127
4,104
4,145
7,54
8,44
9,193
11,112
12,194
13,117
13,154
13,166
14,53
14,108
14,179
17,157
18,74
20,43
20,156
21,160
23,83
23,124
24,173
27,59
27,111
28,159
29,96
31,131
32,23
32,99
34,115
36,56
38,22
38,94
38,191
40,164
41,92
42,91
43,21
43,75
43,76
43,196
43,197
44,45
44,139
45,41
45,196
46,83
48,136
49,15
49,72
49,145
51,82
52,31
53,25
53,148
53,173
54,13
57,52
57,80
59,79
59,106
60,149
61,165
62,14
62,63
64,10
65,106
67,167
68,12
69,38
69,131
71,186
73,63
74,20
74,66
75,49
76,5
77,8
78,32
79,17
81,183
82,86
82,122
84,113
84,190
84,199
91,105
91,168
93,96
94,67
95,177
97,163
98,6
103,7
107,174
110,58
110,158
112,46
113,87
113,153
114,101
114,172
115,16
115,101
115,104
115,134
117,97
118,192
119,35
125,39
126,50
128,73
130,120
130,123
131,89
132,11
133,2
133,64
134,90
135,182
136,0
136,19
136,82
137,18
137,70
137,85
138,121
138,179
139,50
140,33
140,108
141,185
142,37
142,78
143,135
145,129
146,154
147,129
148,103
149,175
150,198
151,160
152,26
153,49
153,132
155,188
156,176
157,4
158,51
158,102
159,34
162,30
162,84
163,98
163,143
165,47
165,178
167,12
167,142
169,151
170,86
171,10
171,27
171,29
171,56
173,161
174,141
176,144
177,5
177,149
180,87
181,70
181,125
181,152
182,3
182,100
182,197
182,198
183,3
183,47
185,36
186,91
186,116
186,137
187,42
188,68
189,28
189,130
189,192
193,133
194,1
195,88
195,134
196,184
197,35
197,164
