source,target
3,164
4,10
4,16
4,26
4,146
6,30
6,105
6,117
7,178
8,11
8,32
10,165
10,167
12,194
13,18
13,137
14,160
15,82
20,148
20,158
22,109
23,41
25,9
25,65
25,86
27,39
27,150
29,126
31,16
32,182
33,173
34,13
36,71
38,33
40,77
40,84
41,38
41,49
42,26
43,15
43,83
45,44
45,79
46,23
47,14
47,142
47,186
48,122
48,170
49,59
51,111
51,139
51,179
53,68
55,91
55,196
56,61
57,80
59,5
59,64
60,62
63,114
64,89
66,19
66,111
66,113
66,132
67,118
67,187
70,112
70,153
70,193
71,92
73,169
74,179
75,7
76,190
78,162
79,107
81,183
82,51
82,60
84,90
84,91
88,10
88,35
89,67
89,99
90,52
90,110
91,79
91,98
91,134
93,143
95,47
96,24
96,93
96,94
96,116
97,152
100,45
100,195
102,115
102,135
102,141
103,9
104,175
105,154
106,56
106,65
106,155
111,172
113,144
114,38
114,50
115,21
117,43
118,40
118,87
118,192
119,58
119,106
119,136
120,130
120,180
121,151
121,166
124,105
125,115
125,194
126,22
126,42
126,185
127,92
127,192
128,57
129,12
129,145
129,149
129,178
130,189
131,17
133,156
133,159
133,168
134,190
135,108
140,166
140,191
144,2
144,102
146,133
147,57
147,161
148,48
148,63
148,69
148,96
149,0
150,176
150,198
151,131
152,29
153,97
155,72
156,20
156,155
157,50
160,5
160,17
160,53
161,3
162,74
162,138
163,143
164,119
169,120
169,123
170,37
171,184
173,101
174,142
175,177
176,195
178,54
181,33
182,70
183,66
183,84
183,177
184,13
184,55
184,85
188,149
189,28
189,98
194,1
197,188
199,6
