source,target
1,71
1,158
1,167
2,28
4,159
4,168
5,89
7,26
7,121
8,11
8,32
8,144
8,159
9,125
9,148
10,4
11,82
11,196
12,5
12,187
13,183
14,56
16,105
17,157
18,160
20,197
21,137
22,10
24,83
25,179
26,93
29,152
30,73
30,162
31,52
33,92
35,88
37,90
38,185
38,199
40,106
41,170
41,189
42,99
43,0
46,63
47,23
48,6
48,41
48,140
49,76
53,85
54,103
55,2
56,61
57,52
57,80
57,147
58,86
58,174
59,139
60,2
60,181
62,104
63,140
63,146
65,190
66,119
68,53
68,64
69,131
70,96
72,24
73,128
74,100
74,153
74,175
76,171
77,148
77,162
77,166
78,35
78,131
79,91
79,188
81,102
83,142
86,84
87,118
90,117
91,14
91,90
91,98
91,137
91,197
92,39
93,0
93,8
95,30
95,34
96,1
96,18
96,19
96,84
97,45
99,134
101,169
102,115
102,192
103,163
104,149
105,82
105,129
106,177
107,139
108,72
109,32
110,17
111,184
112,34
114,50
114,54
116,78
118,165
118,190
120,180
122,75
122,143
124,186
127,97
129,40
130,120
132,174
133,67
133,156
133,184
134,67
135,49
136,55
136,59
140,195
142,58
142,88
143,145
146,27
148,44
149,100
150,198
152,193
153,141
154,98
156,19
156,176
160,113
160,123
160,199
162,119
162,145
163,92
163,97
163,173
163,192
164,77
165,74
165,191
166,101
166,138
168,94
169,123
169,151
170,133
171,122
172,51
172,178
173,31
173,53
175,81
177,5
177,15
177,36
177,38
178,155
178,194
179,23
179,62
180,87
181,56
181,70
182,43
183,17
183,108
185,114
185,126
185,161
186,167
193,110
194,7
198,3
198,66
