source,target
0,9
1,71
2,79
3,105
4,16
4,20
4,76
4,133
6,189
9,13
9,65
10,110
10,171
11,34
11,82
11,109
11,111
12,160
12,192
14,42
15,12
16,38
19,103
20,23
23,84
23,135
23,199
24,137
26,61
26,130
27,85
28,159
30,162
31,18
31,131
32,0
32,35
34,73
37,110
37,196
38,191
39,181
40,51
41,194
43,15
43,51
44,8
44,52
46,83
47,6
49,75
49,78
50,63
50,76
50,139
51,36
51,58
51,85
51,179
52,4
53,95
54,14
55,190
56,115
56,127
57,80
57,145
58,107
59,98
61,44
63,114
63,183
63,184
66,26
66,100
67,89
67,96
67,102
68,86
68,130
70,39
70,193
71,25
71,68
71,147
73,165
78,133
81,117
81,176
82,188
83,60
83,88
83,124
88,142
90,99
91,134
93,122
93,135
94,79
94,126
95,91
95,162
95,187
97,37
98,187
99,10
99,92
99,116
101,57
101,151
102,142
102,168
106,41
107,5
110,65
111,22
111,132
111,158
111,172
111,198
112,166
113,21
113,74
113,195
115,48
115,116
117,97
119,100
121,101
124,105
124,123
124,152
124,186
126,29
126,106
130,120
130,136
130,189
130,196
131,173
132,62
133,148
134,174
137,177
138,121
140,33
140,143
140,192
141,168
143,170
144,90
145,91
146,154
148,69
149,104
149,113
149,129
150,27
153,19
154,197
155,18
155,72
156,14
156,49
157,94
157,108
158,1
159,70
160,167
161,25
161,163
164,55
164,64
164,87
165,118
166,45
166,56
166,185
167,138
169,114
171,77
173,161
175,81
176,182
177,30
178,43
178,103
180,87
181,93
186,17
186,157
189,125
190,84
194,7
194,11
195,140
197,156
199,128
199,178
