source,target
2,182
3,141
4,18
4,39
5,67
5,70
5,71
5,89
6,52
6,117
7,27
8,166
11,28
11,95
11,106
11,111
12,15
12,132
12,133
13,24
13,154
14,156
15,82
15,149
16,64
18,31
18,62
19,100
19,153
19,176
20,50
21,124
22,109
25,65
25,161
26,37
30,73
32,9
33,27
33,175
35,60
35,90
38,69
38,185
38,187
41,190
42,99
42,126
43,76
43,84
45,196
47,34
47,142
48,58
48,97
48,126
49,144
50,93
51,111
53,85
54,13
54,178
55,96
60,133
63,135
64,68
65,17
65,91
66,139
66,181
67,102
68,86
68,107
68,155
69,148
70,29
74,137
75,183
76,159
77,40
78,58
79,107
80,151
81,104
81,117
81,175
82,112
82,145
83,23
84,12
85,8
86,124
86,138
87,180
88,93
89,115
89,119
91,20
92,74
92,121
92,184
94,110
95,23
95,98
95,135
95,154
95,156
95,174
96,134
96,191
97,55
98,168
99,137
101,57
103,123
103,192
104,38
104,109
105,67
108,157
108,160
110,198
113,43
113,87
114,31
114,54
115,0
116,186
116,199
119,66
119,81
122,37
122,75
127,103
129,197
130,71
130,120
131,125
133,170
135,179
136,66
136,110
140,63
143,1
143,118
144,176
145,10
145,46
145,129
146,21
147,105
148,41
148,44
150,128
153,141
153,164
154,183
155,59
155,72
155,188
157,116
158,102
162,17
162,36
162,47
164,113
164,172
164,190
165,61
165,199
166,30
166,101
167,94
169,120
169,151
171,77
173,53
174,32
174,125
177,51
182,49
182,150
186,48
186,174
188,45
189,130
192,14
192,171
193,114
194,1
194,6
195,134
196,11
196,56
196,152
196,163
196,166
197,20
197,108
