source,target
2,0
2,133
3,4
3,179
3,184
4,196
6,48
6,146
8,77
8,78
8,93
8,159
9,102
11,112
12,199
13,31
14,30
16,89
16,101
16,139
19,164
20,142
21,40
22,10
23,79
24,172
26,1
26,114
26,179
28,54
31,81
33,73
33,98
37,153
37,167
38,12
41,148
42,11
42,13
42,44
43,42
43,91
43,118
44,76
45,105
47,15
48,50
48,128
49,143
49,190
50,63
51,106
51,177
52,67
54,13
54,178
55,97
58,119
59,40
59,111
60,35
60,83
63,36
63,117
64,15
65,89
66,84
67,6
67,94
67,187
72,177
74,18
74,155
75,100
75,108
78,175
81,185
82,146
85,24
85,41
86,147
87,180
88,62
88,116
88,195
91,68
91,137
92,191
93,29
93,96
93,171
93,192
95,23
95,149
96,33
97,152
98,23
98,46
98,52
98,104
98,113
99,107
101,121
103,178
104,34
108,55
108,70
109,143
111,10
111,51
111,194
113,87
113,163
117,197
119,74
119,99
119,127
120,80
126,136
129,145
130,51
130,120
131,69
131,126
133,32
134,60
135,102
135,162
136,150
137,144
138,176
139,71
139,170
140,158
141,142
144,182
145,14
145,191
147,129
153,19
153,49
154,16
154,30
156,2
156,18
156,20
156,198
158,90
158,166
160,5
160,8
160,122
160,151
162,17
162,183
163,39
164,64
164,135
165,61
165,84
165,90
165,110
165,161
166,57
166,64
167,105
169,31
169,123
170,37
171,27
172,25
172,26
173,53
173,161
174,115
174,132
176,7
176,49
176,150
179,83
182,156
186,157
186,174
188,68
189,163
190,168
193,133
194,95
194,125
195,113
196,124
196,154
196,174
197,43
197,55
198,3
198,56
198,181
199,165
