source,target
0,43
0,152
1,71
1,193
1,194
3,111
3,181
4,11
4,14
4,26
6,18
7,24
8,93
8,106
8,166
10,110
10,157
11,52
12,117
14,56
15,47
16,74
17,5
17,149
21,29
21,95
21,199
24,13
24,37
26,61
30,143
32,109
32,146
34,6
34,44
37,96
40,59
41,163
42,187
43,118
43,125
43,192
45,44
46,145
46,162
48,172
49,59
49,78
49,83
50,126
51,36
51,67
52,73
53,89
55,2
57,128
62,132
62,197
63,50
63,105
63,189
64,88
65,85
66,95
67,38
67,134
68,122
68,153
69,148
70,148
75,114
75,172
76,107
77,2
77,62
79,77
81,188
82,74
82,138
83,142
84,17
84,20
85,27
85,51
87,113
87,180
89,35
92,33
92,65
92,121
92,184
94,167
95,103
96,70
96,152
100,115
102,141
104,179
108,70
108,135
109,22
110,58
110,94
110,136
113,64
114,63
115,0
115,60
115,145
116,191
118,28
119,164
120,80
122,84
122,171
125,9
125,99
125,165
126,122
126,131
126,185
127,89
127,194
128,48
130,26
130,176
132,32
133,12
133,156
133,159
134,88
134,183
136,19
137,17
138,68
138,104
139,10
139,106
139,107
140,189
143,108
143,170
144,137
146,8
147,54
147,69
149,97
150,81
151,25
151,101
151,131
151,173
153,49
154,197
155,46
155,72
155,156
156,39
157,4
158,166
160,123
160,151
161,53
164,23
164,84
165,3
165,98
165,112
165,178
168,91
169,31
169,105
169,120
172,29
174,141
174,182
175,104
181,144
182,79
183,52
183,75
183,177
186,47
186,91
186,110
187,177
189,90
190,198
191,38
192,86
193,9
193,41
195,176
196,45
196,92
196,124
197,129
197,188
198,20
