source,target
0,13
3,182
3,183
4,146
5,76
6,199
8,11
8,23
9,193
11,174
12,89
12,129
12,133
13,18
14,42
14,54
14,199
15,47
15,138
16,35
17,34
17,131
20,158
21,40
23,3
23,44
24,150
26,1
26,61
26,72
28,103
29,14
30,154
31,17
31,121
32,176
35,39
36,177
38,191
39,4
41,140
43,51
44,45
46,119
48,6
48,76
48,106
49,77
49,83
50,181
51,41
51,139
51,159
51,173
51,186
52,90
53,30
56,148
56,166
58,29
58,187
59,40
60,53
60,95
64,59
64,127
66,77
67,118
69,38
70,28
70,108
70,181
71,70
73,34
74,43
74,165
74,178
82,75
82,155
84,152
84,189
85,143
86,84
88,197
89,65
89,67
90,37
90,126
90,158
91,135
92,33
93,113
96,55
96,99
97,117
97,175
98,189
101,57
101,114
102,175
102,192
103,9
103,33
103,137
104,102
106,22
109,167
110,65
110,198
111,25
111,27
111,198
112,109
113,21
113,119
113,186
115,134
116,115
117,24
118,68
118,74
120,80
120,130
120,180
122,75
122,156
126,106
128,57
129,147
130,7
130,26
130,196
131,110
131,125
132,66
133,4
133,32
133,134
135,179
136,50
136,79
137,2
138,93
138,135
139,94
139,107
139,170
141,142
142,185
144,8
144,100
144,149
145,143
145,159
150,128
151,31
152,10
152,71
152,124
153,141
155,46
157,10
160,123
160,178
161,111
163,194
163,195
164,78
164,87
164,168
166,92
166,162
168,190
169,73
169,105
170,86
171,7
171,55
171,62
171,167
172,48
172,114
176,81
181,49
181,154
182,15
184,13
184,32
185,0
185,36
188,82
190,136
190,191
190,197
193,58
196,56
196,63
196,195
198,19
