source,target
0,44
0,182
0,185
4,42
5,76
8,65
8,78
10,6
10,61
10,79
10,134
12,5
12,15
12,89
12,122
12,196
13,24
13,49
13,96
14,47
15,164
16,21
18,199
19,198
20,10
21,95
22,9
24,184
25,24
26,62
27,7
29,96
32,23
32,102
32,159
32,183
37,0
37,170
38,22
38,92
39,155
41,38
43,17
46,55
46,145
47,95
48,14
48,136
48,140
50,130
51,146
53,25
53,28
53,30
55,98
56,115
56,135
56,192
57,147
58,107
58,119
60,83
63,36
64,39
64,54
64,109
66,64
66,77
67,13
67,81
69,131
70,21
70,40
71,65
72,129
73,33
74,16
74,133
74,178
74,194
75,77
75,138
76,34
76,58
76,177
77,2
78,174
80,57
80,151
81,175
83,46
85,53
86,31
86,43
86,74
86,84
90,110
93,37
94,23
97,149
97,160
98,154
98,187
99,126
100,82
100,144
101,128
101,166
103,184
104,62
105,20
105,59
105,91
106,8
106,45
110,105
110,131
111,22
111,27
111,132
111,161
111,169
112,44
114,171
116,45
117,157
118,87
118,90
119,127
119,153
124,123
124,186
125,168
125,195
127,51
127,56
127,126
130,59
132,12
133,52
133,113
136,11
137,35
137,114
137,162
139,16
141,169
142,185
144,66
147,36
147,54
150,29
152,84
152,191
154,196
155,106
156,118
157,108
159,133
159,193
160,67
163,165
165,68
165,91
166,70
166,88
166,121
166,158
166,175
167,1
167,42
169,120
171,41
173,101
174,32
176,100
176,198
178,72
180,87
181,33
181,93
181,148
181,172
182,156
186,111
186,157
186,179
186,189
188,68
189,167
190,124
190,125
190,197
192,176
194,6
196,143
197,104
198,3
199,60
