source,target
0,56
0,153
1,7
1,85
4,32
5,71
8,73
8,78
8,171
8,186
9,91
9,193
10,71
10,110
10,167
11,111
11,136
13,3
13,190
14,19
14,33
15,177
16,89
16,154
17,15
17,34
18,77
18,82
19,96
19,121
21,175
22,13
22,109
24,150
25,179
27,7
28,13
28,53
29,14
33,26
33,140
35,139
36,166
37,165
39,70
39,156
39,196
41,49
41,148
42,100
42,181
42,189
44,0
44,106
44,155
45,105
46,107
46,119
48,128
49,43
49,72
50,93
50,157
50,176
51,124
51,138
51,146
51,158
52,34
54,103
55,164
58,10
60,31
61,3
62,88
63,170
65,9
66,40
67,53
67,81
67,166
68,130
68,188
70,159
72,197
74,118
76,58
76,59
76,178
77,23
78,162
80,57
80,120
82,42
82,79
82,93
83,46
83,59
84,12
84,74
84,145
86,25
88,77
89,127
91,84
91,90
92,38
92,163
94,126
95,98
95,177
96,24
96,137
98,41
98,97
98,173
99,168
102,141
103,30
104,67
105,20
105,74
105,187
106,183
108,157
110,65
111,184
111,194
112,45
114,172
115,67
115,116
116,102
117,76
122,12
123,169
125,131
125,160
126,185
128,199
129,142
129,147
130,69
132,153
132,174
133,2
133,144
134,16
135,68
136,50
139,133
142,167
143,1
143,122
144,66
144,181
146,63
146,94
151,80
151,161
154,117
154,149
159,28
159,32
160,17
160,123
161,111
162,47
163,192
164,48
164,64
164,87
165,99
165,112
165,191
169,101
171,143
172,24
172,44
176,75
179,21
179,51
180,120
182,79
183,134
185,114
186,113
188,100
189,103
189,124
191,92
191,152
195,176
197,35
198,56
199,6
199,60
199,116
199,178
