source,target
3,23
4,39
5,59
6,18
8,93
8,149
8,160
9,54
9,100
10,171
11,28
11,66
13,166
15,40
16,34
16,119
16,121
17,157
18,33
19,179
21,78
21,195
22,94
24,85
25,28
25,193
26,63
27,150
30,38
32,52
32,132
32,182
33,73
33,90
33,165
36,158
37,35
38,69
41,148
43,51
43,70
43,140
43,150
44,112
45,196
47,142
48,137
51,68
52,51
53,152
55,14
55,136
55,198
56,7
56,53
56,148
56,192
57,101
57,147
60,0
61,56
62,49
63,1
63,184
64,183
66,26
68,179
70,75
70,104
71,103
71,139
72,156
74,105
74,135
75,138
75,172
76,59
77,49
77,144
78,175
79,100
79,107
81,188
82,11
82,105
82,177
83,113
84,183
84,192
86,118
87,118
87,164
87,180
88,197
90,83
91,98
92,71
94,96
94,146
95,154
95,162
98,133
100,181
107,154
108,145
109,167
110,189
111,177
112,10
113,43
113,78
113,87
114,50
114,186
115,199
116,89
117,76
120,80
120,169
122,4
122,38
124,116
124,190
124,191
125,12
125,165
126,37
126,42
126,81
126,106
129,29
131,31
131,151
131,161
133,12
133,159
134,182
136,20
136,97
136,110
137,119
137,122
139,5
139,44
141,168
142,167
142,174
142,185
145,82
146,32
147,69
147,129
148,40
151,173
152,124
152,158
153,141
154,99
154,197
156,95
157,108
160,2
160,17
160,65
160,123
161,163
162,46
162,77
162,115
162,127
163,41
166,45
166,67
168,79
169,151
171,8
172,143
172,155
172,178
177,187
182,176
183,3
183,102
184,4
184,14
184,85
185,126
186,58
186,116
188,68
191,96
194,125
196,109
196,130
196,170
198,153
199,6
199,60
199,128
