source,target
0,4
0,18
1,85
2,59
2,66
5,139
7,27
7,90
8,50
9,77
11,8
11,47
13,67
13,184
14,54
17,6
17,137
18,82
18,146
18,153
19,40
20,124
20,186
23,178
26,23
26,72
29,155
30,90
30,166
32,138
32,159
34,11
38,185
39,16
39,133
40,118
41,94
42,137
44,48
44,107
45,160
46,140
50,122
50,139
50,157
51,52
52,95
56,61
56,88
56,148
56,171
57,80
58,187
64,10
64,25
65,13
69,131
71,92
71,106
71,111
73,30
73,33
73,128
74,43
74,104
75,150
76,117
77,113
78,149
79,17
79,91
80,120
80,151
81,119
81,175
82,49
82,86
82,112
82,119
83,88
83,113
84,96
88,142
88,195
89,5
89,65
90,126
92,28
93,100
93,178
98,18
98,64
98,116
99,89
99,125
99,167
101,115
104,17
104,34
104,48
106,51
107,172
113,160
114,54
114,98
115,0
117,12
118,87
118,99
119,46
119,68
119,109
123,103
124,190
125,144
126,22
127,130
127,189
130,103
130,193
131,161
133,60
134,154
135,102
135,108
135,197
136,5
138,105
138,116
138,121
138,164
139,117
139,170
142,129
143,163
145,135
146,21
147,71
149,59
149,79
150,174
151,161
151,169
154,53
155,43
156,19
156,39
156,182
160,97
162,127
163,41
164,15
165,61
165,84
166,36
166,57
166,158
168,141
169,31
169,101
170,37
171,35
171,63
171,114
171,152
173,53
174,134
174,196
176,100
176,195
177,187
179,64
179,145
180,120
181,24
181,33
181,132
183,3
183,32
183,52
183,154
184,70
185,36
186,58
186,198
188,153
191,92
192,63
193,1
193,41
193,136
194,1
196,55
197,62
197,156
197,168
198,56
198,110
199,165
