source,target
0,3
1,95
6,39
6,148
6,193
8,94
8,110
10,53
11,126
12,47
12,123
12,140
13,54
13,99
14,21
15,192
16,143
17,129
17,158
18,175
19,117
19,182
19,195
20,42
20,58
20,109
22,9
22,93
22,115
23,35
23,74
23,196
25,64
26,4
26,165
27,9
30,130
32,83
35,176
36,22
38,177
39,123
39,194
41,77
43,25
44,65
44,108
44,138
45,98
47,179
49,59
49,107
49,146
50,178
51,198
55,92
56,64
56,118
57,120
60,116
60,183
62,81
62,96
64,28
65,40
65,184
66,91
67,27
68,60
71,4
72,18
72,97
72,142
74,104
75,66
77,119
79,45
80,154
81,8
81,189
82,90
83,12
84,73
84,106
84,112
84,132
85,76
86,73
90,42
91,7
91,87
91,187
91,196
92,82
93,51
95,188
97,89
98,26
98,33
98,49
98,81
99,103
99,155
100,10
101,79
102,148
108,16
109,113
109,125
109,164
112,57
113,32
118,75
118,121
120,48
121,153
122,69
122,111
122,150
122,195
123,41
124,88
124,186
126,141
126,160
127,70
127,151
129,197
131,67
133,122
134,130
134,149
135,19
136,3
136,52
137,24
137,114
140,31
142,2
143,5
143,38
144,37
144,41
146,56
147,189
150,33
151,6
152,162
155,102
155,128
156,86
158,63
159,136
160,61
160,85
160,185
161,119
162,53
163,46
163,116
167,139
169,111
170,166
171,13
173,154
173,187
175,36
175,52
175,149
175,168
176,68
176,157
177,84
177,145
178,163
179,1
179,191
180,174
181,34
181,142
183,105
183,137
183,167
185,14
185,115
185,162
186,147
186,172
186,192
188,101
188,170
190,156
195,78
196,48
196,174
197,23
197,29
198,17
199,70
