source,target
0,115
0,142
1,149
2,113
3,191
3,193
7,38
7,58
7,64
8,170
9,43
9,65
11,126
13,163
13,198
14,194
15,142
19,150
20,32
20,158
22,146
22,181
24,28
24,80
26,167
26,187
27,106
28,96
30,105
30,170
30,178
31,10
31,85
32,93
32,109
36,185
39,175
40,102
44,161
46,98
46,172
48,12
50,153
51,118
52,24
52,63
52,186
54,63
57,112
58,71
59,68
59,141
59,194
61,98
62,147
63,42
64,93
65,165
65,177
66,23
71,55
72,18
73,34
74,52
79,25
79,56
79,81
80,69
82,150
83,21
83,183
84,72
85,160
87,123
87,192
88,30
88,193
89,33
92,121
92,139
94,41
94,82
94,100
95,54
97,59
99,114
101,129
103,111
104,74
107,2
107,49
108,57
109,37
110,5
110,168
111,13
112,32
112,53
112,76
114,157
115,45
115,128
115,162
116,2
116,18
116,86
116,132
117,185
118,70
118,130
120,184
122,6
122,66
122,143
124,39
124,79
126,75
130,88
132,143
132,148
134,107
135,19
135,101
135,164
136,12
137,171
137,181
138,174
139,4
139,51
140,35
141,21
142,29
142,35
143,16
143,17
144,125
144,131
144,169
145,104
145,119
148,33
148,102
148,160
148,188
149,87
151,108
152,53
152,184
153,78
153,195
155,114
155,116
155,147
155,178
156,122
158,196
159,66
159,154
160,77
162,106
163,137
164,50
164,175
165,117
165,156
167,155
169,15
171,62
173,95
174,38
176,44
178,133
179,48
179,182
180,101
181,44
181,60
182,91
182,162
183,19
185,75
186,67
186,127
187,166
188,80
188,128
189,0
189,90
190,91
192,5
192,26
192,61
193,34
194,47
195,9
196,135
197,61
199,110
