source,target
1,2
1,68
8,82
9,39
9,185
10,27
10,80
10,141
15,12
17,148
20,29
20,54
21,18
21,42
21,83
22,16
22,132
22,147
22,175
24,138
24,139
25,64
25,74
25,112
25,149
26,98
26,126
26,136
27,21
27,106
27,113
28,169
30,118
32,152
33,78
33,148
34,190
35,192
36,179
38,0
41,104
41,110
43,25
44,181
46,5
46,24
47,93
48,180
51,149
51,167
52,60
52,97
53,181
54,49
54,67
56,72
58,20
61,3
61,70
61,127
63,52
64,61
64,72
64,86
64,88
64,96
65,60
65,150
65,173
66,81
66,138
66,171
67,145
68,23
69,43
71,58
72,57
77,8
77,41
78,158
83,105
84,31
84,79
84,128
87,73
87,174
87,176
88,124
88,146
89,137
90,2
91,77
91,129
91,198
92,130
93,50
93,89
94,31
95,35
98,69
99,103
100,117
101,46
101,55
104,22
105,76
107,37
107,133
107,134
108,158
111,33
114,65
115,15
115,193
116,110
117,38
117,56
117,84
117,108
118,47
118,99
118,130
119,189
122,112
122,156
125,109
126,11
126,143
127,7
127,151
127,179
127,184
128,121
131,177
132,4
132,195
134,38
135,107
137,32
137,122
137,175
138,140
139,199
142,48
143,155
145,120
145,196
147,6
148,178
149,15
149,102
150,144
150,197
154,135
156,45
157,140
160,116
161,166
163,32
163,62
164,13
164,185
165,80
165,153
168,14
168,66
169,62
172,195
174,1
174,123
174,170
177,183
178,161
179,19
184,40
184,83
184,114
184,183
186,152
187,86
188,26
188,194
189,180
190,49
190,59
191,74
191,75
191,109
191,159
191,182
192,10
192,162
195,44
196,191
197,39
197,87
198,48
199,85
199,100
