source,target
0,128
1,16
1,193
2,14
6,88
6,155
7,5
7,134
7,143
9,181
10,19
10,74
10,83
10,105
11,76
11,106
12,182
13,118
13,171
18,39
18,68
18,86
19,15
19,192
20,0
21,70
22,147
22,190
23,160
25,1
25,137
25,149
26,34
26,38
26,65
26,79
26,159
26,180
27,106
27,145
27,195
29,37
30,136
31,94
31,116
37,58
37,144
38,164
38,184
39,7
40,198
41,48
42,69
43,135
45,72
45,114
47,17
48,184
49,170
50,156
51,109
52,119
57,10
58,71
60,114
61,163
64,130
67,26
67,138
68,127
69,108
69,141
70,179
74,4
75,56
75,113
75,139
75,174
77,24
77,151
78,57
78,186
79,183
81,118
81,194
83,67
85,154
88,92
89,63
89,197
90,103
93,129
94,82
95,27
96,35
96,87
97,7
97,89
98,33
98,150
98,196
100,79
101,142
103,99
104,3
104,112
105,29
106,191
110,78
111,126
112,66
113,54
115,15
116,32
116,161
117,129
119,24
119,42
122,32
122,102
123,159
126,55
126,70
126,143
126,148
128,45
128,98
128,121
131,144
132,93
135,84
136,52
139,28
139,133
139,177
140,124
141,180
144,125
145,62
145,122
146,187
147,193
149,23
152,169
154,120
154,132
155,49
155,53
155,167
156,101
157,35
157,63
157,153
158,73
158,91
159,152
159,199
160,8
161,45
161,99
162,36
162,65
162,182
164,93
164,178
168,44
170,146
172,46
172,148
173,59
174,6
175,176
176,158
178,50
178,61
178,91
178,157
179,135
180,80
180,130
180,168
181,31
181,165
185,1
185,2
187,107
187,166
187,173
187,188
188,25
189,107
194,18
194,47
196,51
196,66
196,77
197,75
197,124
198,13
