source,target
0,35
1,127
5,137
8,82
8,199
13,187
16,108
16,185
17,148
17,150
17,158
18,30
18,134
23,156
24,76
24,183
25,27
26,5
27,110
27,113
27,199
28,2
28,7
28,88
29,88
31,6
31,22
31,118
33,98
34,170
38,192
39,34
43,25
45,87
45,91
45,176
46,152
49,152
51,42
51,109
55,84
55,126
56,81
56,131
57,97
59,20
61,175
62,39
62,106
64,85
65,148
65,155
66,67
67,10
69,141
71,4
72,176
73,181
73,195
75,48
75,161
78,167
79,196
80,116
80,179
83,10
83,50
84,19
85,58
85,171
86,51
86,177
86,183
86,187
87,105
89,1
89,77
90,190
91,9
91,56
91,101
95,129
97,37
97,59
97,160
97,177
98,54
98,57
101,52
101,123
101,189
102,142
102,151
103,13
104,154
106,173
107,161
110,189
111,83
111,140
112,162
115,61
117,34
121,130
122,45
122,75
122,169
123,100
125,198
126,11
126,197
127,101
127,146
128,118
129,94
130,30
134,74
134,116
134,174
135,3
136,7
137,86
137,149
138,3
138,113
139,4
139,92
139,119
139,160
140,124
140,186
143,159
145,122
146,65
147,74
148,132
149,15
151,108
153,193
154,26
154,70
155,21
155,40
155,53
155,93
155,129
155,180
156,96
157,32
157,114
159,144
159,181
159,191
160,178
162,184
163,178
165,84
166,128
168,143
173,16
174,165
175,18
175,44
175,47
175,60
175,63
177,68
178,23
180,104
182,12
184,83
184,128
184,172
184,182
185,49
185,64
185,69
185,136
185,164
185,167
186,55
188,95
189,36
190,59
191,33
191,99
191,136
192,114
192,168
193,133
193,166
194,39
196,0
196,14
197,0
197,89
198,111
198,120
199,41
