source,target
1,5
1,14
1,61
2,37
2,43
2,107
2,163
4,71
4,172
5,40
7,25
7,58
8,110
9,22
10,30
12,11
12,57
12,90
15,190
17,157
20,54
21,42
21,59
22,186
23,74
23,181
24,127
25,180
26,118
29,7
30,130
33,191
34,197
35,141
36,49
36,189
38,143
39,116
39,136
47,171
47,176
48,47
49,2
50,112
51,196
54,66
56,78
56,100
56,106
57,68
59,94
59,110
59,197
60,16
61,136
62,41
62,129
63,97
64,192
65,35
65,189
66,178
67,161
68,55
72,119
73,43
75,109
76,154
77,3
78,168
79,153
80,144
81,180
83,37
84,21
86,126
86,185
87,188
89,65
91,100
91,169
93,165
94,82
94,98
95,1
96,158
97,39
97,68
97,131
97,132
98,74
98,199
99,73
102,9
103,99
105,83
108,139
108,161
108,173
110,27
110,45
110,183
112,183
113,28
113,187
114,0
115,95
115,193
116,10
116,70
116,160
116,162
116,195
117,18
117,36
117,47
118,0
118,13
118,15
118,121
122,56
122,88
122,93
123,5
124,52
124,140
126,53
127,18
127,79
128,89
129,38
130,92
133,175
134,35
134,143
135,101
138,170
139,8
140,101
142,80
142,104
146,79
147,44
147,159
147,192
148,64
149,117
150,125
151,77
152,46
155,149
155,190
158,17
159,87
159,154
161,119
162,84
162,150
163,32
163,195
164,147
166,107
167,93
167,178
168,85
168,86
169,3
170,6
172,85
174,25
174,123
175,164
177,142
178,109
178,156
179,174
182,60
182,122
182,198
185,19
186,67
186,104
186,120
187,185
188,24
188,111
188,137
191,106
191,184
193,31
194,145
194,152
194,158
195,6
195,96
196,23
198,140
199,33
199,69
