source,target
0,9
0,189
1,25
2,29
2,58
3,81
6,126
8,82
10,168
11,12
12,54
17,32
17,77
17,84
18,60
18,66
19,44
19,143
19,174
19,191
20,2
20,90
20,95
24,28
24,122
26,46
27,169
29,8
29,179
32,20
32,31
35,41
36,61
36,175
37,103
39,99
41,101
43,16
43,127
45,91
45,197
47,109
50,118
51,149
52,19
52,120
52,186
53,108
55,71
57,37
57,120
59,94
61,80
64,88
64,118
64,129
64,188
64,195
65,25
65,148
65,151
66,14
67,155
68,138
69,164
69,182
70,38
72,34
72,157
73,126
73,158
74,57
76,154
78,195
79,48
79,64
81,68
81,110
84,83
86,18
88,92
89,52
92,121
93,23
93,146
96,28
97,59
97,171
97,176
98,46
99,150
99,166
101,51
102,175
104,42
104,76
106,69
106,147
107,0
107,49
108,69
108,197
110,157
112,165
113,13
113,75
113,134
114,47
114,107
114,187
115,110
117,36
118,130
121,40
122,105
122,123
128,196
129,141
131,67
131,132
132,199
133,170
134,156
135,56
135,129
136,194
137,87
137,180
137,185
139,4
139,89
139,167
140,12
140,65
140,100
140,123
140,124
142,177
142,178
144,13
145,39
147,21
148,142
148,160
149,7
150,33
150,55
150,73
150,125
151,127
153,1
154,86
156,152
158,133
158,176
159,190
161,145
162,10
163,63
163,184
165,75
168,30
168,78
169,15
169,18
169,117
171,62
172,83
176,173
178,41
178,113
178,116
180,79
181,119
181,137
184,38
184,193
185,68
185,184
188,111
188,114
189,53
189,133
190,130
191,17
191,36
191,132
192,147
194,140
195,5
195,23
195,26
196,85
196,156
196,179
196,181
196,183
197,22
198,51
