source,target
1,116
2,107
3,0
3,13
6,49
6,118
10,43
11,163
12,81
12,141
15,142
15,149
17,8
17,32
17,65
17,160
20,144
20,164
21,17
24,185
25,79
26,56
26,74
26,154
27,89
28,2
29,37
29,197
30,9
31,45
34,117
34,169
35,72
35,110
35,183
38,41
38,100
38,128
39,23
39,101
39,132
41,139
45,126
46,62
46,167
47,179
48,137
52,136
52,140
54,146
55,91
57,35
58,7
58,85
59,95
61,98
62,102
62,171
63,147
63,150
64,63
65,148
65,182
65,193
66,14
67,108
67,173
69,182
70,114
71,4
72,68
76,24
80,51
81,75
82,54
84,14
84,159
86,147
86,156
87,10
87,199
89,67
90,8
91,50
91,158
94,190
96,195
98,156
103,37
104,64
105,83
105,124
106,135
112,76
113,169
114,59
115,176
116,112
117,49
117,108
118,94
118,188
120,92
122,15
122,105
122,133
123,19
123,28
123,126
129,127
130,29
131,18
131,121
131,186
132,21
134,174
135,42
135,83
138,55
138,93
139,33
139,166
141,115
144,125
145,6
145,84
145,120
145,197
146,16
146,151
147,45
147,53
148,4
148,145
148,172
149,57
149,129
150,13
150,74
150,82
150,99
152,157
154,77
154,97
155,53
156,181
157,26
157,109
157,143
161,9
161,39
161,68
162,34
163,80
163,136
163,175
164,78
164,104
164,137
164,165
165,7
166,110
166,194
168,25
169,40
171,61
177,194
178,167
179,25
179,114
179,175
179,191
180,18
180,50
182,174
183,60
184,153
184,159
185,130
186,120
187,73
187,133
187,198
188,111
188,192
189,22
189,90
190,20
190,119
191,87
191,122
193,5
193,88
194,81
195,38
195,44
196,36
196,70
197,170
