source,target
2,94
2,108
2,170
3,66
3,159
5,115
6,22
7,30
8,82
9,109
9,181
9,188
12,11
13,75
13,103
14,113
15,69
17,13
18,70
18,89
18,163
22,149
22,174
23,79
23,87
24,0
24,168
25,15
25,74
26,42
26,143
31,174
32,29
32,175
32,199
34,2
34,68
35,96
38,100
40,121
40,133
42,119
43,127
46,134
47,137
48,179
49,150
52,10
52,33
52,89
53,126
54,63
55,67
55,71
55,92
56,188
58,11
61,146
62,102
62,195
63,144
64,38
64,40
65,161
65,192
67,83
67,167
72,157
72,166
75,189
76,106
77,20
78,44
78,51
80,41
81,23
81,39
83,59
83,111
84,7
85,64
85,171
86,52
87,28
89,14
89,27
89,132
90,31
90,37
91,7
91,9
91,130
91,145
93,65
93,143
94,8
95,28
97,58
97,77
101,6
104,76
105,186
106,38
107,58
107,187
109,16
109,47
110,61
111,122
112,50
114,53
115,80
115,176
115,179
116,114
116,141
117,18
118,94
120,8
122,182
123,41
125,198
126,135
127,72
127,151
129,120
129,136
131,56
133,175
135,160
137,115
139,4
139,24
140,173
141,1
144,131
145,87
146,49
146,152
147,44
148,35
148,199
149,185
150,51
150,86
150,158
152,72
152,169
152,180
153,184
154,157
155,19
155,124
155,198
156,116
156,197
159,10
160,97
160,178
161,45
161,107
161,128
161,165
162,100
163,93
164,104
167,73
167,99
168,180
170,77
170,133
172,194
173,167
174,60
175,112
177,169
180,134
181,21
182,88
182,183
183,152
184,88
185,118
186,55
187,5
188,98
188,142
188,196
189,101
190,30
193,91
193,138
194,78
195,19
195,69
195,178
196,36
196,191
198,57
