source,target
0,189
1,5
3,185
3,193
4,99
5,38
6,2
7,117
7,143
10,9
10,131
10,186
13,94
14,25
14,177
15,12
17,77
18,16
18,47
18,60
18,152
19,143
21,14
21,44
21,155
21,172
22,38
22,184
23,194
25,3
26,53
26,62
26,153
27,179
29,37
29,142
29,180
31,21
32,73
35,141
35,159
36,59
36,90
36,95
36,121
37,2
39,134
39,161
39,173
40,115
41,61
42,29
43,105
45,79
48,32
49,178
49,197
51,164
52,68
53,98
56,40
56,118
58,150
59,11
59,54
60,53
60,127
61,120
61,171
61,176
63,26
64,57
64,107
64,181
65,110
65,163
67,199
68,156
68,157
69,56
71,58
72,193
74,23
77,20
78,18
78,83
79,81
80,64
81,114
82,54
85,10
86,112
86,183
87,28
87,158
88,0
88,30
88,92
91,9
91,24
91,126
93,66
95,1
100,52
100,75
100,94
100,129
100,187
101,41
101,46
103,37
105,100
106,129
107,135
108,116
110,27
110,160
111,50
112,76
112,78
113,195
114,109
115,19
115,39
115,102
116,74
117,122
118,84
120,169
123,31
126,70
127,136
128,121
129,165
130,45
132,155
135,22
135,42
136,139
139,4
139,8
139,145
140,12
140,123
141,20
141,63
142,34
142,130
144,33
144,177
145,87
146,93
146,187
148,48
148,188
149,15
150,89
151,146
155,124
155,147
156,23
156,50
156,57
156,96
156,97
157,154
158,113
164,22
165,170
166,30
166,51
167,166
168,132
169,148
174,44
178,106
178,175
179,191
180,104
180,134
180,150
182,88
182,198
185,137
185,163
186,55
186,137
188,80
190,97
190,119
191,101
191,125
192,133
192,168
193,138
195,173
196,48
197,162
199,144
