source,target
1,89
2,42
2,183
3,0
3,44
3,60
3,134
3,162
7,132
7,136
8,14
8,110
11,79
12,57
12,141
12,190
13,56
14,91
17,158
18,180
19,176
19,177
19,195
22,149
23,186
24,30
24,80
25,43
26,15
26,64
26,98
26,146
26,172
29,37
29,117
32,18
32,50
33,109
33,120
33,198
35,96
35,142
35,158
38,193
39,94
46,72
46,156
47,12
49,113
49,143
50,87
50,114
51,13
51,32
51,126
52,70
52,117
52,175
53,31
53,166
54,146
56,69
58,20
58,90
58,105
60,112
61,171
62,196
64,35
64,99
65,77
66,6
66,188
67,21
67,78
68,59
71,55
72,28
74,4
75,100
75,194
80,184
82,54
83,139
84,138
84,182
86,52
87,7
88,34
88,151
89,67
90,36
90,160
91,137
92,82
93,74
93,178
97,192
98,165
99,25
100,51
102,1
103,13
104,10
104,76
104,85
104,191
107,114
108,93
110,9
110,115
110,116
110,131
111,132
114,97
114,113
116,147
117,118
121,92
122,27
122,152
125,150
127,65
127,70
128,194
129,94
133,81
133,128
134,68
136,3
136,28
136,73
136,124
136,135
136,159
137,83
137,181
137,188
137,193
138,122
139,24
140,111
141,95
142,18
145,41
146,145
147,63
147,168
147,189
148,6
149,66
150,163
153,102
154,63
155,23
156,88
160,8
160,150
161,108
164,78
164,159
167,33
169,73
170,165
173,95
173,106
173,145
174,123
174,155
175,164
176,48
177,55
178,61
178,197
179,119
179,134
179,157
180,16
180,45
180,130
181,144
183,65
184,129
184,153
185,180
186,167
187,26
188,122
191,98
191,101
193,5
193,79
195,40
195,46
196,53
196,179
197,22
198,99
199,19
