source,target
0,101
0,106
1,197
3,40
4,260
5,62
5,238
6,143
6,287
7,114
8,129
10,23
10,254
11,116
11,271
12,202
13,119
14,48
15,156
16,103
16,113
18,39
18,264
19,187
22,24
33,98
33,269
35,81
37,60
37,298
38,81
38,270
38,290
39,266
40,256
41,68
41,128
41,200
43,266
45,151
45,185
45,230
47,52
49,129
50,41
50,259
52,165
52,191
52,289
56,36
56,139
56,234
58,69
58,116
58,296
59,145
59,252
59,297
60,46
60,174
64,265
67,73
68,111
68,247
69,30
69,92
69,186
69,198
70,199
71,25
71,124
71,250
72,166
73,86
75,63
75,236
76,159
76,226
76,291
79,22
79,208
80,173
82,32
83,154
84,65
84,245
86,138
87,9
87,112
88,289
89,50
89,246
90,54
90,94
90,160
91,131
92,43
92,111
95,64
96,224
97,206
97,258
99,115
99,285
101,80
101,196
101,278
102,87
102,177
103,190
103,253
105,20
107,288
108,263
109,158
110,57
110,200
112,37
112,297
114,204
115,51
117,147
117,195
118,201
119,132
120,14
121,44
121,210
122,80
123,135
124,216
124,225
125,108
131,294
132,1
134,213
137,161
137,203
138,23
138,260
139,228
140,3
142,268
143,145
144,2
144,53
146,141
147,82
148,228
149,33
149,137
155,0
155,133
155,265
156,10
157,162
159,194
160,16
162,100
162,189
162,198
163,72
164,216
165,2
165,27
165,149
167,182
169,152
170,241
170,252
171,142
175,269
175,279
176,38
176,210
178,117
178,209
179,172
181,17
181,167
182,30
184,125
187,262
188,232
190,6
190,85
191,105
191,211
191,293
192,9
194,264
195,244
197,66
198,136
199,120
201,25
201,29
202,21
203,277
205,189
205,236
206,150
207,78
208,59
208,99
209,70
209,179
211,42
213,193
214,43
215,274
218,255
220,4
220,127
220,258
221,31
221,175
221,187
224,141
225,171
227,147
229,286
230,89
230,96
231,136
232,123
233,95
233,212
235,35
235,123
237,91
238,34
238,283
240,250
242,34
243,19
243,207
244,21
244,45
244,55
245,191
247,254
248,28
248,199
249,209
250,91
251,76
251,93
251,217
255,7
255,55
256,46
256,74
257,222
257,248
260,153
261,79
261,130
263,102
265,49
267,180
268,176
273,47
273,72
274,75
275,18
275,109
275,154
275,234
276,90
277,155
278,71
281,157
281,280
282,97
283,26
283,56
284,183
284,221
286,120
287,219
288,131
288,239
289,213
290,184
290,272
292,126
292,275
293,223
294,104
295,15
295,61
295,66
297,168
298,58
298,77
298,169
298,267
299,115
