source,target
0,146
1,261
2,157
3,109
3,125
3,195
4,169
8,53
8,252
11,205
11,235
12,92
12,182
12,273
13,55
13,249
14,48
17,151
17,257
20,164
22,81
22,101
25,153
25,268
26,10
27,9
27,83
27,165
27,292
28,122
29,196
30,123
30,237
31,7
32,4
32,27
32,185
33,98
34,150
34,209
36,30
36,173
36,233
37,41
37,89
37,94
38,290
39,112
39,267
43,145
43,254
45,154
47,245
50,68
55,218
56,36
58,226
58,241
60,37
60,46
61,82
61,134
62,119
62,255
63,147
63,187
63,219
64,283
65,210
66,215
67,11
68,103
69,1
69,96
70,25
70,132
71,243
71,258
72,240
74,67
75,146
75,230
76,181
78,107
78,288
79,22
83,223
84,166
84,264
87,120
88,237
89,15
89,246
89,272
90,47
90,129
91,5
91,23
91,131
96,227
98,40
98,156
99,208
100,39
102,224
102,236
102,256
103,16
103,38
104,188
105,159
106,13
106,120
107,104
108,251
108,270
108,296
109,133
110,76
110,200
111,201
113,212
114,239
115,91
116,65
117,178
118,10
118,79
118,148
119,56
121,84
126,83
130,287
134,175
134,279
134,294
137,254
138,82
139,63
139,118
141,149
142,85
142,198
143,221
144,2
144,24
144,247
145,62
145,281
152,169
153,93
153,216
153,271
154,142
156,86
156,192
157,128
158,250
162,117
162,157
162,196
162,248
164,61
164,135
164,149
165,285
167,100
167,172
167,217
170,269
171,80
171,124
173,76
174,60
175,58
175,269
176,12
177,137
178,18
178,199
178,277
180,32
182,161
182,227
183,174
184,21
186,69
188,232
189,179
190,75
190,98
191,74
191,124
193,173
196,262
196,298
198,130
198,160
199,105
199,293
201,161
202,168
203,274
204,31
204,179
206,49
206,249
207,192
208,88
209,122
210,34
210,144
211,42
212,297
213,299
214,43
215,190
215,194
218,255
218,278
221,72
221,127
221,133
221,265
224,96
224,229
225,42
225,259
226,50
228,156
230,139
231,48
231,136
231,141
232,94
233,66
234,295
235,35
235,95
235,222
235,250
236,140
239,234
243,73
244,45
244,77
245,19
245,20
245,189
245,224
246,206
249,11
251,289
252,193
255,242
256,225
257,54
257,189
258,236
260,138
263,90
263,153
263,197
263,220
265,63
266,0
269,57
274,253
275,1
276,59
276,264
280,108
280,202
282,112
282,143
283,176
283,238
284,183
285,299
286,116
287,121
289,52
289,113
290,21
290,284
291,19
291,155
292,6
292,102
293,191
293,203
294,131
294,163
295,263
297,70
297,166
298,44
298,97
299,51
