source,target
1,22
1,293
2,231
3,97
4,41
4,65
4,117
7,114
7,144
10,16
13,106
13,255
13,281
15,89
17,11
17,63
17,156
17,297
21,202
22,164
23,96
25,19
25,259
26,251
28,220
29,63
30,36
30,237
33,217
34,131
35,13
35,208
37,94
38,111
38,253
39,80
42,100
43,113
48,128
48,218
49,57
49,180
49,267
50,87
50,147
51,299
52,48
53,244
55,274
59,208
62,5
65,116
66,75
66,160
66,250
67,201
68,10
70,292
71,258
71,295
72,284
75,87
76,89
76,135
76,249
77,298
78,40
78,56
80,101
80,140
81,8
81,158
83,102
84,127
85,112
85,153
93,69
93,212
93,256
96,60
97,184
99,115
100,29
101,211
101,278
102,27
102,187
103,54
104,146
105,199
106,108
108,124
109,263
110,23
111,200
112,288
114,242
115,91
115,279
116,58
116,216
118,148
120,90
124,64
124,70
125,20
126,161
126,269
127,226
128,204
129,49
129,163
131,17
131,179
132,245
133,189
135,3
135,110
135,154
136,9
136,120
136,142
136,162
136,296
138,86
138,137
138,262
141,267
141,268
142,132
143,37
143,167
144,210
145,62
148,228
148,251
149,165
150,78
155,76
155,277
156,176
157,128
159,272
164,292
166,55
167,83
167,199
167,217
168,285
169,40
169,43
169,206
170,121
170,213
170,299
171,4
172,169
173,193
173,209
174,88
174,183
174,228
175,232
177,286
178,236
180,122
180,170
182,236
183,7
185,243
185,259
186,44
186,69
186,257
187,155
190,85
190,98
191,47
191,293
192,156
194,285
194,289
195,130
196,39
197,192
199,218
199,248
201,82
202,12
202,84
203,137
204,14
208,74
210,21
211,152
211,191
213,38
213,61
214,161
215,120
216,164
216,177
219,227
219,287
220,57
221,186
221,238
222,105
224,86
224,229
225,182
225,198
225,263
226,207
226,270
227,64
229,143
230,1
230,45
230,73
230,119
232,123
232,165
232,206
232,223
233,112
233,146
233,222
234,16
234,99
234,145
235,290
237,296
238,231
243,71
243,205
244,239
244,246
244,255
245,196
246,188
247,111
250,273
252,239
253,283
254,43
256,46
257,24
257,35
257,264
260,18
260,27
261,130
261,241
266,0
266,139
266,181
266,200
267,158
268,32
269,173
269,175
270,125
270,169
270,171
271,47
273,72
274,141
275,82
275,109
275,136
276,68
279,54
279,134
279,173
280,195
280,240
282,221
283,233
284,25
284,31
284,280
286,224
287,6
287,151
287,189
288,107
289,52
289,92
289,95
289,265
290,30
290,272
291,28
293,79
294,134
295,125
297,166
298,140
