source,target
0,248
1,50
2,157
3,245
4,32
6,287
7,128
8,49
8,53
8,81
11,83
11,235
13,255
15,143
15,184
15,295
17,63
21,165
22,235
25,286
26,200
26,254
29,196
30,36
30,104
33,229
34,218
34,238
34,242
34,294
35,81
37,94
37,177
37,298
38,56
38,68
39,87
40,230
40,297
41,267
44,87
46,60
49,7
49,57
50,16
50,258
51,284
52,178
54,140
56,36
56,290
58,296
59,91
59,113
59,145
59,265
60,260
61,149
63,74
64,38
64,77
65,241
67,201
70,90
71,192
72,152
72,240
74,47
76,251
80,122
80,133
82,23
82,61
83,132
84,30
84,226
86,138
86,231
88,99
88,169
90,120
90,129
90,230
92,108
96,227
97,80
97,257
98,40
99,115
100,185
101,147
101,228
102,142
102,224
105,188
106,205
107,118
108,263
108,268
111,95
112,143
114,131
116,11
118,193
119,62
120,103
120,181
120,211
121,101
122,180
125,124
125,153
125,179
125,295
127,102
128,46
128,48
128,78
130,123
130,262
132,69
132,264
134,91
135,110
135,126
136,42
136,196
136,198
136,289
140,3
141,105
141,285
142,18
146,103
146,199
146,243
146,266
146,280
148,234
149,156
149,204
149,217
149,229
152,135
152,280
153,37
153,85
153,256
153,271
154,45
155,0
157,150
157,252
157,281
160,223
160,228
161,126
162,221
163,92
164,266
165,70
165,186
166,55
168,160
169,43
169,65
169,174
171,220
173,279
173,296
175,223
175,269
177,39
177,93
177,173
178,199
179,162
179,172
180,88
180,139
180,247
183,174
183,299
184,259
185,73
187,146
188,34
188,100
189,6
189,131
190,109
192,9
192,136
192,142
193,148
193,277
193,282
194,32
195,130
195,244
196,274
196,291
197,190
198,159
201,14
201,74
201,82
202,218
203,272
205,137
205,270
206,19
206,97
207,197
207,227
210,144
210,275
210,287
214,12
215,89
215,171
219,117
220,125
221,31
222,233
223,20
225,15
230,293
232,104
233,283
236,215
237,41
237,167
241,121
243,71
245,67
245,166
245,189
246,206
247,208
248,25
249,8
250,75
252,72
253,168
255,52
257,5
258,54
260,27
260,138
260,236
261,1
261,119
262,45
263,28
263,182
264,194
264,261
264,288
265,116
265,262
267,141
268,197
268,251
268,276
270,109
272,176
273,12
273,155
275,278
276,59
279,134
279,170
283,26
283,64
283,272
283,282
284,24
284,179
284,209
286,10
286,20
286,117
286,191
286,216
287,151
288,158
289,95
289,147
289,213
289,225
290,21
290,239
290,250
292,164
294,281
295,66
296,79
297,212
