source,target
0,124
0,274
1,22
2,157
3,43
3,132
3,245
4,32
7,114
7,128
8,81
10,9
11,101
11,235
12,84
12,92
12,133
14,204
14,270
15,191
15,251
15,258
17,156
18,112
19,109
23,110
24,218
25,140
26,14
26,66
26,147
26,219
27,99
27,165
27,217
27,292
28,42
28,220
28,246
29,25
29,100
29,291
30,27
31,24
32,180
34,150
36,240
37,60
37,68
39,25
40,212
41,54
41,139
41,237
41,266
43,200
44,69
47,43
47,262
49,265
50,1
51,284
56,253
59,88
60,46
60,69
60,162
60,208
61,213
62,59
62,119
62,242
62,255
62,299
64,273
65,73
65,187
65,241
66,199
67,249
71,86
71,108
72,252
74,96
75,270
76,63
76,155
76,221
76,275
78,13
79,214
80,20
82,23
82,145
82,178
85,130
85,151
89,288
91,59
92,52
95,19
95,38
97,257
98,70
99,193
100,211
101,34
101,158
101,224
101,248
101,297
103,146
103,190
104,232
106,13
107,134
108,30
108,233
108,253
108,280
108,296
109,198
110,286
111,1
111,289
113,9
113,111
115,242
115,279
120,102
122,209
122,223
125,233
128,41
128,240
129,49
129,90
129,163
129,208
130,123
130,198
130,261
134,157
134,279
135,12
135,207
135,264
136,76
136,210
137,203
138,202
139,93
142,79
143,229
149,80
151,70
153,171
153,194
153,263
154,26
155,4
155,267
156,138
157,281
158,122
158,250
160,16
161,126
161,226
161,228
162,141
163,294
164,37
165,188
165,289
166,72
169,64
169,152
172,121
172,259
172,290
173,58
174,169
177,6
177,181
177,268
178,277
179,209
183,174
184,125
185,3
185,16
188,104
188,106
190,215
192,52
192,89
195,118
195,189
195,238
197,120
197,192
198,159
201,15
201,29
203,277
205,6
205,11
205,260
205,261
206,180
209,105
209,131
211,205
213,170
218,34
218,168
219,164
220,295
223,57
223,83
223,154
223,167
224,143
225,262
225,293
226,272
227,135
230,45
230,89
230,96
232,39
232,94
232,175
232,278
233,222
234,117
234,148
234,216
234,239
235,35
238,283
241,268
243,40
243,136
244,210
245,67
245,112
245,142
247,137
247,144
248,287
249,28
249,72
249,81
253,4
254,297
256,127
256,225
257,5
257,173
258,21
259,152
259,196
261,173
262,138
263,71
263,215
263,284
265,116
266,185
266,230
267,149
267,269
268,77
271,235
272,47
272,176
273,243
274,55
274,97
275,236
276,264
280,182
282,166
283,176
285,99
286,258
289,33
295,87
295,148
295,177
296,48
296,213
296,231
297,53
297,186
298,44
299,7
