source,target
0,65
0,106
1,161
1,230
1,273
4,160
7,58
8,183
11,40
11,50
12,214
13,20
13,78
13,119
15,44
15,236
16,90
17,63
18,178
19,25
19,216
21,258
22,148
23,11
24,36
26,146
26,147
27,32
31,128
31,204
31,280
32,268
35,81
35,257
36,182
39,80
40,282
41,254
42,292
45,198
47,111
49,57
49,114
49,129
49,144
52,224
53,8
55,131
56,38
56,119
59,168
59,193
60,103
60,174
61,82
62,53
63,139
64,162
66,101
66,220
67,15
69,30
69,215
70,124
72,202
72,249
73,71
73,164
74,47
75,60
76,9
76,173
77,288
79,271
79,293
80,28
80,149
81,218
82,145
85,148
86,43
87,3
87,112
90,70
90,113
91,134
91,250
92,43
92,68
93,256
94,150
95,23
99,4
100,188
101,219
102,76
102,83
102,196
104,195
104,232
104,294
106,108
108,291
112,263
112,288
112,298
117,185
120,34
120,102
120,106
121,84
121,219
122,158
124,287
125,270
127,226
128,7
128,107
128,150
129,163
129,208
131,114
133,155
133,239
135,123
136,48
136,243
137,138
137,152
137,217
137,254
142,73
142,171
143,120
143,223
145,211
146,199
146,235
148,234
149,244
149,267
151,57
151,140
151,181
151,192
152,70
152,110
153,37
153,289
154,241
157,91
157,281
158,175
159,259
161,26
161,33
164,22
164,135
165,18
165,126
165,188
165,191
165,296
166,72
167,269
168,297
170,299
173,246
174,212
175,58
176,272
177,137
177,139
178,41
178,209
179,108
179,242
180,170
184,19
184,109
185,86
185,266
189,278
190,6
190,21
194,228
195,55
195,118
195,130
196,29
196,187
197,296
198,98
198,142
198,256
199,66
200,230
201,177
203,277
205,135
205,189
205,260
206,46
206,49
206,97
207,45
208,35
208,88
209,162
209,285
210,85
211,132
211,192
212,40
213,166
215,127
215,194
215,295
216,96
216,206
220,69
220,259
221,265
224,75
225,171
227,273
231,116
231,141
231,286
233,191
235,222
235,262
236,42
236,54
237,227
238,5
241,89
241,121
242,2
243,247
244,255
245,197
246,105
246,284
247,194
248,101
249,67
250,13
250,172
250,240
250,279
250,290
251,41
252,239
253,56
254,265
257,24
257,54
257,115
258,156
258,205
261,1
262,12
263,153
264,0
264,50
264,68
267,155
268,143
269,213
270,14
270,167
275,261
275,272
275,292
276,59
277,96
278,275
280,24
283,253
284,184
285,20
285,99
285,183
285,229
286,10
286,159
287,169
289,74
289,186
293,225
293,274
295,4
295,87
295,267
296,238
297,28
299,51
299,193
