source,target
0,72
0,264
0,274
3,268
3,286
4,275
5,238
7,128
8,49
8,183
9,10
9,63
10,161
15,96
15,225
15,258
17,151
17,156
19,38
20,13
21,71
21,130
21,210
23,113
25,39
27,145
28,85
28,246
29,262
30,36
31,189
32,27
32,247
34,150
34,242
37,136
37,298
38,81
38,82
39,112
39,205
40,256
43,276
44,147
45,149
48,29
48,255
49,57
49,94
49,144
50,16
50,211
52,201
55,195
57,220
57,269
58,241
59,7
59,43
59,91
59,252
60,162
61,68
61,213
63,102
63,270
66,124
66,248
67,140
67,227
68,25
68,103
68,177
69,1
70,292
71,172
72,163
73,156
74,56
74,201
74,208
74,289
75,76
76,109
76,110
76,249
78,107
79,117
80,22
80,39
80,153
82,95
82,260
84,152
84,166
85,123
87,219
87,295
89,192
90,33
90,160
90,174
91,237
95,174
97,278
99,285
102,117
102,292
105,222
106,205
108,253
110,254
111,200
115,91
117,92
117,218
121,172
124,132
125,133
125,222
126,269
128,46
128,131
128,209
129,8
131,114
132,287
133,164
133,220
136,230
137,53
137,119
138,121
139,93
139,196
140,54
140,219
141,146
141,274
142,25
142,236
143,86
143,224
143,275
143,293
145,129
145,281
147,190
148,119
148,214
148,283
149,285
150,78
155,54
155,191
155,273
157,134
158,175
160,216
161,182
162,79
164,293
165,15
166,244
166,282
168,297
169,259
173,80
173,257
174,88
175,221
176,253
177,6
179,204
179,251
181,100
184,98
185,45
185,178
189,24
189,151
190,69
190,87
190,113
192,9
192,127
193,118
193,173
193,277
194,18
194,157
194,171
194,228
195,118
196,221
196,263
198,0
200,265
201,14
204,149
206,41
207,197
209,105
211,152
212,23
214,12
215,189
215,194
216,261
216,279
217,40
217,167
219,101
220,71
220,120
221,238
221,291
222,250
223,70
223,154
224,34
224,64
224,231
225,256
226,86
228,139
229,141
230,60
231,116
232,223
234,148
235,35
235,250
235,271
236,102
236,159
239,122
241,65
241,170
242,2
242,179
243,187
243,207
243,259
245,44
245,166
246,89
249,11
249,100
249,215
251,28
251,197
251,289
253,203
255,62
258,58
259,122
261,135
262,235
263,65
263,90
263,233
266,243
267,41
267,180
267,298
268,125
268,176
270,75
270,87
270,264
271,47
272,26
272,93
275,30
278,120
280,62
280,240
283,143
284,42
284,69
284,104
287,6
288,158
288,188
289,265
290,272
292,83
293,13
293,199
294,131
296,77
296,84
296,202
297,98
297,186
297,198
299,51
299,103
