source,target
0,42
0,266
0,293
1,22
1,261
2,242
3,0
3,87
3,162
4,155
5,183
6,287
7,34
7,115
8,180
10,118
12,214
13,106
19,125
20,223
21,244
23,81
23,259
24,36
24,195
24,235
25,211
26,289
27,16
27,32
27,92
27,260
28,246
28,291
33,28
33,229
38,81
38,290
39,87
39,175
39,196
40,212
41,14
41,71
41,179
42,205
42,254
46,94
47,43
48,255
49,144
52,83
52,95
53,8
56,96
58,190
59,134
60,46
60,155
60,169
60,208
61,149
61,247
63,274
65,116
65,167
67,11
69,278
69,284
71,66
71,127
71,215
72,240
73,65
74,191
76,251
77,288
77,298
78,150
78,281
80,154
82,38
82,147
82,201
84,46
84,226
86,138
86,185
87,37
88,60
88,99
90,63
90,276
93,212
95,68
95,177
96,15
96,262
100,181
104,250
104,266
105,158
106,162
106,188
107,78
108,50
109,239
110,82
111,1
112,113
115,279
116,9
116,76
116,97
116,275
117,18
117,79
117,110
118,139
119,56
119,129
120,14
124,70
125,102
125,184
126,83
127,221
128,107
130,287
131,209
133,12
133,44
133,101
135,123
136,48
136,98
137,203
138,206
139,93
139,253
140,135
141,29
141,75
145,113
145,176
146,108
146,187
146,243
148,89
148,234
151,17
151,219
152,84
153,25
154,6
154,45
154,137
155,135
155,265
157,91
159,105
161,9
161,182
162,209
163,294
164,73
164,108
164,133
165,15
165,270
165,285
166,31
166,213
166,218
168,59
170,241
171,80
172,143
173,269
176,103
177,102
178,196
178,236
179,172
180,88
180,122
181,222
183,7
186,289
187,202
189,31
190,11
190,75
191,216
191,268
191,296
192,124
192,151
193,204
193,277
194,157
194,297
195,34
197,132
197,190
197,263
198,112
201,225
203,230
205,103
205,125
205,258
207,227
208,35
211,124
213,174
213,210
213,299
215,171
217,231
218,199
219,100
219,274
220,179
222,86
222,164
223,57
223,77
224,19
225,165
225,295
227,147
230,70
231,2
231,224
232,39
233,283
235,30
237,167
238,282
239,114
239,119
239,252
241,98
241,228
244,210
245,74
247,194
248,221
249,122
250,121
255,13
256,262
257,35
257,54
257,144
257,173
258,245
260,18
263,233
263,292
264,152
266,26
266,200
267,136
268,160
269,267
271,235
272,142
272,159
273,47
273,295
275,3
275,261
277,33
279,133
281,145
281,280
282,40
284,51
284,55
284,72
284,156
285,168
286,268
291,47
291,64
291,234
292,40
292,85
292,109
294,134
295,156
296,197
296,272
297,53
298,264
299,62
299,273
