source,target
1,166
2,155
4,26
4,119
5,18
7,109
7,168
9,59
9,164
9,192
13,83
13,91
13,124
13,137
13,171
14,193
15,79
15,114
16,37
16,195
17,81
17,139
20,78
22,84
27,128
27,133
27,159
28,2
28,69
30,31
30,45
31,178
32,86
33,136
33,153
34,13
35,21
35,158
36,76
37,25
39,0
40,62
40,98
41,44
43,189
44,24
44,53
44,101
44,180
48,58
49,12
49,185
51,26
52,162
54,80
54,89
56,147
57,7
57,42
58,16
59,60
59,109
59,142
60,165
61,3
61,44
64,93
66,110
66,135
67,65
68,36
68,82
68,94
69,105
72,174
73,24
74,152
74,175
74,188
75,160
77,54
81,50
82,27
82,65
82,79
82,156
85,42
85,184
86,71
87,14
87,63
87,122
87,151
89,74
90,15
91,66
91,86
93,45
95,32
95,162
97,60
98,186
99,198
100,102
100,144
101,160
103,63
104,122
106,169
107,46
107,112
107,183
108,80
109,143
110,7
110,172
110,197
113,199
115,137
115,166
119,102
120,126
120,190
121,172
123,10
123,23
123,57
126,123
128,127
128,176
129,29
129,182
130,22
130,43
130,107
131,168
132,28
133,61
133,100
134,138
137,134
139,8
139,181
140,56
140,146
140,198
141,23
144,120
144,161
145,17
145,38
145,158
147,92
147,154
148,77
148,118
149,188
150,19
150,30
153,52
154,39
154,97
155,10
161,55
161,125
161,152
167,12
170,113
170,177
170,187
173,46
173,116
173,157
174,96
174,118
178,88
178,94
178,111
181,135
182,20
183,161
183,179
185,115
186,68
187,78
187,163
191,11
191,61
193,4
194,36
194,70
195,6
195,40
196,83
196,117
197,5
197,47
197,106
197,129
