source,target
0,75
0,120
1,11
1,56
1,102
1,187
4,53
5,45
6,35
7,110
7,111
8,15
9,173
12,16
13,105
13,140
14,109
16,81
16,82
16,197
17,121
19,79
20,115
21,35
24,165
25,104
25,194
26,113
27,5
27,131
27,196
28,69
29,55
32,46
32,73
32,136
33,20
33,75
34,23
34,150
35,195
37,152
37,175
39,122
39,170
40,153
40,161
43,17
47,32
48,29
51,180
52,143
54,113
59,106
59,109
61,55
61,84
62,15
63,6
63,62
64,78
66,9
66,198
67,64
67,65
68,148
69,116
72,54
72,59
72,70
72,171
76,96
76,159
78,34
78,186
83,13
83,74
83,196
84,44
84,156
84,178
85,49
86,198
87,123
87,145
88,32
88,58
88,192
89,18
90,60
90,89
92,63
94,77
97,50
97,95
98,5
98,166
99,77
101,191
103,22
103,179
104,43
104,125
104,142
104,199
105,10
105,79
105,88
105,118
105,135
110,72
116,30
116,174
120,12
120,41
120,130
121,155
123,1
125,107
127,128
128,183
129,134
130,8
130,163
131,2
131,31
131,50
131,172
132,37
132,114
133,10
133,70
134,137
134,144
135,53
138,66
138,119
139,126
139,193
141,1
141,99
143,87
143,162
143,193
144,27
144,60
144,100
145,25
146,93
146,117
149,101
150,19
151,8
152,83
152,108
152,124
152,158
152,189
154,130
155,57
155,132
157,51
157,125
157,183
159,129
160,61
164,48
164,179
168,42
168,52
168,167
169,176
169,186
170,51
171,36
173,22
174,80
174,124
176,165
177,148
177,184
178,168
181,98
181,190
182,30
184,154
185,181
188,149
189,38
189,147
191,33
192,3
192,85
192,91
196,71
197,40
197,112
197,182
198,93
