source,target
0,39
1,83
1,108
1,113
3,22
3,46
3,91
3,95
3,107
4,133
5,29
5,114
5,151
5,173
6,47
6,60
7,14
7,87
7,92
7,178
8,151
9,68
10,181
13,117
13,146
13,174
15,115
19,13
20,19
23,135
24,86
25,147
26,194
28,113
30,77
34,195
36,52
36,128
36,194
36,197
37,189
37,193
38,121
39,84
42,50
42,168
46,130
48,4
49,120
49,162
51,24
52,0
52,42
52,185
55,5
55,45
55,126
56,141
56,196
57,132
58,8
59,3
59,9
60,90
61,177
62,72
62,104
63,37
65,47
66,95
67,138
69,7
69,31
70,62
70,165
72,99
73,82
76,33
77,17
77,48
78,111
78,140
81,2
81,145
82,79
82,143
83,35
84,87
84,100
84,108
84,156
85,28
87,166
87,189
87,199
88,57
88,105
88,124
90,163
90,183
91,13
91,49
91,81
93,20
93,94
95,157
96,76
96,150
98,40
98,159
99,139
102,73
102,119
103,17
103,89
105,71
105,74
106,67
109,51
111,32
111,75
111,158
112,128
113,125
115,146
116,43
116,172
118,186
120,12
120,97
122,148
122,160
123,167
124,23
127,164
127,169
129,197
131,16
131,27
131,41
131,106
133,24
133,46
134,38
134,191
136,75
138,182
142,137
143,144
144,55
144,127
148,15
149,30
149,53
149,54
150,21
150,93
152,69
153,184
154,127
156,179
158,10
159,11
162,40
162,171
163,25
165,59
170,80
170,147
170,152
170,175
171,36
171,141
172,167
172,170
173,70
176,198
177,44
177,64
177,129
177,190
179,110
180,57
180,193
181,98
182,105
184,101
184,149
186,137
186,166
187,1
188,42
189,155
191,97
192,85
193,18
195,120
198,83
199,161
