source,target
0,168
2,44
2,180
5,29
5,183
6,56
6,152
7,24
8,79
9,146
9,194
10,44
10,75
12,193
13,17
14,120
15,128
15,197
16,110
17,77
19,79
19,140
20,64
22,85
23,97
24,131
24,160
26,165
27,104
28,69
29,6
29,33
29,125
29,195
31,8
31,90
31,119
31,132
31,182
32,17
32,40
32,61
34,152
35,107
36,66
37,113
37,163
38,69
38,108
38,117
38,134
39,38
39,80
40,98
41,124
43,63
47,82
47,176
48,9
48,55
48,58
48,174
49,12
54,74
56,189
57,175
59,114
59,137
60,62
61,102
62,63
62,83
64,67
64,198
65,174
66,52
66,115
66,190
67,166
68,184
70,51
70,72
70,191
72,148
73,86
74,118
78,34
78,45
82,48
85,192
86,2
86,3
91,143
92,49
92,179
95,73
95,76
97,81
97,170
99,141
102,87
102,90
102,93
102,100
102,157
103,154
105,172
106,35
108,13
111,41
111,88
111,153
112,142
114,132
116,80
120,76
120,154
121,147
122,149
125,62
128,112
130,173
133,10
135,46
135,52
135,53
135,89
136,32
138,144
139,16
141,157
141,171
142,68
143,131
144,161
145,8
145,178
147,130
147,180
148,101
148,135
150,91
152,25
152,126
153,47
156,161
158,21
159,20
160,16
160,95
162,84
162,92
163,159
164,121
165,109
166,186
167,42
168,7
168,155
169,36
169,127
170,65
170,149
170,181
172,30
172,71
172,109
173,37
173,46
175,167
175,198
177,129
177,188
182,18
182,164
184,22
184,162
185,133
186,15
187,167
188,11
188,21
188,123
188,185
189,151
189,172
189,199
191,50
191,96
194,27
194,40
194,151
195,118
196,1
196,30
197,107
197,144
198,94
199,4
