source,target
0,160
1,64
2,133
2,160
2,184
3,81
4,93
4,108
4,172
4,193
5,92
5,161
7,166
7,178
8,14
8,187
9,164
10,162
13,174
16,37
19,1
19,45
20,195
23,34
23,149
24,84
25,163
26,194
27,120
27,127
30,37
30,88
31,136
31,157
32,130
32,173
33,190
36,35
41,63
41,193
43,103
44,122
45,55
48,9
48,71
49,85
49,153
50,6
51,20
51,199
52,72
53,143
53,188
54,153
54,170
55,165
56,69
57,15
59,182
60,21
61,25
61,29
61,81
61,177
62,125
65,146
66,190
67,106
67,186
70,6
70,24
70,167
74,79
74,118
74,196
75,53
75,111
77,31
77,68
77,94
78,140
80,189
82,198
83,64
84,86
84,135
85,52
88,7
90,62
92,46
92,90
94,76
95,14
95,97
97,130
98,150
101,148
101,177
102,61
102,80
103,56
104,27
105,28
105,54
107,112
108,103
108,145
109,180
110,128
111,112
111,139
113,77
114,47
115,166
116,132
117,141
118,30
119,42
119,172
120,51
120,114
125,154
126,4
126,39
129,100
129,134
131,147
131,180
132,2
132,155
133,10
133,151
134,36
134,186
138,36
139,77
139,87
140,174
141,102
144,100
144,110
145,158
146,19
146,140
147,32
147,122
148,96
149,57
149,74
150,93
154,33
156,126
158,21
158,38
158,95
159,11
163,109
163,128
164,113
164,152
164,159
165,70
165,142
167,123
168,91
168,136
168,171
169,197
170,139
172,58
172,99
174,124
176,40
176,169
178,111
180,84
181,89
181,117
181,191
182,137
183,20
183,22
183,156
183,179
184,44
184,73
184,154
188,181
188,185
193,12
193,17
193,18
194,82
195,121
195,192
197,129
197,182
198,175
198,189
