source,target
1,102
1,140
2,86
2,111
2,170
2,174
3,88
5,9
5,125
6,89
7,44
8,58
8,67
8,142
9,55
9,95
10,149
10,181
14,172
15,183
16,11
16,12
16,117
16,120
17,81
18,137
19,57
19,198
21,23
23,64
23,74
24,92
24,133
25,27
28,1
29,193
30,72
30,79
30,94
31,51
32,191
33,61
33,109
34,118
35,21
35,83
35,195
37,4
37,158
39,167
40,10
40,27
40,82
40,112
40,158
41,53
42,75
44,107
45,175
46,49
49,177
50,199
51,16
52,32
52,135
53,91
54,70
55,48
55,144
56,69
56,119
58,42
59,66
62,15
62,104
62,153
63,43
63,50
65,124
66,72
66,150
68,20
68,96
69,13
71,34
73,76
73,95
75,97
78,186
80,180
81,50
82,68
82,79
82,174
85,52
85,57
85,190
88,25
88,147
89,103
90,47
90,102
90,127
90,130
90,138
90,173
90,182
91,143
91,184
91,192
97,103
97,170
98,80
100,159
100,164
102,61
104,142
105,41
106,35
107,40
108,31
108,87
108,178
111,78
114,68
117,77
118,30
118,74
118,99
119,113
121,56
121,86
123,46
123,155
124,196
126,155
127,60
128,90
129,157
131,114
131,115
132,28
134,156
136,0
136,39
137,36
137,59
139,26
141,71
141,152
143,185
144,29
144,154
144,184
145,4
145,26
146,6
146,65
148,115
149,93
151,38
151,171
153,168
154,101
156,165
157,37
157,161
158,120
159,98
160,143
162,10
163,100
163,169
164,189
165,62
167,123
170,54
170,122
172,38
172,63
172,110
172,175
173,5
176,99
177,3
179,22
179,43
179,92
180,152
186,166
186,179
187,110
187,116
188,87
191,2
192,194
193,14
193,84
197,106
