source,target
0,136
1,113
4,26
4,31
4,187
6,35
6,47
6,92
7,2
7,38
7,108
7,122
10,84
11,188
13,69
14,109
14,112
14,159
15,29
15,110
15,161
16,39
17,121
17,180
20,78
22,103
23,34
24,7
24,9
27,5
27,61
30,77
31,119
32,52
32,139
34,152
36,142
37,151
38,37
38,69
40,27
40,115
45,124
46,102
46,128
47,60
48,174
52,49
56,99
57,79
57,193
58,42
58,71
58,154
58,162
59,131
60,156
62,104
62,127
63,172
64,198
67,8
67,94
69,28
70,167
72,59
73,3
73,50
73,54
73,82
73,91
73,153
74,23
75,51
77,186
77,189
79,74
79,78
79,113
79,145
80,116
82,194
84,108
84,163
85,44
85,73
87,122
88,81
88,105
89,115
92,25
93,141
94,64
95,134
95,155
96,76
97,75
99,118
100,6
100,125
100,157
101,153
101,192
103,116
104,40
107,179
107,183
109,147
109,184
110,182
111,123
114,67
116,173
117,83
118,150
120,168
120,191
122,50
123,58
123,156
124,196
126,12
128,63
128,165
129,100
130,135
131,24
131,41
132,2
133,43
133,111
134,76
135,32
137,19
138,29
138,144
139,88
140,13
140,148
141,87
142,55
142,197
143,70
143,185
145,65
146,145
148,68
148,106
149,120
150,21
150,66
150,146
151,31
151,121
151,137
152,51
152,126
152,158
152,170
152,178
154,32
154,33
154,160
155,4
155,174
161,103
165,90
167,56
168,53
168,136
169,143
170,133
171,72
172,14
172,16
172,124
175,132
179,176
181,117
182,18
182,46
183,15
184,10
184,177
186,57
186,98
188,190
189,164
190,117
190,126
191,86
195,1
195,151
195,166
197,5
197,107
198,30
198,53
199,161
