source,target
1,132
1,196
3,91
3,135
3,143
3,153
4,140
5,55
6,35
6,40
8,103
8,164
9,24
9,59
9,62
10,54
10,111
10,120
10,139
10,170
10,181
11,191
12,160
12,164
13,69
13,171
15,112
15,134
15,148
16,130
20,157
22,184
23,34
24,7
24,193
25,16
25,61
25,90
25,152
28,132
28,176
29,123
29,125
30,72
31,43
32,23
32,192
35,21
36,66
37,163
37,172
37,173
37,193
40,151
40,191
41,111
43,103
44,33
45,5
46,22
49,75
49,114
50,81
50,138
52,17
52,36
53,2
53,49
53,121
54,57
54,136
55,16
56,37
61,172
61,188
62,47
63,6
64,78
64,99
68,94
68,119
70,44
70,51
70,56
70,66
70,81
71,19
71,93
72,95
73,86
74,152
75,10
75,42
76,182
78,186
79,1
79,48
79,105
80,45
80,180
81,86
81,97
84,162
85,73
89,23
92,70
93,102
95,46
98,141
101,68
102,100
102,133
103,108
104,63
106,110
109,189
110,104
114,67
114,112
115,142
116,108
119,113
119,197
121,198
122,38
123,58
126,8
127,183
128,29
129,77
129,128
133,50
134,65
135,12
136,92
139,39
139,88
141,18
141,117
142,144
144,129
144,146
147,194
150,71
150,118
151,38
151,130
153,82
154,14
154,27
154,147
156,107
156,114
156,179
158,41
160,53
161,116
163,20
163,60
163,84
163,128
165,177
166,96
168,87
168,155
169,143
170,149
171,168
174,150
175,83
175,121
177,3
177,190
178,0
178,155
178,170
180,145
182,138
182,159
183,131
183,165
184,185
185,162
186,115
186,141
187,26
187,79
187,137
187,167
189,4
189,198
192,101
194,96
194,169
195,44
196,124
196,190
197,127
199,18
