source,target
2,57
2,69
2,175
3,32
3,162
4,53
4,93
5,92
6,169
7,86
9,59
9,66
10,13
10,123
11,191
12,193
13,80
13,99
15,127
16,25
16,61
16,75
16,193
17,180
19,146
20,163
21,35
22,125
24,95
25,62
27,46
27,60
27,138
28,54
28,113
29,44
29,55
29,56
29,70
29,125
29,134
29,165
30,98
30,116
31,147
32,130
32,135
33,51
34,78
35,36
37,132
37,140
38,172
39,180
41,57
42,190
44,17
44,50
45,19
48,29
48,77
48,187
50,43
50,133
50,191
51,26
51,145
52,22
52,192
53,188
61,84
63,31
66,91
68,142
68,195
70,126
72,59
73,133
76,122
76,159
77,5
79,105
80,102
80,152
81,17
81,58
81,158
82,68
83,62
84,14
84,73
87,102
87,104
87,111
87,151
87,167
88,121
90,25
90,60
90,183
91,83
91,85
94,117
95,49
95,157
95,177
96,48
100,186
101,120
101,148
103,67
105,124
106,128
108,64
108,87
109,14
110,27
111,78
113,77
113,199
114,148
114,194
116,132
117,16
117,18
120,20
120,123
123,8
123,42
124,71
127,31
127,151
128,144
129,137
130,107
130,163
133,111
133,118
133,184
136,0
136,33
136,131
137,28
137,119
139,136
140,74
140,94
141,56
142,55
142,128
146,93
147,154
149,101
150,71
150,172
153,10
153,47
153,53
156,194
157,37
158,35
160,86
160,153
161,144
164,21
164,159
168,24
169,143
169,195
171,141
173,183
174,65
174,79
174,155
174,166
174,170
176,82
177,23
178,155
179,63
179,103
179,112
181,41
181,89
181,97
181,149
181,185
182,46
186,15
189,51
189,198
191,40
194,115
195,1
196,45
197,6
198,121
198,124
198,176
