source,target
0,162
2,13
2,58
3,177
4,137
7,172
8,119
9,94
10,193
11,66
12,39
12,160
13,146
13,198
14,32
14,38
15,134
16,46
16,182
17,53
19,191
21,23
23,69
24,73
24,149
25,147
27,154
29,5
29,6
29,48
29,128
30,2
30,174
33,9
33,181
34,195
37,108
37,125
38,33
41,81
41,113
42,41
42,136
45,98
46,173
47,11
47,35
48,59
48,71
50,24
50,185
51,20
51,108
51,180
53,43
53,132
54,28
54,89
55,20
56,63
57,54
57,149
57,188
60,44
62,63
63,61
63,122
65,146
67,144
67,166
69,10
70,193
74,56
74,175
76,96
76,106
77,48
78,34
78,187
81,97
81,148
82,101
82,156
84,60
85,115
85,194
87,141
87,170
88,189
89,18
89,197
93,1
96,148
97,16
98,30
98,80
98,150
99,1
102,119
104,40
105,124
105,140
107,35
107,127
110,164
114,67
114,92
115,40
115,45
120,49
120,184
121,122
123,139
123,145
124,118
125,22
125,130
125,183
126,4
126,70
126,152
127,15
131,183
132,155
133,93
133,111
134,84
134,110
135,105
135,130
135,162
138,176
140,174
142,72
143,54
143,79
143,91
144,129
145,126
147,36
147,131
148,101
148,114
148,177
151,87
151,109
151,133
151,171
152,17
152,161
154,12
155,168
157,70
157,100
158,178
163,5
163,37
163,159
165,90
165,107
168,42
168,52
168,75
169,29
170,39
170,51
172,164
172,167
172,199
173,86
173,95
173,103
173,153
174,94
175,151
176,142
178,7
179,22
182,68
182,110
184,123
186,137
188,31
188,190
189,57
189,116
190,19
190,117
191,112
191,120
194,26
194,72
195,76
195,192
196,78
198,64
198,83
198,88
199,8
