source,target
1,26
2,28
2,184
4,155
5,12
6,100
6,128
8,23
9,36
10,190
11,159
14,120
14,162
15,143
15,176
16,58
16,73
16,134
16,164
17,77
19,78
20,29
20,51
20,148
23,87
24,61
24,97
24,157
25,146
29,48
30,2
31,119
32,59
32,192
33,3
33,57
34,78
34,124
35,21
37,125
38,108
38,145
40,32
41,74
41,111
43,158
44,122
46,49
46,102
47,35
50,12
50,193
50,199
52,42
54,166
57,43
57,113
57,180
61,182
61,188
62,90
62,104
64,178
66,115
67,68
67,138
68,91
68,186
70,55
71,121
71,141
73,133
73,191
76,33
77,98
79,174
81,50
81,84
81,131
82,79
82,115
82,198
83,71
83,196
84,39
87,77
87,86
87,132
88,172
89,103
89,190
92,101
92,197
93,64
93,94
94,76
96,150
97,106
100,9
100,194
102,92
102,97
105,69
107,128
109,169
110,70
111,17
112,142
113,51
113,119
116,95
120,149
121,38
121,147
123,8
124,93
124,146
124,171
125,69
125,104
128,18
130,46
130,85
131,154
132,1
132,63
133,7
133,24
133,118
136,92
137,187
139,10
139,16
140,74
144,27
147,7
148,15
148,100
150,13
150,34
151,70
151,109
152,38
153,75
153,173
155,10
155,42
155,56
155,189
156,126
156,179
159,20
159,72
159,129
160,168
161,40
161,60
162,160
162,181
163,125
163,165
165,6
165,122
168,170
169,82
169,163
169,195
170,65
170,189
172,80
172,99
172,175
173,116
173,135
175,43
175,167
176,156
177,143
179,112
179,116
179,127
183,161
184,185
185,22
185,49
186,45
187,80
188,11
188,21
188,53
188,87
188,114
190,0
192,81
192,91
193,139
196,27
196,117
196,166
