source,target
0,132
2,184
3,33
3,81
3,160
3,177
5,45
6,40
6,156
7,131
8,142
9,29
14,83
16,37
16,126
16,159
17,43
18,199
21,158
23,149
24,153
25,90
30,31
32,42
32,92
33,55
33,114
33,154
34,23
36,195
37,113
37,150
37,157
38,4
41,42
43,151
45,174
48,55
50,44
50,161
50,192
52,72
54,10
56,39
56,116
56,147
57,180
58,120
59,26
60,21
63,34
63,62
65,145
66,9
66,70
66,83
66,140
66,148
67,140
68,82
72,118
73,91
74,152
75,2
75,86
76,35
76,194
77,78
77,129
80,4
81,52
82,61
82,115
83,121
83,175
87,53
87,168
90,104
90,125
91,185
92,5
92,50
92,179
93,1
93,94
94,19
94,68
95,122
96,19
96,78
97,46
98,80
98,141
100,84
100,155
100,164
101,36
102,24
102,133
104,110
105,40
105,182
106,67
106,138
107,3
107,35
107,127
108,189
110,22
110,60
110,167
112,111
113,56
113,103
113,119
115,166
116,17
117,18
123,117
123,172
123,173
124,65
125,31
128,27
128,46
128,163
129,51
130,106
131,5
132,87
135,84
136,102
137,115
139,136
139,181
142,191
143,12
143,54
143,79
144,125
145,146
146,75
148,15
148,49
149,14
151,171
152,6
152,38
153,47
154,130
156,85
162,95
163,20
163,25
163,183
164,8
164,69
165,26
165,123
168,52
169,134
170,88
170,139
170,189
171,124
171,162
174,28
176,183
177,64
177,89
178,38
178,109
181,111
184,58
184,73
185,188
186,45
186,71
187,74
188,57
188,158
188,190
190,196
191,101
191,134
191,153
192,81
193,126
193,143
195,6
195,11
195,16
195,29
196,13
196,93
197,128
198,77
198,99
199,63
