source,target
1,12
1,55
1,66
2,51
2,57
3,30
3,56
4,7
4,33
4,63
5,95
6,5
6,39
6,65
6,70
6,78
6,96
8,52
8,68
9,54
9,61
11,45
12,3
13,67
14,22
14,93
15,71
15,86
15,89
16,22
16,77
18,88
23,29
24,35
25,60
26,18
26,20
27,7
27,28
28,38
28,85
29,34
29,43
29,91
29,99
33,59
34,69
35,0
35,72
36,50
37,10
37,23
37,31
37,83
41,70
44,49
44,92
48,47
48,58
48,63
49,11
52,9
53,91
56,53
57,64
58,46
65,17
67,1
69,9
69,87
71,32
72,62
72,75
74,28
74,81
75,94
76,40
77,37
77,42
78,2
78,25
79,36
79,99
80,21
80,73
81,5
82,19
82,25
85,84
87,27
87,76
88,4
88,94
89,49
92,6
92,80
94,90
97,26
98,39
