source,target
1,14
2,18
3,56
4,58
4,88
5,3
5,73
5,93
6,4
6,96
9,95
10,3
10,16
10,89
13,72
14,12
15,1
15,83
16,37
17,61
21,29
21,94
22,31
23,75
25,76
26,17
26,35
27,69
28,85
30,7
30,11
30,15
33,78
34,42
36,50
36,91
38,5
38,21
39,81
39,93
41,70
43,19
46,64
47,42
47,48
48,4
49,44
49,46
49,84
50,43
51,41
54,19
54,26
54,87
55,97
60,25
60,49
60,59
61,0
61,68
61,82
65,73
66,20
67,55
68,27
69,9
70,1
71,8
71,10
71,92
72,62
72,86
75,29
76,40
76,71
77,80
77,92
77,99
78,2
78,32
79,36
80,20
80,63
82,45
89,15
89,53
89,86
93,57
95,24
95,38
95,85
96,52
96,67
96,78
96,90
97,31
98,39
98,74
98,97
