source,target
1,15
2,51
4,78
6,14
9,52
10,43
11,10
12,1
12,3
14,20
18,88
21,80
22,60
22,83
25,11
25,76
26,35
27,12
27,71
27,73
27,74
30,16
30,44
31,37
31,66
31,97
33,59
34,29
34,87
35,51
35,55
35,90
36,17
36,50
42,0
42,47
43,75
45,88
45,92
46,64
47,65
48,4
48,98
49,60
49,84
53,56
54,6
54,70
55,7
55,14
56,48
56,85
57,30
57,38
58,36
58,91
61,58
62,72
63,21
64,39
65,79
65,95
69,66
71,8
71,45
72,76
74,39
75,31
76,40
78,23
78,33
78,68
80,5
80,41
80,54
82,37
84,28
84,32
85,28
86,89
87,27
89,53
90,13
92,19
92,77
93,4
94,29
94,48
95,9
95,17
95,24
95,85
96,67
96,81
96,90
96,99
97,16
97,26
99,94
