source,target
0,49
1,0
2,45
3,5
3,12
5,44
7,61
8,52
8,71
10,22
10,71
11,25
13,30
13,56
14,70
15,1
15,29
15,83
15,86
16,15
16,30
16,53
17,36
17,65
17,79
17,91
18,88
19,34
19,92
20,40
21,39
23,78
23,85
25,60
27,59
29,75
29,99
30,3
32,48
32,84
34,87
35,72
35,80
36,69
37,31
37,82
38,93
39,41
39,74
41,14
42,77
43,16
43,97
46,62
48,4
48,96
48,98
51,21
54,6
57,2
58,46
58,61
58,72
59,33
64,57
65,26
66,69
67,42
67,50
67,55
68,8
69,20
70,1
71,27
73,19
74,24
75,23
76,40
77,37
77,94
80,27
80,63
81,9
81,52
82,45
82,78
85,95
88,94
89,10
89,60
90,47
92,6
92,32
93,36
95,9
95,28
95,38
96,81
96,90
