source,target
0,1
0,42
0,43
0,61
2,80
3,73
4,63
5,17
9,65
11,25
11,49
13,30
13,56
15,29
16,37
17,26
17,66
17,70
17,73
17,95
19,55
20,40
20,69
21,58
22,60
22,83
23,29
23,32
24,35
26,14
26,18
26,54
31,33
31,97
34,91
35,20
36,50
36,79
37,23
38,51
39,21
39,81
41,5
42,28
44,2
44,32
44,92
46,64
47,99
48,41
48,52
48,94
49,3
49,44
49,60
50,67
51,39
53,16
53,56
57,2
60,59
62,30
64,43
67,1
68,8
68,63
68,78
69,27
69,71
71,10
71,12
71,88
72,86
74,7
74,11
75,31
76,25
77,6
77,45
78,33
81,9
81,78
81,82
82,19
82,77
82,96
84,89
87,34
88,38
88,98
89,15
89,86
91,95
92,0
92,77
93,4
94,90
95,85
99,6
