source,target
5,41
5,44
6,37
6,47
7,44
9,65
10,43
11,45
12,3
13,56
13,67
13,85
13,90
14,1
14,12
14,63
14,70
15,71
15,89
16,30
17,61
19,55
20,26
23,85
24,22
24,95
25,82
26,18
26,54
27,28
27,59
29,75
29,94
30,11
30,13
30,62
30,64
33,4
34,8
34,87
37,10
37,23
37,36
39,21
40,20
41,14
41,38
41,39
45,2
45,77
47,42
48,47
49,46
50,79
51,24
52,15
57,64
58,33
58,66
58,91
59,60
60,22
60,89
61,91
62,35
63,68
65,6
66,35
68,27
68,78
69,58
71,32
73,5
73,49
73,55
73,93
74,39
74,84
75,1
77,96
79,99
80,54
81,32
82,71
83,42
86,72
87,9
87,26
87,76
89,53
89,86
92,0
94,0
96,52
97,31
98,73
98,88
98,97
99,19
