source,target
0,73
0,94
1,29
2,20
2,23
2,51
2,57
2,71
2,78
4,17
5,3
5,41
6,70
6,77
7,24
7,44
8,34
12,5
16,37
17,33
19,55
22,31
26,1
27,59
27,69
29,75
30,7
30,15
30,62
31,97
35,0
36,4
37,83
39,93
40,76
43,19
43,79
44,32
44,81
45,92
46,62
47,65
50,36
52,15
53,16
54,9
54,35
55,14
55,97
56,48
58,28
60,10
60,22
61,27
63,52
64,43
65,73
66,31
66,54
67,42
69,34
69,38
69,87
69,91
71,12
71,44
71,45
71,69
72,13
72,58
72,86
73,49
73,80
74,11
74,98
75,94
76,25
76,26
76,72
78,68
81,88
82,61
82,77
83,0
83,12
83,42
84,17
84,21
85,13
88,18
89,53
93,5
94,21
94,48
94,99
95,85
96,82
96,90
97,74
