source,target
0,49
0,83
2,18
2,51
2,57
4,20
4,58
5,39
9,45
10,3
11,27
12,63
13,56
13,67
13,85
14,9
14,41
14,73
15,16
15,71
15,86
17,95
19,55
19,92
21,2
23,32
24,35
25,60
26,68
26,87
28,85
28,95
29,99
30,3
30,43
31,33
31,66
32,78
34,22
34,90
35,90
36,37
38,7
38,57
38,88
42,47
46,25
48,52
51,35
51,74
54,6
55,97
57,64
57,93
58,21
58,28
60,59
61,82
62,72
63,36
63,98
65,79
67,27
68,8
69,4
69,63
69,66
70,65
72,75
73,19
74,30
74,84
75,43
76,25
76,26
76,40
77,16
77,79
77,99
79,50
80,5
80,23
81,44
81,82
81,96
83,15
86,76
87,54
87,69
89,10
89,53
91,33
92,1
92,78
94,29
96,6
96,52
97,31
99,47
