source,target
2,21
2,45
3,10
6,2
6,41
7,55
9,66
10,89
11,45
14,19
15,83
16,53
19,67
20,40
21,38
21,68
22,31
24,51
26,18
26,20
26,66
26,97
28,8
29,1
29,91
30,3
31,33
31,75
32,78
35,62
36,69
38,28
38,57
39,48
44,32
47,42
47,99
48,63
52,8
54,19
55,14
55,35
55,73
56,85
57,85
58,69
59,27
59,60
61,7
63,12
63,80
64,43
64,46
64,57
64,74
65,17
65,47
65,95
68,61
69,16
69,87
70,5
71,37
73,26
73,27
73,96
73,98
75,29
75,72
76,24
78,25
78,81
79,36
79,50
80,5
80,38
80,92
82,25
83,22
84,17
85,13
86,72
88,58
88,81
89,49
89,84
90,96
91,34
91,95
92,0
92,23
92,71
92,77
93,14
93,36
95,24
98,4
99,6
99,94
