source,target
0,124
2,168
5,125
6,1
6,11
7,35
8,141
10,88
11,180
12,10
13,18
13,85
13,91
15,165
19,126
19,127
19,130
19,139
21,135
23,179
24,121
25,75
26,183
27,173
28,20
28,72
28,89
29,174
30,70
30,116
32,33
37,97
37,147
37,195
40,95
41,84
44,54
44,102
45,121
45,187
48,51
48,105
49,74
50,30
51,67
51,84
52,4
52,46
58,114
61,31
61,195
63,72
65,12
66,25
66,143
67,145
68,49
68,99
69,148
69,149
70,109
71,57
71,155
72,138
73,117
73,146
73,197
74,6
74,144
78,58
81,164
82,13
85,93
86,39
86,101
87,15
88,7
88,34
89,118
89,123
89,191
92,48
92,94
93,31
93,133
95,76
97,98
98,185
100,81
102,142
104,68
105,62
105,188
106,95
106,171
107,154
108,120
109,157
109,163
110,137
110,162
111,5
111,194
112,100
114,106
117,53
119,115
119,138
119,148
120,38
120,79
120,101
120,113
122,14
122,111
122,181
124,57
124,186
125,16
125,20
125,56
125,136
126,35
126,87
126,102
126,108
128,41
128,90
129,90
131,104
132,38
134,22
135,170
139,175
140,22
140,105
141,9
141,37
142,96
143,87
145,32
145,150
146,151
148,3
150,19
151,127
151,177
152,62
153,131
154,28
154,77
154,112
155,196
156,21
156,182
158,194
159,16
161,55
161,149
162,50
163,78
164,64
164,83
166,63
166,174
167,147
168,71
169,60
169,176
171,42
171,44
171,61
171,179
172,45
173,161
178,112
180,103
181,80
182,92
184,43
184,129
184,183
188,4
188,160
189,40
189,103
190,181
191,47
191,199
192,98
194,36
196,45
196,59
196,156
196,176
198,169
198,193
199,17
199,73
