source,target
0,30
0,139
2,132
7,42
7,52
12,115
12,157
13,82
14,155
16,116
17,182
18,49
18,74
19,109
20,3
20,69
20,124
21,135
21,144
22,169
23,156
24,121
25,16
25,149
27,33
27,175
28,120
29,160
30,15
30,39
31,124
32,67
34,18
35,4
36,99
37,86
38,64
41,22
42,78
42,152
43,182
43,184
45,29
45,126
46,9
47,151
48,125
48,199
49,6
49,50
49,148
51,85
53,131
54,108
55,89
57,130
60,10
60,62
60,111
60,117
60,188
62,112
62,134
62,171
63,35
63,43
65,185
67,33
67,103
67,165
68,0
70,71
71,99
71,183
72,194
73,48
74,90
75,12
78,47
79,72
80,145
81,11
81,198
83,35
83,72
84,30
84,55
86,131
86,186
87,46
89,37
89,96
90,58
92,84
92,93
92,133
94,147
95,146
96,97
101,79
103,189
104,190
105,109
106,21
108,60
108,87
110,137
110,162
112,154
113,105
113,107
114,143
114,164
114,168
115,61
115,193
116,1
116,130
116,147
119,176
120,20
120,195
121,136
125,187
127,19
127,67
127,106
128,65
129,70
132,38
132,177
135,34
136,125
136,170
140,57
140,162
141,174
141,176
146,59
146,119
147,76
149,63
149,69
149,80
149,91
150,36
152,68
155,138
155,196
156,66
157,54
157,56
157,74
158,83
158,142
158,191
159,98
160,82
161,80
163,26
163,102
163,197
164,192
166,98
167,32
167,118
169,163
170,40
171,44
171,88
171,92
172,81
172,100
172,181
173,19
173,65
173,122
174,29
175,153
177,53
178,77
178,102
179,101
180,23
183,26
184,172
186,14
188,123
190,51
190,113
196,45
196,66
197,73
198,5
198,8
198,75
199,143
199,159
199,191
