source,target
0,2
0,144
0,172
1,116
6,63
9,14
10,160
11,17
12,16
12,41
12,195
17,29
18,152
19,198
22,66
23,183
25,126
27,43
27,90
28,72
28,89
28,154
31,48
31,101
32,67
35,69
35,138
35,193
37,114
37,124
38,132
40,144
42,171
43,103
43,166
43,185
44,106
44,134
47,143
47,146
48,20
48,134
49,90
50,34
50,49
50,152
51,197
56,27
58,199
59,125
60,119
60,125
60,159
61,109
62,194
63,150
65,131
65,139
66,161
67,7
67,33
67,51
67,180
69,52
69,151
70,15
70,71
70,135
71,35
72,160
72,187
74,32
76,147
79,28
79,66
80,57
82,93
85,13
85,133
86,39
86,77
86,181
87,108
87,126
88,61
88,123
89,117
90,128
90,167
91,34
93,68
94,161
95,40
95,68
96,102
97,159
97,182
99,70
100,81
101,65
101,142
103,24
104,150
105,111
105,148
108,72
109,105
109,163
109,198
110,137
110,162
112,79
112,100
114,75
115,158
116,56
117,53
118,44
118,133
120,62
121,41
122,11
123,173
123,192
124,4
124,119
125,14
126,64
130,156
131,113
131,178
132,158
135,107
136,3
136,121
138,149
139,129
140,45
140,50
141,7
141,78
145,36
145,177
146,73
146,165
146,187
148,31
153,55
155,196
156,23
156,127
157,12
160,29
162,113
163,26
164,20
166,142
167,147
168,30
168,176
169,57
169,60
170,135
171,10
172,97
172,102
172,183
173,54
174,37
175,6
175,153
177,77
178,112
179,88
181,8
181,186
182,6
182,47
182,92
185,98
186,115
186,140
186,176
186,184
187,196
188,83
189,84
189,106
190,129
191,179
191,199
193,46
193,115
194,48
195,21
195,169
197,103
198,5
198,188
