source,target
0,30
0,153
6,1
7,78
7,192
8,79
9,4
10,73
10,160
12,23
13,51
13,91
14,176
16,187
17,9
17,29
17,199
18,34
18,68
20,11
20,81
20,184
24,180
25,22
25,88
30,15
31,48
33,144
35,123
36,148
39,109
40,170
42,26
44,108
45,0
46,143
47,98
49,40
50,168
51,67
53,81
53,181
54,25
54,28
58,140
59,199
60,62
63,166
66,53
66,79
67,6
67,24
67,165
68,10
68,49
68,50
69,29
72,44
74,97
76,119
76,173
77,151
78,189
80,172
81,134
83,86
85,150
86,131
87,61
87,64
87,65
87,169
88,60
88,171
88,179
88,195
89,37
89,138
90,43
93,92
94,74
95,87
97,182
98,83
99,36
99,71
101,115
102,56
102,126
103,142
104,21
106,134
107,2
107,55
107,131
108,171
109,3
109,70
109,127
109,157
110,46
110,137
111,52
112,178
113,99
113,105
115,80
115,193
116,12
117,63
118,82
118,133
120,38
120,113
120,123
122,76
123,52
125,16
125,48
126,19
126,45
126,128
126,187
128,41
128,77
129,190
130,155
133,92
133,95
136,3
136,43
136,121
138,72
139,13
139,32
139,162
140,71
140,124
141,54
141,130
141,174
142,117
144,0
145,167
146,191
147,8
147,74
147,100
148,125
148,181
149,89
150,27
150,124
151,47
151,69
151,175
152,50
154,84
155,14
155,21
156,20
156,76
157,12
157,56
158,38
158,132
158,191
159,127
160,141
160,145
161,65
161,197
163,26
166,5
166,159
166,194
169,60
170,135
172,183
178,102
178,177
179,112
180,18
180,190
181,164
183,130
185,45
185,143
186,35
187,57
188,120
189,185
196,111
196,114
198,75
198,96
198,154
198,163
198,188
