source,target
0,64
0,131
1,98
2,17
3,54
3,75
3,157
6,90
6,139
6,194
8,147
8,173
10,132
11,6
13,30
13,180
14,4
14,114
18,144
18,171
19,66
22,138
26,42
28,54
28,115
29,11
29,45
31,82
31,160
32,189
35,69
37,71
37,126
40,21
40,56
41,22
41,121
47,51
48,166
48,174
51,13
52,79
52,128
53,8
53,56
55,107
58,87
59,76
59,187
63,150
63,196
68,42
70,168
71,62
72,138
74,61
74,97
74,136
75,73
76,5
77,52
78,141
79,38
79,66
79,146
80,20
83,74
84,27
85,93
86,72
87,15
87,46
87,88
89,117
89,119
92,150
93,31
94,175
96,124
96,142
97,182
99,67
99,94
99,135
99,193
102,19
102,39
102,44
102,187
103,24
103,99
104,34
104,87
104,120
104,131
105,111
105,113
106,89
108,72
108,119
108,125
109,116
109,177
111,35
112,154
113,2
113,107
115,108
115,158
119,130
120,113
122,37
123,44
124,186
125,109
132,123
133,84
133,118
137,110
139,32
140,25
140,57
140,105
141,7
145,167
146,3
146,199
147,43
147,100
147,176
148,49
148,103
149,58
149,91
150,36
151,47
152,18
153,128
155,14
155,57
156,155
159,16
159,127
160,145
161,145
161,181
161,184
162,50
162,110
162,139
163,27
163,78
163,198
164,9
164,12
164,83
168,152
170,135
171,61
172,102
174,14
174,159
175,33
176,59
176,81
176,126
177,164
178,101
178,134
178,191
179,101
179,112
180,23
180,104
180,129
182,148
183,23
183,26
184,172
185,98
185,188
186,65
186,95
186,161
188,143
188,195
190,80
191,29
192,86
193,60
193,140
194,20
194,81
195,95
195,169
196,178
197,73
197,165
198,75
