source,target
0,2
0,64
5,143
6,1
6,182
9,141
10,12
11,122
13,93
13,135
15,70
16,78
17,151
17,153
18,77
19,31
19,66
19,102
19,127
20,155
20,156
21,195
22,140
25,120
27,56
27,150
27,163
28,199
29,4
29,20
32,139
32,184
33,27
33,175
34,18
34,91
34,104
35,126
35,142
35,179
37,19
37,71
38,123
38,158
40,144
41,117
44,106
44,118
45,193
46,114
47,98
48,73
48,174
48,189
49,74
50,68
50,70
51,36
52,128
52,169
54,44
54,62
57,24
57,155
60,10
60,88
60,169
61,60
63,166
63,196
64,66
67,145
67,165
67,167
68,42
68,99
69,149
71,166
71,186
74,84
74,150
75,25
76,119
76,191
77,81
81,14
81,37
82,93
85,51
86,131
86,139
88,87
88,194
89,55
90,147
90,148
93,92
94,13
94,145
95,161
98,1
102,96
103,6
105,38
107,106
108,119
109,128
110,46
110,137
111,16
111,65
111,101
111,115
112,79
112,100
112,192
113,80
114,54
114,89
115,164
116,30
117,158
118,48
118,160
119,156
121,136
124,133
124,157
125,43
126,52
127,185
132,10
134,25
134,108
135,30
135,154
135,170
138,163
139,84
140,58
141,181
142,112
142,178
142,191
143,4
146,35
147,174
149,72
149,89
150,85
150,123
151,177
152,129
152,134
153,104
157,57
157,95
159,97
159,183
162,45
163,26
164,9
166,83
168,112
169,7
170,40
170,68
170,136
171,179
172,176
173,3
173,19
174,23
174,130
176,59
176,63
178,28
178,53
180,67
181,86
181,197
182,173
184,43
184,76
184,183
184,187
186,111
186,122
187,39
188,102
188,113
189,32
189,144
190,103
191,8
193,61
195,198
198,160
199,58
