source,target
1,98
4,124
4,160
7,169
8,146
8,163
9,97
9,147
10,60
10,138
11,29
11,180
12,10
12,25
12,41
12,49
12,157
17,96
19,37
19,102
20,69
20,80
23,17
23,174
25,5
26,15
27,74
27,90
27,93
27,150
27,175
29,120
30,84
30,102
35,123
38,16
38,107
39,30
42,78
42,152
43,31
43,148
43,182
44,118
45,9
45,121
45,185
47,187
48,20
48,194
50,49
51,182
52,4
52,161
53,8
55,34
57,167
58,140
58,199
61,88
63,6
64,186
65,52
66,115
67,24
67,127
67,190
68,104
68,135
68,152
70,129
71,143
72,126
73,158
74,144
76,109
77,18
79,112
80,119
81,28
81,172
81,186
82,118
83,46
83,71
85,13
85,51
86,68
86,107
86,128
87,15
87,197
88,198
89,149
89,191
90,170
94,92
96,19
96,89
98,83
100,112
100,164
101,115
101,117
103,33
103,67
105,72
106,21
106,101
106,134
106,138
107,2
109,27
109,88
109,125
110,46
110,137
111,108
111,194
113,131
114,168
114,185
118,133
119,56
119,130
122,58
123,192
124,159
126,44
126,81
126,95
129,184
131,0
131,86
132,38
135,106
138,55
139,65
140,162
141,177
144,189
145,160
146,165
146,166
147,92
147,130
147,176
148,36
148,105
149,22
149,91
151,175
153,151
155,114
159,48
159,73
161,57
161,169
161,173
162,50
164,53
164,154
164,193
166,43
166,142
170,40
171,44
172,71
172,122
176,59
176,63
178,79
179,127
180,18
181,103
181,141
181,183
182,156
184,32
184,100
185,116
185,117
188,187
188,195
189,14
189,95
189,136
190,113
191,3
191,188
192,23
193,99
194,54
194,62
195,87
195,120
196,161
197,181
198,75
