source,target
0,131
2,113
3,182
4,188
5,155
6,1
6,145
8,88
10,12
14,52
14,81
14,169
14,174
14,186
16,163
17,20
18,68
23,180
25,5
25,19
25,88
29,120
30,13
30,15
30,55
30,168
31,82
32,167
33,36
34,50
35,134
36,51
38,123
39,187
41,22
42,152
44,72
45,172
46,9
46,22
46,25
46,37
47,151
49,18
50,49
51,84
52,65
53,191
54,141
55,161
58,78
60,61
63,57
64,197
66,77
66,121
67,165
68,42
69,29
71,183
73,64
73,198
74,136
74,148
74,150
77,93
77,154
79,28
83,105
83,181
85,19
86,77
86,83
87,65
88,7
90,27
91,34
93,82
93,92
94,74
95,40
96,30
96,141
99,71
100,98
100,184
103,43
103,67
104,190
105,70
105,192
106,10
106,127
108,60
109,39
109,128
109,173
109,195
110,137
110,162
111,87
111,114
112,142
113,20
113,80
114,46
114,75
114,117
114,164
115,171
116,95
116,130
118,51
119,76
120,38
120,62
120,151
121,185
122,76
124,157
125,6
125,16
125,63
126,62
127,101
128,153
129,86
132,164
133,124
133,139
134,178
135,21
135,107
138,35
139,190
140,193
143,98
143,156
144,189
145,24
145,160
146,102
146,119
146,149
147,23
147,71
148,90
148,146
149,69
152,129
153,131
153,175
155,126
156,21
156,66
157,3
159,16
160,4
160,72
160,89
160,119
161,59
161,196
162,139
163,26
164,61
166,194
167,147
168,112
169,28
170,90
171,10
171,78
171,123
174,48
175,33
176,4
176,172
177,132
179,112
179,134
180,11
180,103
182,56
182,97
182,99
189,95
189,136
191,94
191,158
191,199
192,12
192,193
193,80
194,36
194,67
194,111
196,143
198,106
