source,target
2,50
2,162
4,174
5,125
5,166
7,52
9,58
9,97
9,174
11,32
17,172
19,17
20,3
20,80
20,90
22,60
23,179
23,180
23,187
24,121
24,161
25,156
26,42
27,33
27,144
28,54
28,154
28,169
30,39
30,116
31,19
31,82
33,67
33,167
35,29
35,134
35,197
38,53
38,66
40,106
42,68
42,79
44,7
44,55
44,118
46,178
46,195
47,155
48,73
49,78
50,70
50,168
51,136
51,146
54,44
56,40
57,63
58,28
58,128
59,31
60,38
60,116
61,12
63,196
65,49
66,41
66,72
66,115
67,11
68,0
68,95
68,135
69,149
71,199
72,63
72,96
73,10
74,56
76,126
77,86
77,131
77,178
78,26
79,34
79,171
80,45
80,71
80,113
80,190
81,52
81,77
84,55
85,82
86,83
87,61
87,89
87,104
87,195
90,6
91,34
92,84
92,93
93,133
95,35
95,186
95,189
96,51
98,185
99,193
100,121
102,187
103,182
105,69
106,21
106,101
106,114
107,2
108,87
110,46
110,137
111,61
112,154
114,4
116,1
116,109
119,184
122,37
122,181
123,79
123,173
124,3
124,159
125,14
126,81
129,86
130,196
131,65
131,153
134,88
134,105
135,170
139,21
140,57
141,9
141,11
143,59
143,117
144,18
146,138
146,165
146,191
148,145
149,120
150,90
151,43
151,175
151,176
154,132
154,198
156,127
156,143
156,155
157,109
158,83
159,16
160,198
161,94
163,138
165,15
168,112
168,152
171,62
172,0
172,100
174,43
176,64
176,184
177,141
180,13
180,107
181,8
181,24
181,36
181,147
181,148
186,164
188,186
189,103
191,76
191,142
191,199
192,98
193,140
194,20
194,166
198,75
199,73
199,98
199,183
