source,target
0,70
0,144
2,97
3,2
4,52
6,49
6,67
6,92
6,103
8,198
10,106
12,25
12,185
14,57
14,199
16,38
17,182
18,34
19,25
21,152
21,156
25,171
26,168
27,163
28,12
28,117
29,17
31,48
32,20
33,167
35,28
35,44
36,166
37,169
37,174
37,181
38,178
39,102
40,49
41,121
43,31
45,126
45,187
50,42
51,30
51,96
54,102
56,141
56,182
57,157
57,176
58,9
58,90
59,62
61,140
61,164
62,134
65,128
67,197
68,10
68,42
68,93
68,95
70,15
71,4
71,81
71,168
73,87
74,6
74,125
75,12
77,18
77,86
77,93
77,177
78,7
78,192
79,146
80,190
81,63
81,77
81,100
82,85
84,74
85,51
86,139
87,111
88,34
89,72
89,117
89,138
90,20
90,27
90,43
90,94
93,151
94,99
97,37
97,98
102,142
104,68
105,11
105,89
107,131
108,54
108,158
109,61
110,137
110,162
111,66
111,71
111,101
111,108
111,188
113,190
114,4
115,54
116,1
118,82
118,133
120,126
121,136
122,14
122,76
123,132
125,5
125,195
127,101
131,65
132,178
134,22
134,108
134,159
135,30
136,47
136,118
138,179
139,51
139,162
141,116
141,160
143,114
144,167
144,189
145,24
145,148
146,56
147,53
147,176
148,43
148,105
149,7
149,80
149,91
150,27
152,18
153,13
153,175
154,83
155,21
160,31
160,69
161,55
161,65
161,145
161,181
164,64
164,188
166,122
166,194
170,40
172,80
173,109
175,33
179,73
179,112
180,103
181,197
183,143
184,119
184,161
184,199
186,115
186,124
186,130
187,23
187,184
189,78
190,129
191,29
191,123
192,58
193,45
193,60
193,83
195,46
196,63
197,165
198,195
