source,target
1,156
2,166
2,168
3,121
4,14
6,136
7,28
7,99
7,104
8,10
8,38
9,183
11,83
11,128
12,9
13,5
17,132
18,53
18,145
18,190
18,196
19,43
19,83
19,134
20,65
21,2
21,23
21,140
21,182
22,114
23,42
23,150
23,175
24,193
25,57
25,162
26,126
27,115
27,165
28,47
29,59
30,146
31,17
32,17
32,77
32,146
33,157
36,46
36,64
36,135
38,18
39,12
39,85
40,137
41,188
44,111
44,112
44,143
44,197
46,24
47,21
47,139
47,186
49,89
53,84
53,163
55,130
55,151
55,152
59,52
60,111
61,16
61,185
63,121
64,44
65,107
66,26
67,195
68,97
70,160
71,54
72,50
72,113
72,141
72,197
73,66
76,169
77,62
77,112
79,117
81,181
82,126
83,4
86,80
87,0
87,11
88,13
88,125
88,131
90,63
90,67
91,1
92,103
92,184
94,170
97,91
98,172
102,155
106,90
106,105
107,63
108,66
108,153
109,29
109,31
109,40
109,89
112,86
116,95
116,132
117,101
118,142
118,176
119,141
120,135
121,100
122,15
123,43
123,74
124,171
125,41
126,34
127,181
128,102
128,110
128,133
128,192
129,122
129,138
130,93
131,45
131,154
132,37
132,198
133,174
136,158
138,70
142,51
142,58
142,164
142,179
146,149
147,35
147,120
150,46
151,13
151,144
153,36
153,75
154,92
155,119
156,56
156,79
157,167
157,180
159,86
160,26
162,129
163,92
163,178
164,106
164,148
169,25
170,122
171,27
172,7
172,48
173,116
178,61
180,114
180,123
183,56
183,127
183,191
184,161
185,69
185,118
187,49
189,69
189,158
189,177
191,165
194,59
194,96
195,72
197,191
199,71
199,78
199,147
