source,target
1,16
2,120
4,118
5,50
5,148
6,96
7,143
7,156
8,11
8,15
8,34
8,38
8,170
9,48
9,183
11,198
12,25
12,93
13,62
13,82
13,183
14,75
14,112
14,127
16,10
16,15
18,32
19,91
20,22
20,171
21,107
21,182
22,43
23,139
24,111
24,146
26,17
30,26
30,68
30,78
30,123
30,156
31,109
32,51
35,178
36,24
36,101
38,18
38,63
38,121
40,28
40,90
40,138
41,71
41,195
44,30
45,8
45,177
46,53
47,186
48,122
49,44
53,29
53,79
54,33
54,48
55,18
57,74
58,47
58,168
63,90
63,150
64,41
65,108
66,31
66,60
68,133
69,188
70,78
70,160
73,130
74,111
74,147
76,169
77,92
77,132
82,67
82,134
83,196
84,3
84,148
85,114
86,181
86,189
89,0
92,184
93,46
93,72
93,145
93,153
93,166
94,135
94,172
94,176
94,191
95,177
97,151
97,195
98,172
99,81
102,72
103,88
103,123
104,108
104,194
106,45
106,56
109,149
113,34
114,180
116,52
116,173
117,84
117,106
117,140
118,129
120,142
122,80
124,158
125,131
125,133
126,60
128,102
130,55
131,95
133,174
134,19
134,36
134,87
134,157
135,58
136,77
136,163
141,165
142,96
143,110
144,4
145,39
145,99
145,182
145,196
146,116
146,190
147,105
149,162
150,29
150,47
150,59
150,119
150,139
150,194
151,144
153,6
154,145
155,83
157,37
161,184
162,77
162,125
162,129
163,152
164,65
167,94
168,13
168,27
169,61
169,164
170,35
170,165
171,84
171,115
175,23
177,124
180,137
185,69
187,42
187,49
188,103
189,167
190,0
190,14
192,64
192,179
193,100
193,187
195,197
199,117
199,159
199,180
