source,target
0,22
2,115
2,139
2,142
6,28
7,147
9,61
10,195
11,78
12,55
12,93
15,76
18,166
20,171
21,12
21,182
22,53
22,112
23,42
23,142
25,162
26,25
26,177
28,126
29,63
30,26
30,68
30,156
31,50
31,69
31,74
32,17
32,110
32,183
33,71
34,66
35,159
36,145
38,34
40,52
40,109
41,109
43,64
43,119
44,137
46,99
46,101
47,20
47,181
48,195
50,127
51,144
52,116
52,153
54,74
56,106
58,53
59,21
60,11
61,57
61,87
61,157
62,77
64,27
64,179
64,199
65,121
65,186
67,165
68,79
69,189
70,43
71,188
72,119
74,193
76,191
77,9
77,136
79,71
79,123
80,174
83,132
83,199
84,55
86,198
87,80
88,70
89,4
89,60
90,67
91,8
92,3
92,32
93,152
93,155
93,194
94,129
94,144
98,56
99,100
100,193
102,75
102,80
103,85
103,156
105,151
107,63
108,39
108,117
108,145
109,149
111,24
113,35
115,59
116,173
117,75
118,49
118,124
118,190
119,121
120,72
121,140
125,37
125,45
125,114
125,134
126,78
126,86
127,14
127,82
127,154
128,104
128,192
129,86
129,158
129,169
131,198
133,40
133,125
134,73
135,29
137,34
137,134
138,41
140,96
141,29
143,124
143,166
145,13
145,112
145,130
145,184
146,54
147,81
148,5
148,27
150,6
150,47
150,141
159,88
159,102
160,83
160,122
161,108
161,168
162,19
162,133
162,165
164,106
165,95
167,97
167,105
169,113
169,164
170,4
170,8
170,81
172,94
173,150
175,23
176,16
177,1
178,15
178,163
179,178
180,48
180,160
183,82
183,111
185,138
189,16
190,0
191,31
192,141
193,187
194,47
196,18
197,33
199,167
