source,target
1,195
3,121
4,5
4,37
4,109
4,118
6,84
7,169
9,159
11,87
12,22
13,82
15,16
15,48
17,131
17,147
17,188
18,32
21,180
22,15
23,142
24,105
26,66
26,165
28,20
28,47
29,59
29,165
30,26
31,66
34,113
34,143
36,8
38,8
38,33
38,110
40,27
40,120
41,2
41,139
42,187
43,54
44,34
44,98
44,199
45,125
47,65
47,186
48,41
48,77
48,149
52,193
53,115
54,123
57,25
57,74
58,135
58,168
59,141
59,153
60,4
61,35
61,185
63,72
64,75
64,152
66,39
66,50
67,82
69,7
69,61
70,78
71,17
71,79
71,117
71,148
72,44
73,10
73,146
73,196
74,111
74,122
74,157
74,187
77,170
78,61
79,68
81,83
81,97
82,68
83,60
83,62
83,132
86,95
86,106
87,158
88,70
89,49
91,86
93,140
94,91
94,135
102,133
103,100
105,94
106,55
106,145
107,63
109,11
110,84
110,85
110,156
110,159
111,24
112,173
114,99
116,36
119,46
119,190
121,29
121,92
126,1
126,78
126,138
127,14
127,172
127,198
133,80
133,88
134,77
136,112
137,40
139,19
139,120
139,179
139,192
140,142
140,150
142,51
142,182
143,0
143,12
143,18
143,124
146,167
149,101
150,119
150,166
150,192
151,144
151,154
153,93
154,99
154,145
155,53
155,181
156,13
156,57
156,123
156,193
157,104
157,108
158,69
158,129
159,128
159,189
160,136
163,164
164,106
165,49
165,180
166,163
169,76
171,132
173,43
174,80
175,23
176,97
177,45
177,189
178,30
179,64
179,194
180,90
183,55
183,56
184,38
184,103
184,130
184,181
186,3
189,162
193,191
194,96
195,10
195,28
197,134
198,71
198,161
