source,target
0,85
1,86
2,128
2,142
4,73
5,13
5,21
7,62
7,169
8,94
8,122
9,159
12,120
15,167
15,174
17,131
18,53
18,153
23,175
27,115
27,118
27,132
27,194
28,6
28,20
28,168
28,195
33,133
33,167
34,5
34,143
35,169
35,184
36,24
38,100
38,110
40,171
40,195
41,45
41,71
41,94
43,190
44,137
44,192
44,197
45,10
45,25
45,117
46,43
46,90
47,119
48,61
48,161
49,165
51,3
53,22
54,74
54,103
55,99
55,125
55,145
56,30
56,43
57,37
60,193
61,11
61,183
63,58
63,59
63,141
63,173
64,179
65,140
65,186
66,14
69,31
71,91
71,105
71,188
72,47
73,158
73,196
77,41
77,134
77,138
77,189
78,44
79,116
79,166
80,174
82,68
83,13
83,199
84,2
84,3
84,29
84,148
86,129
87,70
88,56
89,9
90,120
90,180
91,83
91,193
93,67
95,198
97,30
97,185
100,58
101,36
102,39
102,72
104,37
106,170
107,21
108,157
110,55
110,98
110,128
111,24
113,9
113,34
114,85
114,106
114,115
115,23
116,155
119,121
122,16
123,33
124,136
126,28
127,82
127,172
127,181
128,104
128,121
129,40
129,56
130,38
130,81
131,49
131,50
131,108
131,184
132,130
133,1
133,74
133,156
135,18
135,140
136,19
136,75
136,160
139,23
139,144
139,163
140,93
143,112
145,135
145,154
146,152
149,48
149,176
150,96
150,179
151,127
152,53
152,101
154,14
155,93
157,109
157,123
157,183
158,126
160,118
160,187
162,125
164,65
167,76
169,147
171,27
172,149
174,70
177,26
177,60
178,35
182,10
183,32
183,69
184,92
187,42
191,151
192,150
192,178
193,52
198,82
199,4
