source,target
1,101
1,195
2,96
2,166
3,186
4,60
7,54
7,143
8,13
8,74
8,133
9,104
9,113
9,128
10,73
11,106
12,103
13,177
14,50
15,105
17,32
18,55
20,22
20,139
23,139
23,175
24,197
26,48
26,73
26,193
28,47
30,15
30,68
32,163
33,123
33,173
36,150
38,39
38,111
40,199
41,77
43,62
43,119
43,145
44,165
45,104
45,155
46,43
46,90
47,124
47,141
47,186
48,180
49,91
51,32
51,114
51,135
51,144
53,63
55,130
57,30
58,59
59,21
59,115
60,193
61,189
63,64
63,75
63,108
65,3
65,107
66,26
68,1
68,41
69,183
76,77
78,56
78,70
79,145
81,5
81,109
81,132
83,78
84,6
84,53
85,0
86,56
86,81
86,181
87,11
91,176
92,103
92,135
97,147
97,165
97,195
98,114
99,33
101,117
102,94
105,71
106,88
106,125
108,120
109,29
109,57
109,89
109,95
110,167
111,62
111,159
112,0
112,136
115,27
116,46
116,52
118,127
121,67
121,92
122,8
125,37
125,138
126,34
126,72
127,151
129,170
133,35
133,156
133,178
134,82
134,168
135,120
136,39
136,72
137,34
138,118
138,129
139,19
140,121
142,23
144,4
146,7
146,50
149,146
149,162
150,3
150,23
150,148
150,194
152,130
152,161
153,179
154,190
155,93
155,116
157,75
158,61
159,86
159,91
159,110
160,71
161,31
161,66
162,25
162,45
162,174
164,49
168,13
169,129
171,124
172,16
173,122
174,131
179,192
180,38
180,172
182,153
183,191
184,35
185,80
185,97
187,42
187,90
188,17
189,185
190,146
191,94
191,149
191,151
192,67
193,100
193,156
194,115
194,140
194,166
196,18
197,128
198,132
199,184
