source,target
4,1
4,5
5,50
7,13
7,123
7,147
8,15
10,111
12,22
14,172
15,80
16,122
17,131
18,128
19,83
21,142
21,166
22,43
23,21
23,175
24,128
24,148
25,73
25,183
26,160
28,6
29,65
29,135
30,133
31,109
34,113
34,126
34,137
35,9
37,4
37,57
40,58
41,2
41,77
41,123
45,162
46,90
47,186
48,9
48,149
48,180
49,176
50,154
53,79
53,96
53,152
55,106
58,100
58,121
58,139
58,179
59,2
60,66
60,81
61,185
62,170
63,39
63,107
64,120
64,152
65,108
66,45
67,117
67,195
70,78
70,88
71,17
72,69
72,74
74,10
75,102
76,33
78,191
82,26
82,68
84,3
84,6
84,171
85,177
86,88
86,91
86,104
86,173
87,158
88,14
89,0
91,193
92,163
92,184
93,135
94,70
95,92
97,30
100,11
100,130
101,36
102,153
103,54
103,85
103,105
103,184
106,56
108,44
108,140
109,157
110,55
110,84
110,131
114,51
114,99
114,159
116,12
116,173
119,100
120,40
122,168
122,185
125,18
125,114
125,138
126,86
126,180
127,161
127,190
128,102
128,112
129,50
129,174
131,145
132,77
133,174
133,178
134,103
136,190
139,20
139,84
141,63
141,72
141,118
142,115
143,0
143,110
143,151
144,139
146,32
146,78
147,48
150,178
153,52
155,83
156,57
156,90
157,37
157,38
158,124
159,34
159,195
160,95
161,41
161,108
162,19
162,125
164,142
165,27
165,42
165,141
166,194
167,76
167,146
167,158
168,169
169,111
169,196
170,27
170,80
172,98
176,10
176,97
177,60
177,198
179,192
181,28
182,3
183,55
184,101
187,49
188,69
189,68
192,67
193,187
194,47
194,104
197,191
199,167
