source,target
2,41
2,194
5,66
7,62
9,30
9,89
11,105
11,198
12,22
12,163
14,127
15,80
16,164
18,159
23,115
24,46
28,20
31,109
32,150
33,157
33,167
34,137
35,7
35,184
37,4
37,60
38,8
39,136
40,120
45,25
45,177
47,27
49,91
49,131
50,131
53,18
53,63
53,96
53,188
54,116
55,110
56,68
56,98
57,133
58,28
58,40
58,168
59,63
59,153
60,81
61,9
64,75
64,152
65,3
65,92
65,93
65,119
65,121
65,186
66,145
67,93
68,61
70,129
70,174
70,193
71,160
72,120
72,173
74,17
74,31
76,191
77,19
78,191
78,193
79,180
81,187
82,183
83,13
83,198
84,55
84,171
86,147
87,44
87,158
88,13
90,28
90,107
91,199
92,39
94,144
97,176
100,130
101,117
102,94
102,178
105,132
106,56
109,57
113,72
113,82
116,112
116,150
117,108
117,134
118,141
119,190
122,36
122,70
122,85
122,104
122,106
123,146
123,156
124,171
125,37
125,177
126,113
127,154
129,135
129,149
129,170
130,47
131,64
132,38
132,139
133,61
133,97
133,157
133,162
134,77
134,80
134,168
136,160
136,161
138,77
139,192
140,2
140,65
142,51
142,163
142,182
145,79
145,196
146,7
146,11
146,43
146,110
146,127
147,69
147,103
147,178
148,5
149,10
150,6
150,27
150,115
151,15
155,45
155,116
156,1
159,9
159,34
159,46
159,103
161,83
162,189
163,29
165,42
165,44
165,95
165,97
165,141
165,143
165,195
166,21
167,52
169,70
173,99
173,122
175,23
177,114
178,48
179,58
180,26
180,111
180,126
180,164
180,172
180,199
181,101
181,128
182,21
182,32
185,73
185,138
187,74
190,0
192,179
197,181
