source,target
0,22
2,96
4,37
5,66
9,15
10,8
10,182
11,198
12,39
12,103
18,124
18,135
19,134
21,12
24,46
24,148
25,169
26,151
27,132
27,150
27,171
29,84
33,75
33,197
34,126
35,157
35,170
38,43
38,130
38,145
39,108
40,171
41,54
42,187
44,101
45,10
45,104
46,190
47,150
48,26
48,122
49,89
50,128
54,71
55,36
55,99
57,156
58,28
58,168
59,86
60,5
60,83
60,94
61,185
62,123
64,145
64,199
68,82
68,144
69,61
69,158
70,78
71,159
71,188
72,44
73,158
73,196
74,31
77,9
77,19
77,112
77,136
79,68
79,166
81,109
81,147
82,67
82,193
83,15
83,62
83,155
84,27
84,117
86,80
86,91
87,134
88,126
90,121
92,116
92,163
92,190
93,119
95,92
96,63
96,194
97,30
97,151
98,94
98,114
100,65
100,152
103,17
105,11
106,140
106,184
107,63
109,33
109,57
109,89
109,90
110,7
111,60
111,74
112,14
113,34
113,169
116,183
122,16
122,70
122,85
122,128
122,173
122,185
125,138
129,8
129,174
129,180
131,88
131,154
132,41
133,114
135,37
135,64
135,129
136,160
139,93
139,120
140,32
140,40
141,6
141,23
141,29
142,153
143,22
146,1
146,28
149,9
150,3
150,53
150,115
152,116
153,2
153,51
153,52
153,59
153,198
156,56
158,167
159,88
159,177
160,18
160,44
160,187
161,72
162,25
162,189
163,79
163,119
164,172
165,141
166,2
166,12
166,143
168,64
169,13
170,74
170,125
171,20
171,76
172,149
173,131
175,23
176,97
177,95
177,99
178,192
180,7
180,137
180,165
181,102
181,142
181,195
186,65
190,118
190,127
192,90
192,179
193,191
197,58
