source,target
2,168
4,73
4,199
7,99
7,147
8,36
8,37
11,78
13,60
13,62
14,172
18,55
18,128
18,160
18,166
19,136
21,20
23,42
24,197
26,177
27,171
30,97
32,163
34,5
34,128
37,104
38,63
38,111
39,65
41,14
41,77
41,94
41,195
44,192
48,35
48,64
48,123
49,164
50,131
50,167
51,153
59,96
60,89
61,16
61,17
61,57
61,69
61,87
63,59
63,90
65,186
66,120
69,157
70,102
70,174
72,110
72,113
73,76
74,97
74,111
77,32
77,80
77,143
77,183
78,61
79,52
81,187
82,7
83,160
83,169
84,148
86,80
86,173
88,25
88,106
91,1
92,3
92,54
92,184
93,6
93,46
93,116
93,130
95,43
95,122
95,165
95,198
99,154
101,135
102,72
104,133
105,132
106,56
107,108
108,44
108,161
109,2
110,38
110,85
110,98
111,138
112,50
114,22
114,193
115,142
116,12
116,92
117,67
117,100
117,141
119,190
120,91
120,93
121,47
121,100
122,24
122,60
125,45
125,170
129,126
129,162
130,132
131,49
131,66
132,148
133,28
134,137
135,29
135,51
136,75
136,180
137,86
139,19
139,58
140,2
140,153
141,96
141,118
141,140
141,182
142,52
144,103
145,99
146,152
147,35
147,81
149,9
149,109
150,23
150,39
151,127
151,191
153,53
153,179
153,190
155,40
155,83
156,189
157,33
159,61
159,178
162,125
162,133
165,71
166,41
167,158
170,4
171,124
175,23
176,10
176,91
177,56
177,129
178,15
180,79
180,164
181,127
183,82
183,146
184,26
184,78
184,103
187,49
188,17
189,18
189,68
189,185
190,0
191,95
192,139
192,150
192,171
193,11
194,20
194,178
196,169
197,101
199,31
199,117
