source,target
0,87
1,81
2,6
3,65
3,186
4,50
7,62
7,99
7,133
8,37
11,1
11,78
11,131
12,9
13,7
14,172
15,161
18,130
18,135
18,139
19,118
21,107
24,146
24,193
25,45
25,88
26,17
27,84
27,171
29,65
30,122
30,151
31,138
32,166
33,71
33,75
33,167
37,104
38,63
38,197
40,52
41,54
41,123
41,188
47,2
49,187
50,31
51,182
53,29
53,115
55,181
56,156
56,177
57,109
59,86
59,141
59,142
60,26
60,147
68,30
68,41
68,61
69,189
70,0
72,113
73,158
73,196
74,123
77,92
79,53
80,157
83,155
86,91
86,137
89,66
89,83
91,199
92,116
92,121
94,98
94,144
94,176
96,63
97,90
97,185
100,145
100,152
103,105
104,128
106,170
106,181
106,198
109,40
111,44
111,67
112,173
113,22
113,71
114,43
114,115
117,108
117,140
118,60
118,124
119,23
119,46
119,53
119,100
120,93
121,38
122,5
122,36
122,80
125,41
125,45
125,138
127,137
128,102
128,112
131,95
131,177
132,26
133,28
134,19
135,119
136,6
136,39
136,48
136,160
136,180
137,34
140,106
144,68
145,153
145,190
146,183
147,69
148,84
149,101
149,162
149,191
150,93
150,112
150,179
152,64
153,21
153,59
153,182
154,127
155,116
156,8
157,73
158,82
158,136
159,9
159,35
159,87
159,103
159,110
161,66
162,77
162,129
162,165
162,174
162,189
163,29
163,194
165,42
166,18
166,58
167,52
167,117
168,169
170,94
171,20
171,76
171,97
172,16
172,149
172,164
175,23
177,85
178,96
178,169
179,47
179,192
180,28
180,111
180,126
183,56
183,143
184,134
187,193
189,159
195,10
195,139
197,33
199,76
199,159
