source,target
0,112
2,153
4,144
5,50
7,122
7,156
7,170
9,12
10,111
11,8
11,167
15,56
15,161
17,188
18,139
18,143
18,196
19,75
19,181
21,164
23,42
23,175
24,73
25,162
28,62
29,4
29,53
29,165
30,129
30,178
31,54
32,17
32,51
32,92
32,116
32,166
33,76
34,36
35,26
39,163
40,148
41,45
41,94
43,46
43,114
44,79
44,137
47,20
48,190
48,193
49,88
50,83
50,145
53,63
53,96
54,41
55,183
56,25
58,29
60,83
61,30
61,44
61,57
63,107
66,88
66,108
69,192
70,43
72,136
73,146
73,158
74,31
75,127
78,30
79,6
79,121
80,133
80,185
81,5
82,68
84,2
84,79
86,102
86,112
89,77
90,67
90,152
90,180
91,1
91,19
93,12
93,120
93,140
93,150
94,172
96,141
96,150
97,147
97,165
97,171
98,110
99,100
100,103
101,197
103,77
103,105
104,111
104,122
105,132
105,151
108,39
108,130
110,57
113,22
114,22
114,159
117,184
118,70
121,3
121,65
121,179
125,24
126,129
127,14
131,64
131,198
132,116
133,125
133,162
134,75
135,93
137,86
138,40
138,68
139,23
139,163
139,195
141,182
142,18
142,115
145,36
146,32
146,50
146,123
148,27
149,135
150,119
150,173
150,194
153,52
153,58
153,59
154,131
155,119
157,37
157,40
157,123
158,87
159,61
159,189
160,15
160,26
160,95
161,168
164,142
165,71
166,84
169,157
170,62
170,106
170,169
171,124
174,80
176,10
177,11
177,85
177,99
180,38
180,97
181,47
181,117
181,128
181,197
182,21
183,7
183,13
183,41
183,191
184,109
184,199
186,3
187,49
189,16
190,154
191,76
192,90
194,72
195,48
199,126
