source,target
0,22
1,81
1,101
1,156
2,120
3,121
5,148
7,157
9,89
9,147
10,195
11,198
12,21
12,163
13,83
15,77
16,1
18,151
18,196
19,43
20,47
21,5
21,93
21,141
23,42
23,150
23,175
25,88
27,104
28,123
28,181
29,59
30,45
30,123
31,193
34,126
35,61
37,57
37,60
39,12
41,26
41,62
41,111
41,138
42,187
43,41
43,54
44,75
44,90
44,192
45,31
45,162
46,24
46,101
47,59
48,180
49,164
50,112
50,145
51,135
51,144
53,46
56,30
56,98
57,61
58,40
58,47
58,139
60,66
60,174
60,177
63,39
63,154
64,18
65,6
65,53
67,58
68,82
69,188
69,189
72,195
73,4
73,25
73,134
75,14
75,36
76,169
78,184
79,52
79,84
79,154
80,102
80,147
81,99
82,67
83,161
86,181
89,70
90,40
90,108
90,121
90,187
94,91
94,105
94,144
95,116
96,142
97,9
99,32
100,11
102,117
102,128
102,133
103,137
103,159
104,146
106,88
106,117
106,168
109,149
110,128
111,33
112,0
112,127
113,34
114,85
115,23
118,129
118,190
120,96
121,38
122,80
122,85
122,160
125,133
130,132
130,152
130,173
132,17
134,87
135,37
135,149
136,124
136,158
139,179
140,106
142,153
143,131
145,55
145,93
147,48
147,74
148,27
148,41
148,107
148,171
150,2
150,72
150,143
150,178
151,44
153,182
153,190
155,102
158,73
159,49
159,71
164,126
164,191
166,178
167,15
167,97
169,13
169,78
170,138
171,115
172,7
176,76
177,122
180,157
182,51
183,13
184,19
184,81
184,95
185,118
186,3
189,8
189,185
190,92
190,119
190,152
191,165
191,197
193,167
193,191
194,72
198,28
199,161
