source,target
2,27
2,28
4,10
4,46
4,68
5,6
5,59
5,98
6,91
6,93
6,94
7,78
8,43
11,98
12,37
12,48
13,9
13,16
13,36
13,49
13,97
16,48
18,41
18,53
19,71
20,82
20,92
22,29
22,65
23,3
24,21
24,61
26,54
27,81
31,16
32,21
34,90
35,14
36,76
39,72
40,23
42,28
42,64
42,73
44,9
44,67
44,74
45,20
45,66
47,27
47,30
47,52
48,38
49,85
51,24
54,45
55,47
56,87
57,17
57,88
60,12
61,43
61,77
62,30
63,34
64,25
64,95
65,1
65,70
68,93
69,22
70,83
71,13
72,50
72,84
74,2
74,87
77,0
77,15
77,18
78,69
79,44
80,82
83,96
84,1
84,51
86,37
88,55
89,35
89,40
90,79
91,3
91,33
91,58
91,66
92,39
95,5
95,75
99,35
