source,target
0,17
0,88
1,61
2,73
2,96
3,29
5,59
5,98
7,39
8,35
9,44
9,54
9,85
10,88
11,3
11,65
12,63
12,74
12,93
13,22
14,74
14,86
14,97
17,66
18,86
20,96
22,4
22,9
24,20
25,8
27,2
27,89
28,39
29,16
30,62
31,41
32,21
32,42
32,48
34,29
34,43
35,34
35,55
36,76
37,49
39,70
39,92
41,45
41,89
42,77
43,19
44,99
45,28
45,40
46,57
46,68
47,92
48,7
50,33
51,38
56,5
58,6
58,15
58,94
59,30
60,49
60,52
60,53
61,0
62,64
64,66
64,82
65,50
68,31
69,54
71,19
71,46
72,50
74,67
74,73
75,58
79,90
80,14
80,90
82,80
83,26
83,78
84,27
84,51
85,75
86,60
87,63
89,81
91,23
93,13
93,83
93,91
95,1
95,76
