source,target
1,81
2,88
3,6
5,8
6,18
8,7
8,85
9,13
10,26
10,68
12,15
16,12
16,23
16,82
17,36
17,63
19,60
19,86
22,13
23,96
24,21
27,96
28,42
29,3
31,41
31,68
31,79
32,42
32,48
33,91
35,0
35,99
36,74
37,79
38,16
39,92
40,20
40,58
40,66
40,81
43,63
44,22
44,67
47,55
47,60
48,38
48,62
50,53
51,73
52,31
53,71
54,30
54,75
55,17
56,67
56,71
56,80
56,87
57,90
58,4
58,56
59,11
59,41
61,34
61,50
64,95
65,21
65,47
66,35
67,10
69,54
71,46
71,98
72,89
74,14
74,35
74,77
75,19
78,69
81,45
83,10
83,57
83,70
83,93
84,23
84,64
85,12
85,49
87,51
88,25
88,61
89,40
91,6
91,43
92,72
94,76
94,84
95,65
97,22
