source,target
0,35
1,92
2,84
4,46
4,77
5,56
6,58
7,93
9,8
9,54
9,68
9,87
11,61
13,42
14,33
16,11
17,33
17,34
17,77
19,9
19,47
19,60
19,70
20,81
20,96
21,48
26,90
27,65
28,18
28,55
30,25
30,28
30,95
31,16
31,36
31,41
31,85
32,21
32,29
33,69
34,12
34,35
37,75
40,62
41,15
41,24
41,93
42,73
43,79
44,59
45,83
47,52
47,84
47,92
53,91
55,17
56,87
57,46
58,13
58,22
59,31
59,82
59,98
61,34
63,37
64,1
66,4
66,40
67,23
67,90
68,3
68,88
69,78
70,97
71,10
72,50
73,40
74,36
75,54
76,38
76,95
77,26
77,50
79,53
80,39
81,45
83,66
85,49
86,18
87,39
87,65
88,10
91,99
94,51
94,89
95,21
96,51
99,44
99,88
