source,target
3,5
3,16
3,58
4,89
5,86
6,18
6,46
7,8
7,93
8,63
9,22
9,30
12,33
17,10
18,41
19,75
20,60
22,43
22,51
22,54
22,81
24,21
25,53
26,6
26,71
27,96
28,92
30,31
31,79
32,36
32,57
34,29
34,35
35,55
35,66
35,99
36,14
37,8
37,70
39,74
41,14
41,24
42,2
44,67
45,62
47,65
48,38
51,49
51,87
52,30
53,40
53,50
54,26
54,45
54,75
59,9
59,82
61,46
64,83
64,84
65,69
67,77
69,45
70,23
73,11
73,42
74,34
74,77
76,68
78,50
80,61
82,13
82,20
82,38
82,56
82,58
82,64
82,98
85,12
89,15
89,27
89,40
89,72
90,4
91,10
91,33
91,68
91,90
92,24
93,3
94,1
94,84
95,2
95,64
96,82
97,63
99,0
99,88
99,91
