source,target
0,24
0,56
2,28
3,4
6,68
7,0
7,80
8,63
9,75
11,42
12,10
12,16
14,13
15,87
16,38
20,62
22,19
22,20
22,30
22,85
23,40
23,91
27,65
30,54
30,64
31,44
32,29
32,74
34,29
34,57
34,94
35,66
36,74
37,77
39,80
40,3
41,11
41,18
42,13
42,61
43,8
43,58
44,88
47,95
48,38
49,6
49,33
49,82
52,55
53,71
54,69
56,5
56,46
56,71
57,56
59,5
60,49
61,34
61,96
63,17
63,70
64,25
65,36
66,7
69,81
70,37
72,45
72,89
73,40
77,12
77,23
77,26
77,67
78,69
80,79
81,1
82,58
83,45
84,32
85,9
85,12
86,31
87,39
88,2
88,55
88,57
89,51
91,41
91,50
91,83
91,90
92,20
92,95
93,3
95,76
96,21
97,18
98,67
99,79
