source,target
0,77
0,90
1,24
1,84
4,39
4,93
5,56
5,86
6,36
6,46
8,22
8,35
10,57
11,48
11,73
12,10
12,53
12,91
12,93
13,16
13,22
14,97
19,59
19,85
21,70
22,29
22,80
26,83
27,47
28,39
28,92
30,25
30,54
31,16
34,17
35,7
35,34
36,76
38,82
39,54
40,3
40,24
41,18
41,40
42,28
43,58
44,9
44,31
45,95
46,71
48,38
49,37
50,74
50,78
50,90
51,49
51,94
52,30
53,60
58,51
58,75
59,98
61,96
63,37
63,99
64,25
65,62
66,17
68,3
70,19
71,19
71,44
71,49
71,53
71,79
72,50
72,69
74,2
74,35
74,87
77,15
81,20
82,0
83,61
84,27
84,32
85,33
86,14
86,23
88,55
88,57
89,66
93,65
95,1
96,6
96,20
96,27
97,13
98,67
