source,target
1,56
1,62
1,70
3,93
5,16
6,46
8,35
8,85
9,85
14,34
14,80
14,98
15,71
16,38
17,33
18,27
18,40
18,97
20,60
20,65
20,84
21,96
22,19
22,31
22,51
22,57
23,35
23,91
28,32
29,22
30,5
30,25
31,26
32,21
37,75
38,48
38,88
40,24
40,81
41,50
41,59
42,77
43,31
43,79
45,47
46,4
46,57
47,19
47,92
49,12
49,13
50,83
51,73
51,89
51,96
52,60
58,33
58,41
58,94
58,98
59,11
61,77
64,62
65,11
65,61
66,69
68,50
69,72
69,86
70,7
70,23
70,55
70,63
71,14
71,53
72,54
72,84
73,36
75,9
76,24
77,0
77,10
78,7
80,39
81,20
82,67
82,73
84,87
85,49
87,74
88,2
88,97
89,15
90,55
91,58
93,6
93,44
95,30
99,63
