source,target
0,9
2,66
3,11
3,88
4,58
6,36
6,46
6,58
6,83
7,78
8,85
9,19
9,87
9,98
10,71
11,16
12,4
13,49
14,13
14,97
15,72
18,17
18,53
19,30
19,59
19,75
20,24
20,28
20,40
20,48
20,84
21,0
21,96
22,23
26,15
26,17
27,89
28,95
29,97
31,43
31,52
32,20
34,18
34,94
37,6
37,86
39,28
39,56
39,70
40,45
41,14
41,33
42,2
43,19
43,50
43,61
44,22
46,93
47,65
48,38
48,99
50,8
50,41
51,96
53,25
53,76
54,92
55,35
55,52
55,90
62,80
64,3
65,1
67,82
68,10
68,31
68,57
70,37
72,47
73,74
74,39
74,63
74,66
77,26
78,30
79,5
79,75
80,60
81,51
81,80
82,98
86,69
88,35
89,40
91,53
92,32
93,22
93,77
96,1
