source,target
6,4
8,43
9,54
10,4
11,42
11,66
12,74
13,24
15,10
15,71
16,48
18,60
20,23
20,96
23,91
24,1
24,41
24,51
25,88
26,6
28,84
30,59
31,44
31,67
31,86
32,57
33,49
34,74
34,87
35,0
35,8
35,39
36,15
41,2
41,14
41,17
41,18
41,59
45,20
45,27
45,40
45,62
46,13
48,31
49,68
50,70
50,90
51,38
51,94
53,12
55,17
55,52
56,44
56,46
56,58
57,22
57,34
59,5
60,77
63,7
63,97
64,42
66,7
68,76
68,91
68,93
69,27
69,54
70,21
70,37
70,63
70,65
72,39
72,47
74,29
75,45
75,95
76,32
77,50
77,61
78,69
79,19
79,75
80,53
81,2
82,0
82,73
83,35
84,11
84,92
85,33
88,55
88,99
89,72
91,3
91,6
97,35
97,85
98,5
