source,target
0,51
2,20
3,93
5,3
5,59
7,35
11,7
12,36
12,88
14,13
15,87
18,23
18,60
25,8
27,18
27,65
27,81
30,8
30,52
31,9
31,19
32,2
32,27
33,50
33,85
34,10
34,56
34,61
35,23
35,29
35,55
35,80
35,99
41,89
42,24
42,77
44,2
45,72
46,6
46,15
47,31
48,11
48,38
49,68
50,63
53,76
54,22
55,39
56,57
58,82
58,84
59,19
59,71
59,98
60,22
61,83
62,65
64,30
64,66
66,17
66,45
68,3
69,21
69,33
70,1
70,97
71,56
72,4
73,40
73,74
74,29
75,37
75,94
76,38
77,67
77,91
78,69
79,16
83,36
83,45
83,78
84,47
85,48
86,14
86,60
87,53
90,26
90,79
91,41
92,16
92,32
94,34
94,51
95,28
95,75
96,62
97,14
97,43
99,91
