source,target
0,12
0,28
2,116
2,175
3,68
4,90
5,115
6,9
6,184
7,165
8,15
8,182
10,14
10,53
11,76
11,133
12,3
12,65
13,46
13,79
16,71
17,154
18,23
18,47
18,167
18,168
20,59
21,54
24,11
25,54
25,108
25,120
29,79
30,57
30,125
34,162
35,174
36,74
36,84
37,177
39,25
39,104
39,144
43,10
43,50
45,92
46,151
47,66
48,157
48,192
49,101
50,118
50,161
50,188
55,42
60,6
61,15
62,98
62,155
63,170
63,183
66,81
66,84
66,187
66,199
67,163
68,189
70,81
70,97
70,128
71,26
72,44
72,87
73,17
73,52
75,119
75,139
75,179
77,19
77,93
77,149
78,20
78,27
78,121
78,164
80,36
80,191
82,0
82,32
82,136
83,95
83,97
84,107
85,39
86,46
86,124
86,132
87,55
87,180
87,197
88,86
96,10
98,115
98,145
100,104
103,194
105,32
105,111
106,94
109,110
109,136
112,83
113,2
113,99
113,127
114,41
114,153
117,4
117,193
118,117
118,196
120,148
122,112
122,198
123,1
123,34
123,37
125,63
126,25
126,43
126,166
127,9
127,94
127,135
128,109
128,171
129,100
131,144
132,78
133,21
135,96
136,56
136,58
136,92
136,190
138,178
139,138
140,190
141,38
141,171
142,107
143,22
143,57
143,69
143,150
144,31
145,188
146,72
147,102
147,186
149,181
150,40
150,130
152,53
152,137
154,49
156,89
158,167
159,18
160,134
162,71
162,143
163,29
164,159
165,2
165,35
166,33
169,19
169,154
170,169
170,173
172,117
176,60
178,153
179,126
181,156
182,121
185,130
188,102
189,30
192,73
194,48
194,51
194,91
195,99
196,64
196,82
197,105
199,134
