source,target
2,9
3,105
5,27
5,113
6,76
7,2
7,12
7,36
7,127
8,170
11,24
12,48
13,10
13,73
14,171
16,67
17,29
17,157
18,178
21,54
21,174
27,1
28,58
28,136
29,28
31,14
31,69
32,70
33,155
33,171
34,15
34,91
34,94
34,162
35,9
37,20
37,51
38,194
40,133
40,172
42,179
46,26
47,12
50,148
52,19
52,85
52,175
53,111
56,80
56,187
59,90
61,4
61,91
64,46
64,70
64,141
65,95
66,46
66,117
67,59
67,182
68,60
68,151
69,30
71,193
71,196
75,126
77,93
78,167
79,112
81,23
81,107
83,16
83,82
83,89
83,92
83,95
87,44
87,98
88,49
90,52
93,127
98,22
98,35
98,55
98,62
98,74
99,154
100,63
102,121
102,188
103,18
104,76
104,88
104,135
105,83
106,158
107,176
108,140
111,92
112,122
114,41
114,71
115,5
120,142
122,198
123,72
123,137
124,97
124,168
125,101
125,168
126,25
126,31
128,82
129,11
129,108
130,138
131,7
132,33
132,78
132,183
134,49
134,103
134,176
135,96
136,37
136,110
136,164
139,54
140,180
140,195
141,118
142,146
143,89
144,33
145,63
145,161
149,181
150,23
151,0
151,3
151,86
151,97
152,137
152,184
155,116
156,37
158,100
159,26
160,145
161,68
161,153
161,199
162,24
163,129
163,138
164,191
165,102
166,119
166,120
166,189
167,39
167,147
170,27
170,144
171,109
172,153
173,125
174,8
174,57
175,78
178,163
178,169
179,75
180,21
181,123
181,173
182,112
183,17
185,104
186,147
187,199
188,35
188,99
188,132
190,160
191,10
191,45
191,64
191,84
191,166
192,193
194,80
195,177
196,43
197,81
197,148
199,196
