source,target
4,11
4,40
4,152
5,191
6,185
7,165
8,164
9,2
9,108
10,83
10,140
12,0
12,84
13,65
15,27
15,63
16,1
16,146
17,171
17,183
21,33
22,121
24,162
28,56
29,174
30,24
30,123
31,168
37,16
38,113
39,120
39,169
41,180
42,149
43,137
44,13
45,68
46,66
46,86
47,70
47,166
48,97
49,88
49,121
49,143
51,91
51,137
51,156
51,194
52,15
54,21
55,112
58,36
59,29
59,67
59,100
60,31
61,118
62,142
62,161
63,8
64,110
64,192
66,81
66,141
66,173
68,87
70,38
70,159
71,196
72,44
74,75
75,17
76,15
77,170
78,115
78,158
80,26
80,64
82,90
83,107
83,199
85,52
87,9
87,82
89,61
89,111
92,10
93,164
94,27
95,133
95,156
97,58
99,57
99,195
100,131
101,44
102,39
102,135
103,19
103,78
103,134
104,35
104,60
104,69
105,3
105,16
105,128
105,190
108,104
109,105
109,176
111,43
112,127
113,151
114,96
114,135
115,18
115,23
115,85
116,32
116,179
117,184
117,186
119,73
119,81
120,98
120,136
124,186
125,106
125,177
126,54
127,25
127,110
127,197
129,182
130,6
130,150
136,188
139,129
140,72
141,47
141,79
141,187
142,82
142,132
143,172
144,138
144,169
147,19
147,163
147,175
148,56
148,72
149,74
150,20
150,23
150,37
150,53
150,143
151,45
151,83
151,97
151,189
152,53
152,184
153,93
155,12
160,107
161,191
162,71
165,30
166,179
167,51
167,154
168,41
168,76
168,170
171,14
171,33
174,46
177,34
177,59
180,145
181,106
182,125
184,122
186,0
187,50
188,166
191,178
192,62
192,157
192,193
194,80
195,17
195,140
196,117
198,148
