source,target
1,27
1,125
1,182
2,24
3,58
4,40
4,171
5,1
7,139
12,155
13,71
15,34
15,41
15,69
15,137
17,122
18,90
19,174
21,116
22,37
22,121
23,93
24,41
24,196
28,159
28,171
29,46
29,163
30,123
30,150
31,14
31,22
32,90
32,188
33,21
33,72
34,63
35,130
38,197
39,63
46,45
46,105
47,38
47,141
48,33
48,109
50,64
52,169
53,45
54,11
54,158
57,98
57,143
59,29
59,49
59,51
61,106
64,44
64,47
64,192
66,151
67,115
68,60
68,65
69,18
69,160
72,81
73,132
75,146
76,133
77,54
79,194
81,190
82,128
82,134
82,193
82,199
83,3
83,10
83,136
84,43
85,8
85,20
85,162
86,188
87,36
87,62
87,192
88,9
91,95
91,167
91,186
92,126
93,91
94,25
94,27
97,3
100,60
100,67
102,78
102,147
102,185
103,96
103,102
105,28
105,166
106,16
106,103
106,181
107,191
109,110
111,166
112,195
113,12
113,84
113,127
113,176
114,71
114,97
115,108
116,74
116,98
117,26
119,55
120,179
121,104
123,23
124,86
125,59
125,139
125,147
125,149
129,6
131,7
133,152
136,17
136,70
136,82
136,121
136,155
136,190
136,191
139,138
140,112
141,118
142,9
142,70
144,104
145,154
145,161
146,0
146,113
146,135
147,8
147,115
147,174
147,175
148,32
148,89
151,132
151,172
153,5
154,122
155,55
156,13
156,99
158,129
159,18
159,50
159,133
162,184
164,78
164,173
165,183
167,61
167,169
168,117
168,181
170,38
172,153
175,177
178,77
178,101
179,42
179,80
179,116
180,35
180,140
181,187
183,57
188,56
189,42
190,6
192,92
192,157
193,66
194,51
195,177
198,148
