source,target
0,93
0,158
1,27
3,12
3,36
3,44
3,114
4,89
6,139
7,48
7,81
7,184
7,192
9,24
10,16
10,50
11,185
13,73
13,187
14,179
16,144
18,115
18,185
19,130
19,169
19,174
20,164
24,76
25,14
27,147
28,107
29,17
29,57
30,125
30,181
31,14
31,123
31,140
32,62
33,70
33,87
34,15
38,103
40,20
41,73
41,195
43,92
43,122
43,188
44,46
44,141
44,151
46,148
48,97
50,107
50,132
51,91
51,108
52,102
53,111
54,45
54,183
57,112
58,32
58,42
58,65
59,20
59,135
59,177
60,109
63,29
66,13
67,163
70,84
70,110
70,128
71,79
71,196
72,146
74,98
75,85
77,129
78,138
81,157
81,180
82,5
82,166
82,196
83,153
84,12
85,121
86,3
88,9
89,71
89,118
90,77
90,82
90,170
90,178
91,99
91,115
92,119
92,190
94,7
94,15
95,161
96,26
98,55
98,109
98,116
100,11
100,19
100,162
103,18
104,6
105,53
105,86
107,189
112,28
112,47
112,72
112,153
113,83
117,118
117,186
118,124
120,39
120,74
120,142
121,22
121,41
121,137
123,23
123,40
125,101
126,43
127,32
127,39
127,94
127,145
130,150
131,49
131,162
132,54
132,75
133,51
134,0
134,56
135,102
136,116
138,178
141,38
141,64
141,106
143,172
145,35
145,171
147,167
148,21
149,77
152,53
155,110
156,95
158,159
159,194
160,145
161,199
163,59
165,2
165,19
165,30
166,105
167,30
167,154
168,125
172,66
175,24
175,100
175,177
176,5
177,37
177,61
178,6
178,8
182,1
185,69
190,155
190,193
192,33
192,197
194,173
194,187
195,26
195,175
196,68
197,80
197,191
198,72
199,198
