source,target
0,26
0,93
1,46
2,104
3,7
3,82
3,197
5,115
6,41
9,21
9,55
10,45
11,54
11,61
12,99
16,68
17,122
18,54
18,93
18,164
19,177
22,31
23,106
24,103
24,117
24,165
25,126
27,147
27,168
30,173
30,181
32,148
33,3
34,59
34,129
37,51
38,10
39,85
40,4
40,100
40,158
41,162
42,74
43,21
44,56
44,97
44,128
45,68
45,155
46,36
46,48
46,83
46,88
47,18
47,141
48,58
50,109
50,111
51,133
51,167
51,170
52,15
54,77
55,57
56,187
56,193
57,30
57,35
57,175
59,52
59,78
59,101
60,175
64,186
66,70
66,196
67,1
67,39
67,177
69,160
70,32
70,47
73,38
74,33
75,132
75,149
76,24
77,163
79,50
79,191
80,12
80,124
81,98
81,180
82,89
84,171
86,109
89,10
89,118
89,143
90,18
91,20
91,34
92,119
94,27
95,11
96,173
99,107
99,120
99,195
104,190
105,53
106,134
106,181
107,48
107,146
108,94
109,105
110,64
111,29
111,198
112,50
113,179
114,28
114,76
115,108
116,112
117,60
117,89
121,137
122,8
122,184
123,8
123,31
125,66
126,17
126,98
126,157
127,110
127,135
130,6
131,154
132,14
132,62
132,148
134,91
137,116
137,122
138,139
138,144
139,113
140,179
141,37
142,127
142,192
145,63
145,151
146,79
146,92
148,136
151,0
153,152
153,161
156,40
156,154
158,147
159,25
161,44
161,72
161,199
165,49
166,128
168,125
169,7
170,9
171,193
172,4
173,13
173,194
174,102
175,102
176,87
178,67
181,150
182,133
183,63
185,6
185,52
185,69
186,114
187,80
188,87
188,145
189,199
190,172
191,113
191,188
193,65
194,71
