source,target
0,97
1,175
3,62
4,152
5,57
5,83
5,106
6,144
6,184
8,18
8,147
9,6
13,53
13,150
14,25
14,122
18,41
18,101
18,135
18,158
19,178
20,39
20,72
24,103
25,91
25,94
25,120
27,94
28,193
30,143
31,76
32,79
34,67
35,165
37,42
38,73
38,113
38,153
40,11
42,98
42,149
44,199
45,83
46,174
47,71
49,104
49,134
50,21
50,44
50,117
50,151
51,108
51,123
52,174
52,185
55,22
55,126
56,166
56,171
57,29
57,35
57,142
58,153
59,60
60,31
60,163
60,176
61,23
62,12
63,125
63,137
63,167
64,50
68,10
70,2
70,159
72,161
74,35
74,54
77,8
77,11
78,175
79,80
80,47
80,179
81,112
82,48
82,66
82,75
82,196
84,124
84,148
85,20
85,63
87,70
87,183
88,46
89,118
89,143
91,34
91,105
92,54
92,154
94,16
95,161
96,1
97,107
98,7
98,55
100,19
100,78
100,138
102,121
104,6
104,15
104,100
105,64
105,65
106,47
106,61
106,181
107,32
108,140
109,56
110,197
114,44
115,93
115,129
117,24
117,53
117,89
117,111
117,168
118,49
125,59
125,173
126,155
127,85
128,26
128,99
128,119
130,52
131,15
131,162
132,3
132,7
133,40
135,127
137,43
139,157
141,128
141,136
141,187
145,183
148,93
148,109
148,128
152,26
153,86
154,69
155,116
155,188
155,198
156,30
156,51
156,73
157,81
157,84
157,192
159,113
160,167
164,191
169,144
170,77
171,14
172,0
172,33
175,102
176,146
177,147
178,90
178,170
180,81
181,156
182,177
185,9
186,28
186,36
186,164
187,68
188,75
190,45
190,48
190,189
191,87
194,173
195,20
197,17
197,38
