source,target
0,58
0,73
1,96
3,26
3,113
3,118
3,161
4,65
4,152
6,18
6,24
6,144
7,36
7,131
8,88
9,162
10,5
10,13
11,95
13,150
14,195
16,3
17,14
18,78
18,115
19,71
19,103
20,34
20,63
28,32
28,107
30,165
31,168
32,127
33,99
34,123
36,89
38,170
39,19
41,181
42,146
45,50
45,155
46,48
47,129
47,140
48,97
48,189
48,192
49,162
49,184
50,44
50,159
52,90
52,175
54,77
54,85
55,22
55,54
59,29
63,27
63,145
64,10
64,124
64,158
65,68
66,82
66,86
66,153
67,52
67,135
68,26
68,107
69,15
70,114
70,153
74,82
76,31
77,149
82,37
83,72
83,134
84,151
85,163
87,81
89,53
89,118
89,181
90,7
92,43
92,87
94,25
96,28
96,60
97,33
100,11
100,67
101,57
101,59
101,125
101,172
102,156
106,23
106,61
106,93
106,128
108,167
109,98
110,79
111,46
112,12
112,69
112,105
112,160
113,12
113,62
113,117
113,139
113,179
114,71
116,136
118,2
119,190
120,142
123,6
125,116
126,190
129,88
130,100
130,185
131,35
132,21
134,56
134,191
136,44
136,80
137,51
137,70
137,172
140,55
141,199
143,103
144,40
144,169
146,83
148,145
150,11
151,62
152,133
154,101
154,122
154,169
157,109
157,119
157,142
157,179
157,192
158,147
159,25
159,111
162,138
163,49
163,102
163,134
164,191
165,43
166,70
167,61
167,91
168,104
168,135
169,121
170,154
170,197
171,106
171,110
171,132
171,180
174,30
176,5
177,20
177,182
178,69
179,75
180,66
183,57
184,130
186,0
186,114
187,0
192,87
192,188
193,132
194,148
194,173
195,198
196,124
198,122
199,166
