source,target
0,59
5,85
6,87
7,2
7,18
8,31
9,4
9,34
10,37
11,0
11,16
11,30
11,85
13,60
14,79
15,82
16,45
16,49
19,90
20,7
22,7
22,29
22,75
24,3
24,11
24,64
25,62
25,65
26,38
27,61
29,93
30,87
31,58
34,46
35,31
35,34
35,68
39,36
40,79
41,15
41,88
42,52
44,35
44,71
45,69
46,99
47,56
48,94
49,32
53,37
53,42
54,23
54,26
54,44
54,57
56,77
57,50
59,14
59,25
60,16
60,51
61,57
62,74
62,89
63,55
65,1
65,39
66,17
66,21
66,64
66,86
67,69
70,66
71,43
72,89
73,78
74,54
74,63
76,56
78,72
80,96
81,3
83,18
84,70
86,12
86,95
87,92
88,80
91,42
93,24
93,33
94,14
94,91
96,73
97,76
97,91
98,20
98,28
98,90
