source,target
2,20
3,41
4,50
5,15
9,10
12,95
13,1
14,39
14,79
15,46
15,73
16,12
17,66
18,11
18,30
18,62
18,70
23,84
25,13
25,66
28,87
29,26
29,80
30,59
31,6
33,32
33,68
34,18
36,1
37,35
38,51
38,60
39,65
41,97
42,14
43,31
44,54
45,21
45,52
47,3
49,22
49,47
52,13
52,53
53,37
53,42
56,19
56,22
57,99
58,48
59,4
60,16
60,85
61,27
61,54
61,77
63,55
63,74
64,75
64,78
68,7
69,44
69,67
71,69
73,61
74,0
74,28
74,68
75,18
75,39
75,43
75,81
76,30
77,20
77,49
77,96
80,93
82,8
82,37
82,72
82,90
84,40
86,45
87,24
87,58
87,84
89,33
93,58
93,64
94,34
95,86
96,92
97,29
97,88
97,91
98,10
98,63
98,83
99,59
