source,target
3,24
5,92
6,8
6,70
7,67
8,31
8,46
8,78
9,36
10,9
10,38
11,30
14,25
16,0
16,77
18,71
18,81
18,83
21,52
22,75
26,5
28,24
28,50
29,19
31,5
31,62
31,89
33,90
33,93
36,40
37,51
39,2
39,6
39,65
40,95
41,73
41,86
42,1
42,66
43,54
43,63
43,91
44,19
44,34
44,35
44,69
45,16
47,56
47,80
47,85
48,39
49,32
49,56
50,30
50,53
51,60
51,79
52,45
53,37
53,67
54,23
55,63
56,90
57,99
58,28
59,4
59,14
60,13
60,61
60,94
61,27
61,57
62,58
64,75
64,78
64,81
64,88
66,17
68,47
69,84
69,85
74,18
76,97
78,72
81,54
82,15
82,98
84,40
84,48
86,12
86,14
86,45
86,46
86,66
87,89
96,71
97,26
98,20
98,77
