source,target
5,15
6,30
6,31
6,50
7,56
7,67
11,0
11,85
13,6
15,33
16,0
18,42
18,70
20,57
21,13
22,7
24,11
24,17
24,57
24,81
24,90
26,38
26,54
26,59
27,61
29,83
29,93
30,84
31,24
31,89
35,38
36,91
39,65
41,51
41,88
42,14
43,63
43,76
44,22
44,80
46,62
47,71
49,32
49,77
50,53
51,79
53,19
53,52
54,15
54,61
56,26
57,99
58,28
58,29
58,48
59,4
63,55
63,81
64,2
64,66
65,66
68,34
68,45
68,49
68,60
70,25
72,78
73,29
74,33
74,62
74,96
75,3
75,34
77,16
78,75
80,47
82,8
82,20
84,23
84,37
84,40
85,5
85,28
85,69
86,1
86,10
86,12
88,97
90,70
91,43
91,64
92,35
94,14
94,86
95,86
96,9
96,87
97,73
98,48
