source,target
0,51
0,59
2,14
2,39
4,9
4,47
5,15
5,33
5,72
6,8
10,84
13,6
13,21
13,34
15,88
16,12
18,25
18,93
20,2
20,49
24,11
24,17
24,18
26,56
26,83
28,58
29,27
29,38
30,48
30,57
31,5
31,62
31,81
33,77
36,32
37,6
39,30
40,79
42,1
42,52
45,13
48,58
49,22
49,32
51,61
52,45
53,67
56,7
56,76
57,53
60,85
61,7
61,89
62,35
64,3
64,68
64,91
64,93
65,66
66,46
67,19
69,92
70,80
73,29
73,78
74,44
74,85
75,43
75,71
77,16
77,20
80,97
81,54
82,98
84,23
84,40
84,69
86,10
86,41
86,66
86,95
87,96
89,31
90,19
90,70
91,29
91,86
92,71
92,87
94,60
94,62
96,9
96,50
97,55
97,73
98,13
98,63
98,90
99,59
