source,target
1,2
1,36
2,20
8,46
9,4
9,77
10,26
11,57
12,25
12,95
13,1
14,79
15,54
16,0
19,53
21,45
22,34
23,82
23,84
24,17
24,63
24,90
25,65
28,58
28,76
29,83
30,87
33,90
34,18
35,38
35,50
35,60
35,84
36,39
39,65
39,75
41,3
41,81
42,14
42,53
43,28
43,31
44,30
45,13
45,37
45,52
46,15
47,27
47,29
47,67
47,69
47,71
47,85
48,10
49,56
50,80
51,35
54,0
54,26
54,44
54,57
54,96
56,47
59,99
61,60
62,24
64,91
66,64
68,7
68,82
69,41
72,78
72,89
73,94
75,8
75,43
75,64
77,33
77,49
78,73
79,51
80,22
80,41
80,70
80,93
84,40
85,5
85,74
86,66
88,32
88,97
89,55
92,71
94,86
96,6
96,9
97,91
98,28
99,44
