source,target
5,15
5,33
6,37
6,50
8,6
8,64
9,77
11,59
12,86
12,95
13,25
16,49
17,24
19,56
22,35
23,82
25,12
25,42
25,59
25,65
28,43
29,27
29,83
29,93
30,10
31,24
31,58
32,88
33,77
34,87
39,14
40,36
40,84
41,75
41,88
44,19
45,21
45,68
46,91
47,4
47,22
48,30
49,22
50,54
51,94
52,42
53,67
54,5
54,28
54,44
56,76
57,61
59,4
59,14
59,30
59,38
60,51
60,55
60,85
61,20
61,96
62,97
63,81
64,2
66,46
67,47
68,34
69,53
69,71
69,90
72,63
73,8
74,0
74,33
74,89
75,3
78,75
79,40
80,74
81,41
82,72
84,23
84,70
85,11
86,1
86,45
89,31
89,87
92,69
93,80
94,91
96,7
96,18
96,26
96,73
97,29
97,41
98,20
99,57
