source,target
1,2
1,53
4,9
5,74
6,37
6,50
7,96
8,6
8,45
8,73
11,63
12,25
12,95
14,86
15,33
16,77
17,24
18,75
19,90
22,56
29,27
29,83
31,43
32,36
33,32
34,13
34,18
36,40
38,10
39,6
41,88
42,1
42,3
43,28
43,76
43,91
44,54
44,92
46,1
46,36
46,66
46,99
47,27
47,68
47,80
48,94
49,47
50,30
51,14
51,38
52,42
53,67
54,0
54,23
56,49
57,54
57,61
58,93
59,0
61,58
62,89
64,8
64,81
64,82
64,93
65,53
66,12
66,20
66,21
68,5
68,98
69,84
70,80
70,84
70,87
72,78
73,15
74,62
75,41
75,63
75,71
77,7
78,64
78,75
79,51
80,35
80,97
85,11
86,12
89,55
89,72
90,24
90,70
91,29
91,94
94,60
96,9
96,26
96,71
