source,target
1,2
1,36
1,65
5,35
6,8
7,67
7,82
11,16
13,1
13,25
14,79
17,66
18,7
18,83
22,75
22,85
23,84
24,87
29,91
29,93
30,44
30,59
31,48
33,32
33,77
35,26
36,39
38,43
40,36
41,3
41,47
42,14
42,18
43,28
43,31
43,76
46,94
47,4
47,34
47,80
48,44
49,20
50,6
52,53
53,69
55,89
56,19
56,49
56,53
56,68
57,50
57,99
58,74
59,11
60,13
60,35
61,27
61,60
62,58
63,11
64,2
64,8
64,78
66,21
66,42
68,0
68,64
71,78
71,92
71,96
72,46
73,5
74,33
74,63
74,80
75,72
77,9
77,51
77,56
82,37
82,61
84,10
84,40
84,45
84,70
86,41
88,15
88,97
89,62
89,87
90,98
93,81
94,73
95,12
95,86
96,54
97,69
97,91
98,63
