source,target
4,194
6,54
6,79
8,137
9,39
9,148
11,128
12,99
12,178
13,63
13,82
14,8
14,123
14,191
16,177
18,131
19,54
19,102
21,94
21,144
22,13
22,116
22,180
24,91
27,175
31,38
31,78
34,193
35,49
35,120
35,157
37,3
37,55
38,187
39,154
43,123
45,6
46,0
46,168
46,171
46,184
47,52
47,125
47,175
48,61
48,163
51,53
53,9
53,152
54,60
55,111
56,100
57,16
58,36
58,90
61,182
63,21
63,164
65,33
66,23
67,7
68,190
69,17
69,58
69,133
70,138
71,10
71,127
73,33
73,174
76,42
77,88
77,90
77,189
80,43
81,101
84,173
85,177
86,44
86,127
87,80
89,25
90,41
90,173
91,95
91,181
92,17
93,18
94,25
94,29
94,168
96,125
96,147
97,119
100,32
101,41
101,145
102,48
103,15
103,81
104,8
104,31
104,61
106,150
107,160
107,185
107,186
108,75
108,118
108,197
109,132
109,153
110,79
111,195
112,1
112,68
113,59
114,83
117,84
117,122
118,44
118,190
119,149
120,64
120,96
120,98
120,146
120,194
124,72
124,139
126,105
126,130
128,178
130,23
130,65
130,156
130,162
131,169
132,14
134,165
135,134
136,5
138,50
141,30
141,97
141,121
141,142
143,51
147,12
147,73
147,100
148,74
148,150
148,155
149,163
149,169
150,114
153,151
155,107
155,136
158,199
159,52
160,55
160,85
160,93
160,170
165,20
165,76
166,114
167,108
167,161
168,72
168,113
171,2
171,176
173,91
174,77
174,140
175,26
176,167
179,99
181,40
181,129
183,116
187,172
188,7
188,20
188,62
188,70
188,180
189,143
191,115
193,152
193,192
196,42
197,104
198,28
198,32
199,122
