source,target
1,112
3,5
3,147
3,175
4,6
4,175
5,178
7,32
7,140
7,166
7,190
8,180
9,156
11,54
13,43
13,151
14,42
17,69
18,33
18,68
18,119
19,102
19,129
20,23
21,61
25,193
26,11
29,30
30,39
31,51
31,65
31,72
32,31
34,149
35,179
37,103
42,196
43,4
43,14
43,59
43,80
44,111
44,129
45,64
45,154
46,189
47,26
47,153
48,58
48,115
49,35
49,87
51,93
55,162
56,71
57,123
57,198
59,191
61,85
61,131
62,138
63,145
64,120
65,38
66,163
69,116
70,183
71,152
72,95
74,16
76,22
77,59
77,143
77,174
78,14
79,99
79,109
79,125
81,101
82,72
83,180
84,66
84,128
86,52
88,55
88,90
90,101
90,168
91,8
91,161
92,12
94,139
96,10
96,147
98,37
100,2
100,166
102,0
102,48
104,113
106,41
106,122
108,100
108,107
109,54
109,110
109,132
109,146
111,89
113,192
114,21
114,63
114,113
114,137
115,77
116,45
116,97
118,164
119,36
119,82
122,58
124,44
128,184
130,12
130,39
130,118
131,150
131,165
131,169
132,3
134,107
135,127
138,60
138,76
138,135
139,167
142,135
143,16
144,168
145,67
149,13
149,24
149,171
150,148
150,176
154,194
155,53
155,90
155,105
155,126
155,141
155,161
155,181
156,15
156,53
157,158
158,141
160,76
163,88
163,121
164,114
165,20
165,193
166,73
167,108
169,75
170,169
172,112
172,155
172,159
175,27
176,7
177,95
178,50
178,117
178,142
179,70
179,86
181,188
183,152
185,62
185,123
187,40
187,65
187,78
188,46
188,70
188,133
189,34
189,173
191,186
193,28
193,136
194,79
195,165
196,37
197,128
197,182
199,85
