source,target
2,85
2,93
3,157
4,179
5,19
6,62
7,42
8,53
8,94
10,52
10,128
12,169
12,178
13,151
13,177
13,188
14,115
14,132
16,104
18,0
22,13
22,51
23,63
23,87
23,147
24,91
25,89
26,6
28,119
28,191
30,29
30,141
32,145
33,73
33,163
34,54
34,61
34,148
38,150
39,30
40,123
42,196
43,196
44,111
45,96
46,36
46,185
47,4
47,162
48,88
50,10
50,154
51,75
52,156
52,159
53,189
54,109
56,20
58,31
58,42
58,90
59,152
59,171
60,62
61,167
63,192
64,98
66,164
72,65
73,8
74,59
75,65
77,122
78,92
79,125
81,103
84,58
85,1
85,114
86,146
87,35
88,1
88,38
88,163
89,77
89,111
90,74
90,119
92,22
95,101
95,133
98,70
99,179
100,40
100,113
100,131
101,71
102,128
103,49
104,139
106,24
107,123
107,181
107,186
108,51
109,97
109,110
110,79
111,46
113,105
115,11
115,107
116,69
116,97
118,124
119,82
119,193
120,151
121,166
122,21
122,33
122,117
126,9
127,81
130,48
131,136
133,47
134,28
135,160
136,25
137,37
138,70
138,125
138,194
139,3
139,7
140,18
141,142
142,6
142,124
143,56
143,108
144,149
146,120
148,112
148,142
149,187
151,80
151,96
151,153
152,5
152,95
155,143
156,15
156,155
159,17
160,75
161,91
161,183
162,148
162,168
163,76
163,129
164,78
165,134
165,158
166,0
166,61
168,68
170,114
172,174
173,67
173,168
174,165
175,112
176,69
178,27
178,130
180,8
180,83
182,12
183,116
184,190
187,57
187,172
188,41
188,55
188,198
190,68
192,113
192,145
194,66
194,81
195,17
195,137
197,9
197,184
198,100
199,185
