source,target
0,166
1,45
1,85
1,134
1,148
3,154
4,1
5,96
7,169
8,187
10,52
13,114
14,100
15,4
15,103
21,7
21,72
21,117
22,77
22,149
25,89
27,178
28,0
28,94
28,113
29,161
29,182
34,54
34,157
34,191
34,196
35,49
36,72
37,50
39,17
40,123
42,168
42,199
43,74
44,5
44,87
46,13
46,118
47,45
48,22
48,155
49,66
50,125
53,71
53,167
55,183
57,7
57,90
59,63
59,174
60,86
62,60
66,182
67,75
67,76
67,119
68,29
68,147
68,190
69,133
71,10
71,30
71,137
71,195
72,181
74,58
74,163
79,194
81,16
82,188
84,31
84,105
84,178
85,83
86,127
86,146
92,130
93,148
94,61
94,140
98,23
98,70
99,12
100,108
100,119
100,129
101,179
102,28
102,128
105,53
106,6
106,41
107,101
108,46
110,127
111,19
114,78
115,11
115,32
117,19
117,156
118,55
119,2
120,23
120,44
120,64
122,95
122,184
122,198
123,43
124,111
124,142
125,138
131,140
133,24
133,107
134,21
134,38
136,197
138,103
139,147
141,36
141,91
142,6
144,94
145,13
145,32
145,121
146,132
147,73
149,25
149,42
149,56
149,95
150,114
152,59
153,27
153,151
154,39
154,80
154,116
155,126
155,163
155,189
156,12
156,84
156,109
158,91
159,33
159,67
160,135
160,172
161,90
162,130
164,104
165,186
166,65
166,97
166,141
168,171
170,76
172,51
173,168
174,20
174,192
175,3
175,26
175,112
176,88
176,131
177,16
178,92
179,120
179,194
180,158
183,44
183,102
184,9
185,62
186,180
187,3
187,57
188,104
188,106
189,18
192,198
193,136
193,172
193,177
195,177
196,60
196,160
199,143
199,185
