source,target
0,95
0,152
3,27
3,91
3,147
3,175
4,45
6,60
6,138
7,131
8,59
8,78
8,191
12,150
13,76
14,141
15,47
15,103
16,143
17,144
23,20
26,11
28,94
28,100
28,113
30,29
31,193
32,170
33,159
34,114
35,10
36,167
37,137
38,69
40,184
41,90
42,163
44,87
45,26
45,109
48,65
48,164
49,4
50,3
50,153
55,37
55,108
56,157
58,52
58,84
58,117
58,191
59,181
62,83
64,120
66,49
69,36
70,179
71,30
71,85
71,195
74,119
74,126
74,188
76,61
76,177
77,107
77,168
77,199
78,140
79,99
80,54
81,83
82,51
82,107
83,125
85,174
86,44
86,146
86,154
88,176
88,187
90,25
91,55
91,158
91,181
92,102
92,126
93,18
93,66
94,93
95,101
96,5
98,70
99,35
99,86
101,24
104,72
105,53
105,140
106,41
108,65
108,183
109,79
109,110
111,19
114,89
114,184
114,186
115,148
119,115
120,96
120,98
120,151
121,7
122,196
123,40
123,63
124,88
124,172
127,175
128,19
128,68
129,1
129,44
130,68
130,75
130,156
131,32
132,139
134,0
134,133
134,171
136,105
136,193
138,50
138,179
138,194
139,166
140,2
140,145
141,17
141,21
141,67
141,199
142,38
143,46
143,57
143,112
143,118
143,149
143,180
144,100
144,135
148,112
148,162
149,97
151,80
152,165
154,6
154,39
154,116
155,51
156,9
156,104
157,158
158,81
159,73
160,67
161,147
161,152
163,134
166,28
168,169
170,8
173,78
177,72
177,85
177,122
177,159
177,167
178,182
180,58
182,12
182,130
185,62
186,103
186,132
187,142
189,31
190,111
191,22
192,198
196,34
196,43
197,92
198,20
198,108
199,90
