source,target
0,139
2,28
3,27
4,15
4,26
4,60
4,179
5,178
6,142
9,148
10,35
10,52
10,128
11,135
13,88
13,170
13,177
16,133
17,107
18,9
18,12
18,63
18,166
21,134
22,51
22,105
22,112
24,73
25,7
25,89
26,49
26,54
27,132
28,113
29,156
29,162
30,29
31,76
31,92
31,189
32,161
37,32
38,69
39,129
39,154
40,123
40,152
41,0
42,58
43,175
44,111
44,118
45,4
45,116
46,171
52,31
53,149
53,165
54,11
54,71
55,77
55,167
56,163
56,191
59,161
61,8
62,3
64,45
64,110
65,21
65,38
65,73
65,191
66,47
66,79
66,130
71,137
72,104
72,141
72,185
73,187
74,57
74,94
74,100
74,126
75,108
75,121
75,169
76,33
78,102
78,180
79,194
80,13
81,157
82,40
82,90
82,132
83,62
85,133
86,50
86,98
87,80
90,107
93,2
96,5
96,83
96,103
97,43
97,65
99,12
100,8
100,108
100,192
101,14
101,106
102,28
104,164
105,84
107,20
107,155
107,186
108,14
109,19
109,146
111,42
111,143
111,190
112,1
112,136
114,55
119,159
119,184
120,23
120,44
124,143
125,79
126,181
127,6
130,39
130,48
131,18
131,32
132,109
132,122
132,172
133,95
134,36
137,195
138,194
141,97
141,139
142,124
144,42
145,160
145,188
148,69
148,93
148,176
150,100
150,115
151,13
151,120
152,72
153,109
154,86
154,151
157,56
157,158
159,129
161,117
162,78
165,67
165,131
166,91
171,183
173,25
174,172
179,70
180,147
181,46
181,140
182,128
183,145
188,16
188,77
188,82
190,68
190,102
193,34
193,90
193,168
195,30
195,105
196,7
196,193
197,92
197,149
198,20
199,48
