source,target
0,72
4,45
6,26
7,46
7,113
7,135
8,18
9,39
9,162
9,190
10,52
10,96
10,128
12,92
12,169
13,22
13,32
13,76
13,80
13,170
16,91
16,123
16,192
18,163
19,5
19,183
21,2
22,155
22,168
23,110
23,120
26,116
26,125
27,47
27,50
28,94
30,29
30,156
34,37
34,61
34,86
34,103
34,188
35,99
35,153
36,8
37,1
37,43
37,137
38,31
39,1
39,30
42,149
42,172
46,104
46,180
47,15
47,52
48,55
48,74
48,117
48,165
48,189
49,87
51,16
51,90
55,53
56,149
58,31
59,82
60,45
60,96
61,131
63,132
63,145
64,98
65,51
67,121
67,160
70,138
71,13
72,97
72,164
72,166
72,189
77,7
77,173
78,25
78,36
79,194
81,176
82,65
83,150
84,166
85,129
85,133
87,153
88,191
89,95
91,41
93,74
94,104
95,48
95,139
96,120
99,60
101,71
102,0
105,174
105,181
106,6
108,63
108,118
108,140
109,19
109,146
111,25
111,195
112,9
112,182
113,150
114,113
115,42
115,144
115,184
119,69
119,85
120,98
120,151
124,44
126,130
127,110
128,182
129,154
130,66
130,68
134,75
134,117
136,190
138,62
138,135
140,48
140,67
141,3
141,17
141,73
141,115
143,85
143,161
146,54
147,129
148,93
149,21
150,38
150,178
152,40
155,143
156,109
156,130
157,3
158,107
158,159
159,33
159,124
159,184
160,14
160,18
160,24
161,167
167,193
168,100
169,152
169,191
172,40
172,78
174,20
175,43
179,86
180,158
181,196
183,111
183,171
183,176
184,11
185,114
187,57
187,141
187,142
190,125
192,198
193,105
193,177
194,66
195,122
196,108
196,186
197,136
198,89
199,195
