source,target
0,40
3,124
4,15
4,86
6,47
7,0
9,126
10,128
11,84
12,131
12,182
13,71
13,143
16,46
16,56
17,38
17,142
17,193
18,33
18,123
19,5
20,133
21,95
22,116
22,191
23,98
23,120
23,159
24,4
24,73
24,157
26,6
29,38
30,137
31,78
31,171
31,173
32,177
32,186
33,65
34,94
37,1
37,169
41,90
43,27
44,130
45,86
46,181
47,127
48,82
48,171
50,12
50,179
51,14
52,159
54,11
54,34
55,162
56,13
56,67
56,72
58,94
59,78
60,99
60,154
61,28
63,23
64,45
65,118
67,2
70,98
71,10
72,69
72,156
74,149
75,0
75,172
76,138
77,111
77,158
77,188
79,125
80,54
81,83
83,62
83,180
84,9
84,31
85,143
85,185
87,35
87,80
88,139
88,147
88,170
89,87
90,74
91,41
92,183
93,55
93,165
97,43
97,72
100,16
100,121
100,150
103,15
104,57
104,112
105,63
105,134
106,101
107,115
108,42
108,176
109,153
109,156
110,109
111,44
113,22
115,14
115,155
116,174
117,19
117,21
117,29
118,46
119,136
120,44
120,96
120,146
122,161
122,198
125,26
127,49
127,110
128,164
129,147
130,39
130,167
131,75
131,102
131,141
132,89
136,190
138,43
140,25
142,60
145,32
146,132
149,97
150,178
151,96
154,45
154,50
155,91
156,66
157,101
159,184
159,195
160,188
161,61
162,124
163,82
164,92
166,7
166,137
168,68
169,152
169,189
170,168
170,196
171,25
171,57
172,105
174,165
175,157
176,81
180,8
180,114
180,199
182,148
183,48
183,55
186,77
186,144
187,34
187,88
187,135
189,18
189,53
190,19
192,36
192,107
194,175
197,108
198,117
199,113
199,133
