source,target
1,6
1,45
2,7
2,55
4,120
6,106
7,31
7,169
8,19
9,190
11,92
11,129
12,153
13,151
13,177
13,180
14,3
14,97
15,47
16,40
21,93
23,20
23,120
23,159
25,148
25,149
26,44
26,45
27,50
28,57
29,136
31,61
31,171
31,195
32,2
32,193
35,99
35,175
36,134
37,98
37,113
38,150
39,17
40,17
43,80
44,109
45,50
48,32
48,117
48,130
49,103
51,18
51,161
53,149
53,188
55,183
57,16
59,171
60,54
60,86
60,135
60,154
62,43
65,134
66,74
68,29
69,165
71,10
71,85
72,13
72,36
72,57
72,63
72,144
72,166
73,122
75,36
76,22
76,56
76,198
78,94
78,163
81,14
83,43
84,143
85,133
86,52
86,127
88,170
90,59
90,141
92,100
96,5
101,95
102,0
102,5
102,78
103,15
103,157
103,186
105,8
105,67
109,146
110,23
111,0
112,118
112,156
112,182
114,55
114,113
114,185
115,107
119,61
121,91
122,24
122,184
123,64
124,3
124,88
124,162
125,79
125,138
128,68
128,84
130,178
131,48
131,174
133,18
137,166
138,60
138,70
139,100
140,67
140,163
140,176
141,132
142,38
143,155
145,121
145,160
147,128
149,42
149,82
149,108
150,46
150,147
152,95
152,158
152,169
153,87
153,109
155,53
155,74
155,165
156,192
157,35
159,30
159,33
159,124
160,51
161,193
164,66
164,104
165,140
167,90
168,9
168,75
169,115
170,152
172,139
172,167
172,181
173,168
174,58
175,194
177,76
177,114
181,116
181,126
184,131
185,41
185,62
185,93
185,123
185,199
187,72
188,73
188,89
189,140
191,135
191,187
192,191
193,34
194,4
194,179
195,1
196,139
197,189
199,77
