source,target
0,9
0,40
0,41
1,129
2,28
4,196
5,102
6,138
6,142
7,121
8,104
8,137
10,33
11,66
12,131
13,32
16,13
16,188
17,92
17,135
18,68
18,88
19,128
21,90
23,15
23,159
24,149
25,2
27,175
28,72
29,30
29,31
30,39
35,10
35,50
36,69
37,107
42,144
43,4
43,59
44,118
45,26
45,64
46,193
47,151
48,73
50,87
50,178
52,66
53,140
54,10
55,31
55,74
55,77
55,135
55,188
56,163
57,101
58,173
60,45
61,78
61,94
61,155
61,167
62,106
63,132
63,143
63,199
67,145
71,14
71,152
75,48
75,169
78,16
78,148
79,110
79,194
80,54
81,127
82,51
82,90
82,189
83,175
84,55
85,143
86,19
86,127
87,23
87,49
87,89
88,34
88,38
88,119
88,123
88,139
88,145
88,199
91,82
91,162
93,160
93,165
95,56
96,5
96,103
97,116
98,86
99,60
99,79
100,22
100,56
105,84
105,149
105,186
107,14
108,36
108,150
109,97
109,146
112,65
114,113
114,119
115,91
116,22
117,21
119,53
119,136
120,98
121,141
122,77
125,26
125,47
126,182
128,9
128,134
129,11
129,154
130,187
132,3
132,172
133,20
133,85
133,198
134,171
134,197
138,76
138,179
139,2
141,21
141,36
141,131
152,95
153,79
154,45
154,120
157,35
157,62
157,101
158,18
159,177
159,195
161,7
161,112
161,170
162,190
165,74
165,108
165,164
166,8
166,93
166,100
171,166
171,168
172,105
174,28
174,185
176,167
177,58
177,63
178,183
179,99
180,42
180,81
180,83
180,147
181,65
182,100
183,44
183,70
184,61
187,124
187,197
191,111
191,144
192,156
193,156
193,160
196,1
196,103
199,48
