source,target
0,102
2,63
2,166
3,154
4,1
4,49
4,79
7,34
8,59
8,84
8,170
10,6
10,68
11,66
12,131
13,32
15,129
16,40
18,94
20,51
22,7
22,176
23,130
24,106
27,178
30,111
33,198
34,77
35,49
37,153
38,69
41,78
42,14
42,184
43,62
44,5
44,109
45,1
46,61
48,165
49,26
50,3
50,117
51,189
53,71
54,6
54,19
55,118
55,188
56,0
56,95
56,122
58,22
58,52
59,163
60,4
61,182
64,123
65,108
67,18
68,136
68,155
69,181
71,137
71,177
72,2
72,59
72,141
74,58
75,65
77,186
78,168
80,43
82,61
82,78
82,133
82,172
84,9
85,101
86,44
87,89
87,153
88,72
88,93
88,139
90,82
91,24
91,63
91,131
92,12
94,21
96,10
96,103
96,151
98,70
98,147
101,157
102,28
105,53
105,82
105,196
108,48
108,149
109,110
111,89
111,91
112,187
115,155
119,36
119,97
120,5
120,47
121,0
123,57
123,113
124,143
125,96
126,75
127,60
127,110
128,190
130,39
130,164
131,167
132,146
133,73
133,192
135,167
136,112
137,169
138,50
140,21
142,141
143,126
143,180
144,94
145,140
146,86
147,150
147,164
147,180
148,176
149,18
150,114
152,42
154,116
154,129
159,158
159,171
160,105
161,90
161,122
163,66
164,104
165,76
165,100
165,160
166,36
166,123
166,134
166,159
167,17
167,25
168,40
169,88
171,55
172,195
174,85
175,83
179,35
179,99
180,31
180,81
181,13
181,107
181,116
181,162
181,173
183,29
183,124
183,178
184,8
186,170
186,191
186,193
187,181
187,183
188,20
188,62
188,101
189,132
190,31
192,156
194,4
194,175
197,92
198,76
199,144
199,185
