source,target
2,74
3,27
4,175
5,136
6,60
6,87
7,57
7,135
7,163
9,0
10,54
10,71
11,135
12,150
13,20
16,91
16,104
16,133
18,8
18,75
19,5
21,18
21,63
21,189
22,51
22,148
23,63
24,73
24,160
27,153
29,182
30,111
31,66
32,37
32,62
33,144
36,67
37,147
38,141
39,148
40,119
40,184
42,58
44,26
44,52
44,120
45,50
45,125
46,139
47,6
47,45
49,4
49,35
50,35
50,106
53,13
53,17
53,34
53,105
53,156
54,109
56,157
57,28
59,53
59,72
61,177
62,3
62,83
62,185
64,110
65,152
66,10
66,84
67,65
68,112
68,164
69,78
70,138
72,82
72,192
74,77
76,108
77,89
77,131
77,196
78,41
78,169
78,180
81,158
81,176
85,1
86,98
86,99
86,179
91,101
91,105
91,161
91,173
94,22
94,58
94,100
94,168
95,121
97,43
97,116
97,166
99,38
102,48
102,92
103,49
103,96
105,25
105,55
105,78
106,122
107,95
108,0
108,165
108,197
111,183
112,128
113,22
113,59
114,57
114,150
115,93
116,174
118,129
119,88
119,97
119,159
120,146
120,151
122,199
123,64
123,166
124,154
127,19
128,9
130,7
131,18
131,143
132,186
133,95
135,191
137,37
140,14
140,170
141,181
143,90
144,20
145,192
146,80
146,132
148,182
152,56
152,115
152,155
153,12
153,79
155,171
156,15
156,109
156,149
159,195
160,123
162,130
165,13
165,163
167,143
168,139
170,36
171,72
172,124
174,48
174,140
174,172
176,100
177,195
178,117
178,134
179,138
180,193
180,198
181,69
181,129
182,126
183,19
183,113
186,55
187,115
187,134
187,142
188,34
189,31
190,162
194,79
199,85
199,133
