source,target
0,166
1,4
1,196
3,5
3,62
4,15
4,26
4,60
4,194
6,138
9,112
9,190
11,84
11,115
12,131
13,20
14,3
14,132
14,149
15,103
16,91
16,133
19,150
20,144
22,8
24,149
30,111
31,173
32,174
35,153
37,98
38,88
38,99
38,128
42,94
43,50
44,130
44,164
46,100
49,127
50,23
52,66
53,63
53,171
54,19
56,40
56,137
58,115
58,117
58,167
59,67
59,163
61,114
62,6
62,106
64,110
65,7
65,113
65,165
66,47
66,49
66,68
66,79
68,0
68,10
73,141
74,73
74,121
75,2
75,18
75,21
76,33
76,108
77,22
78,25
78,41
78,102
78,180
78,187
79,110
80,13
80,146
81,50
81,180
82,55
82,72
83,57
87,49
88,90
88,93
88,199
89,77
91,77
91,101
94,17
96,45
96,109
96,147
97,176
98,120
99,86
107,85
107,95
107,114
111,42
111,91
112,104
112,182
113,34
115,184
119,140
119,145
119,159
120,151
120,194
122,58
123,14
125,47
128,129
130,92
130,139
131,82
131,169
134,56
134,152
134,191
135,160
136,5
138,70
138,76
139,94
140,170
141,38
141,108
143,118
143,199
147,37
148,9
148,39
150,183
152,48
152,71
152,172
153,79
154,80
155,143
156,15
156,29
156,53
156,163
157,56
157,175
158,157
161,51
162,124
162,126
162,142
166,46
166,124
167,135
168,9
168,31
168,42
169,1
169,195
171,168
171,189
172,75
172,119
172,181
172,187
173,78
174,116
176,13
176,148
178,27
180,83
181,65
181,69
181,95
181,105
182,178
183,186
185,123
186,36
186,103
187,0
187,128
187,188
188,198
189,28
192,117
192,134
193,32
193,161
193,177
193,192
194,179
197,155
