source,target
0,59
0,193
1,39
1,112
2,53
2,67
2,74
2,93
2,145
5,44
6,154
7,143
9,92
13,76
13,177
14,140
15,37
16,70
16,73
18,61
18,94
19,190
21,2
21,13
22,131
23,66
24,101
25,57
25,104
26,54
26,116
28,97
28,102
29,161
30,159
34,155
35,99
37,103
37,128
38,31
38,46
38,167
40,114
43,50
43,80
44,86
44,183
45,26
45,157
46,176
48,180
49,4
49,26
49,103
49,127
50,106
50,125
50,138
51,16
51,20
52,86
53,152
53,184
57,187
58,22
58,32
59,53
63,85
63,133
64,110
64,120
66,164
67,78
67,165
68,147
71,10
72,192
73,48
75,36
75,55
75,170
77,115
78,17
78,72
79,125
80,87
82,90
82,172
83,57
83,81
85,21
85,71
86,146
88,46
88,191
89,198
90,168
91,193
92,66
92,91
93,123
98,64
99,19
100,163
101,41
102,131
104,181
105,82
108,119
108,149
108,150
109,110
109,153
111,8
113,28
114,95
114,119
117,122
117,129
117,198
118,156
119,33
120,15
120,47
120,151
121,133
122,63
122,77
123,18
123,107
124,190
127,175
129,1
129,11
130,27
132,186
133,101
133,185
134,84
134,135
136,29
137,166
138,135
138,179
139,7
139,65
140,93
141,111
141,115
142,130
142,162
143,25
143,113
144,17
148,9
148,69
149,56
152,42
152,160
154,39
155,68
155,126
155,128
155,139
155,197
157,96
158,152
159,172
162,112
166,75
166,77
168,144
169,12
169,156
169,195
171,117
173,13
175,3
178,12
178,68
179,35
181,100
181,174
181,188
182,126
183,19
183,145
183,161
186,114
186,173
188,62
189,187
192,73
193,31
193,163
194,175
196,60
196,105
199,42
