source,target
1,2
1,143
2,277
5,17
5,123
6,205
7,200
9,294
10,62
10,151
12,188
12,201
14,174
16,223
20,201
21,28
21,234
24,103
26,169
28,159
29,30
29,170
30,293
33,236
37,287
38,188
39,97
40,66
42,41
43,142
46,106
47,149
48,22
49,273
50,11
50,17
50,134
50,140
52,25
52,220
53,218
53,226
54,85
54,87
54,283
55,99
56,19
58,193
58,204
59,194
61,102
63,199
65,125
67,87
67,268
68,112
69,288
71,38
71,91
71,269
71,279
72,56
72,156
74,1
74,78
74,127
74,183
74,241
75,89
75,149
75,166
76,116
76,251
81,49
81,51
83,16
83,46
84,33
85,165
86,275
87,278
90,135
90,197
91,167
92,256
93,298
94,10
94,111
94,166
94,219
95,178
96,233
97,131
98,0
98,34
98,176
99,267
100,141
100,191
103,133
106,203
106,262
109,18
109,86
109,107
109,148
112,173
114,154
115,69
115,104
115,136
117,21
118,160
120,115
120,163
121,88
121,264
122,203
122,213
124,13
124,88
128,55
128,202
129,60
129,247
130,249
130,276
131,19
133,40
133,108
136,251
137,235
137,245
138,35
138,124
140,216
142,3
142,56
145,59
146,289
147,60
147,283
151,259
153,26
154,105
155,297
156,111
156,242
157,71
158,72
159,57
161,86
161,274
164,15
164,44
164,48
164,158
165,31
165,177
167,32
167,119
168,62
169,13
169,211
172,260
173,185
175,45
175,209
177,118
178,137
180,174
181,44
181,61
182,290
183,239
184,189
185,190
186,98
187,41
187,246
188,73
191,144
191,150
192,101
192,170
192,299
193,27
193,113
193,152
193,212
193,252
194,121
196,63
196,136
197,257
197,294
199,24
200,36
202,222
204,271
205,12
206,196
207,222
208,206
209,6
209,221
210,217
215,36
215,70
215,280
216,295
217,103
217,281
219,8
219,82
220,46
223,54
223,273
224,183
226,192
227,79
227,95
227,110
227,125
228,81
229,128
229,225
230,68
231,180
231,286
232,92
232,150
232,162
232,282
233,127
239,23
240,230
242,98
243,171
243,231
243,284
244,77
248,139
248,184
248,195
248,232
250,122
250,292
251,198
252,93
253,114
253,208
254,90
255,157
256,164
256,179
257,43
259,272
259,285
260,132
260,248
261,126
261,237
261,258
263,48
263,80
264,53
264,160
265,47
265,214
266,139
268,244
270,75
272,55
274,38
276,29
276,236
277,7
279,4
279,57
279,210
280,94
281,50
285,255
286,187
287,58
289,52
289,185
289,238
289,258
290,109
291,83
291,155
294,64
295,180
296,123
298,117
298,235
299,270
