source,target
0,200
0,218
2,62
2,214
3,202
4,177
6,91
9,69
10,271
11,47
11,95
11,142
12,296
13,165
17,19
17,194
18,94
18,210
19,84
19,138
19,154
20,157
22,48
22,171
23,231
24,149
26,292
27,247
27,277
29,51
29,89
29,124
29,184
30,287
32,146
32,198
33,296
36,226
36,253
38,97
38,200
40,27
42,119
42,248
43,257
46,241
48,90
50,100
50,133
54,122
56,188
56,190
57,16
57,98
57,156
58,64
58,180
60,3
60,254
62,66
63,112
63,265
65,41
66,134
68,279
68,285
69,54
69,167
70,101
71,275
71,292
73,152
73,205
74,61
74,199
74,295
75,81
75,93
75,166
76,269
76,282
77,32
77,121
77,249
78,11
80,130
80,283
82,233
83,255
85,159
85,295
86,76
86,82
87,77
87,119
93,6
94,196
96,123
102,142
102,169
104,105
105,145
105,280
108,43
108,227
109,88
109,127
110,129
113,123
113,287
114,24
116,37
117,272
119,25
119,275
122,83
122,250
127,21
127,60
127,125
127,193
128,131
129,89
131,107
131,109
131,170
132,64
132,106
133,293
134,231
135,9
135,185
136,110
136,158
137,108
138,259
139,15
139,209
140,120
143,31
147,52
147,63
148,113
149,237
151,147
151,238
153,262
155,153
156,72
157,155
157,242
160,45
160,118
160,201
162,276
163,16
163,79
164,186
164,288
168,55
168,139
168,150
171,3
172,193
172,243
173,258
174,263
178,93
179,235
180,2
181,289
181,291
181,294
182,53
184,213
187,74
188,189
190,19
190,111
191,73
192,170
194,215
195,179
197,35
197,217
197,263
197,298
199,128
200,33
201,70
202,14
203,98
204,187
205,17
206,196
207,289
209,115
209,224
211,117
211,240
213,137
215,99
215,234
215,239
215,286
216,284
217,103
219,34
220,159
221,240
222,8
223,47
223,50
223,120
224,0
224,191
228,264
229,39
229,44
229,208
229,273
230,46
232,13
232,174
235,18
235,65
235,212
235,255
237,1
237,14
239,144
241,53
241,247
241,270
242,132
244,229
245,65
246,212
247,7
248,161
249,20
251,288
252,5
252,12
255,219
256,239
257,8
257,223
258,36
258,141
258,281
259,236
260,140
261,85
263,92
264,211
264,225
265,18
265,36
265,75
265,86
265,134
266,116
267,278
268,67
268,202
270,29
271,57
271,175
271,204
272,4
272,118
272,195
273,49
273,219
274,126
274,299
276,28
276,78
276,176
278,104
280,186
280,207
281,116
282,168
283,210
284,59
284,220
285,138
286,22
286,143
287,183
289,30
290,217
291,261
293,10
297,164
298,33
299,23
