source,target
0,106
1,14
6,14
6,246
7,112
9,11
11,162
13,265
16,2
17,129
18,224
19,208
20,255
21,26
21,155
24,5
25,214
27,277
28,0
28,231
28,287
30,18
30,87
30,171
34,260
36,75
36,216
38,25
39,104
39,181
40,66
41,77
41,133
42,191
43,2
43,73
43,108
44,124
44,266
44,293
46,128
46,236
49,204
50,140
51,29
52,91
53,102
53,200
53,203
54,22
55,197
55,268
55,272
56,21
59,150
59,158
60,175
61,196
61,281
64,45
67,33
69,84
69,167
70,123
70,201
73,195
74,57
74,187
78,237
79,100
79,145
80,92
80,283
82,8
83,102
87,248
88,7
88,244
89,39
89,82
91,82
92,3
92,126
92,202
92,256
93,211
93,217
93,252
94,29
94,176
95,230
96,227
97,284
98,44
98,48
99,36
100,147
102,222
103,100
103,141
105,188
106,46
107,223
107,254
109,131
113,64
113,153
114,86
114,267
115,238
118,190
118,210
118,212
118,220
119,97
121,286
122,146
122,223
122,276
123,213
124,185
127,105
127,193
128,47
130,160
132,224
133,242
134,156
134,157
135,193
135,297
137,7
137,237
138,136
139,32
139,61
140,88
140,166
141,65
141,288
142,138
144,94
145,226
145,278
148,48
149,215
151,125
153,12
153,121
153,183
153,262
154,107
154,159
156,10
156,125
157,255
158,70
160,271
161,178
161,186
161,219
162,152
163,210
164,15
165,85
165,111
166,115
166,124
167,253
170,31
170,118
170,177
171,113
171,136
172,6
172,55
173,60
175,209
176,81
176,270
178,50
180,221
180,241
181,257
182,168
182,198
183,169
185,273
187,132
188,239
189,233
191,172
194,234
195,74
196,184
199,24
199,109
199,259
201,72
202,170
205,251
206,169
209,134
210,71
211,4
211,89
212,54
212,103
214,27
214,63
215,280
216,241
216,279
220,68
223,143
224,264
226,192
227,110
227,198
228,85
228,264
229,225
229,261
230,101
230,240
231,53
232,13
232,243
233,218
233,296
234,199
235,260
237,63
239,182
239,205
239,256
240,131
241,235
242,59
244,263
247,101
249,258
250,292
253,173
256,299
257,35
257,155
259,157
261,295
263,31
263,116
263,179
263,269
265,231
267,99
268,245
269,90
270,139
271,204
271,289
272,18
274,62
274,218
275,235
276,282
276,285
279,179
279,207
280,40
280,229
281,128
281,137
282,35
282,42
282,120
282,174
286,250
287,208
288,119
289,37
289,129
289,149
290,249
290,284
291,185
292,80
292,156
293,117
294,9
294,213
295,58
295,78
295,164
296,76
298,23
298,33
298,119
298,162
298,189
