source,target
1,122
4,27
6,208
7,56
7,101
7,277
10,299
11,131
12,159
12,252
14,81
15,70
15,173
16,255
18,19
18,177
18,250
20,289
21,221
23,223
23,266
27,123
28,179
29,2
29,89
30,295
31,263
33,129
34,70
35,257
36,24
36,108
36,258
38,244
39,195
40,280
43,2
43,23
46,220
48,213
49,82
49,105
50,124
50,133
50,161
53,16
53,62
53,169
53,203
56,271
58,181
58,251
59,3
59,134
59,158
59,284
60,150
61,139
61,149
61,270
62,83
62,167
63,199
64,95
64,291
67,77
67,167
68,239
69,126
70,165
74,26
74,110
74,116
74,132
75,174
76,282
78,72
78,183
78,276
81,51
93,63
93,88
93,136
96,243
97,42
98,196
100,38
100,283
102,212
102,217
102,222
103,100
103,126
106,148
107,154
108,205
109,144
111,7
112,16
112,86
114,253
115,120
117,21
117,103
118,196
119,25
119,273
121,153
122,84
122,274
129,160
129,222
130,3
131,170
131,178
134,175
135,125
135,193
136,201
136,235
136,248
137,191
138,124
138,156
138,225
139,297
142,32
142,182
142,192
142,219
144,20
144,65
145,52
145,154
146,32
147,44
148,262
150,168
152,123
152,162
153,8
154,281
155,45
155,147
156,105
157,134
157,209
159,47
159,136
160,228
161,55
161,260
164,270
169,13
169,229
170,188
171,22
171,113
171,118
172,108
172,137
172,243
174,287
175,37
176,0
179,130
180,88
180,99
180,145
181,210
182,94
182,290
183,66
183,102
184,10
184,257
185,150
185,170
185,215
185,274
185,286
186,85
186,111
186,140
187,101
189,190
190,17
192,226
195,73
197,64
198,186
199,127
199,166
199,234
199,262
204,246
205,41
206,219
207,5
207,80
207,261
208,59
209,185
210,17
210,22
210,71
210,217
210,279
211,168
211,176
216,36
216,163
216,200
217,161
218,233
219,79
219,273
220,50
220,245
223,54
223,143
223,164
223,184
223,268
224,207
226,91
226,110
226,236
227,66
228,6
229,31
230,74
230,269
231,92
232,224
233,67
234,121
234,125
235,104
236,90
236,93
236,240
237,221
237,247
238,115
238,232
238,275
238,288
239,18
241,30
241,38
242,292
245,232
246,1
247,128
249,204
250,48
250,81
250,87
252,141
254,107
255,259
256,28
257,202
258,60
263,92
263,198
263,264
264,214
265,269
269,15
270,73
271,48
271,142
271,151
272,41
274,294
276,57
276,194
278,9
278,216
280,44
280,58
280,293
282,42
282,90
283,43
285,259
286,53
287,27
287,248
289,245
289,253
291,140
292,251
294,267
296,163
298,15
299,278
