source,target
0,176
0,295
1,14
3,159
3,254
7,76
7,78
8,197
10,284
11,170
13,150
15,298
16,161
18,160
21,26
21,234
21,264
22,2
22,54
22,155
22,192
23,191
24,5
24,142
25,119
27,157
27,277
27,279
29,33
29,51
29,72
29,279
30,44
32,18
32,146
34,37
34,214
35,129
38,265
40,225
41,21
41,169
43,195
44,124
44,177
45,291
46,196
47,141
49,105
49,297
52,210
53,93
53,113
54,9
54,147
56,91
57,111
57,201
59,181
59,190
60,47
60,66
60,127
60,175
61,248
62,168
63,237
65,19
66,209
68,1
68,162
69,278
71,130
73,39
73,152
74,165
74,224
76,116
76,233
80,48
81,61
83,218
84,122
86,159
87,41
90,277
92,256
93,79
93,174
94,109
94,184
95,296
98,57
101,261
102,60
102,217
102,283
103,244
103,249
104,55
104,150
104,154
105,100
105,104
105,182
106,15
108,226
109,46
109,127
111,34
111,186
114,24
115,20
116,266
120,275
121,205
122,220
122,223
122,224
122,268
123,3
123,250
126,274
127,28
127,170
128,47
128,144
129,89
129,131
129,139
130,32
131,42
131,108
131,178
132,260
133,50
133,263
134,58
134,88
136,82
136,138
136,164
136,172
136,173
137,55
137,99
142,283
145,294
147,250
151,88
153,121
153,289
154,3
154,38
154,92
156,31
156,94
157,40
158,148
158,286
160,77
160,265
162,101
162,151
162,236
165,163
165,208
167,7
167,67
167,216
170,188
171,85
171,136
172,270
174,241
175,117
179,80
180,39
181,75
183,102
185,285
187,251
189,10
191,53
193,152
193,231
193,252
194,36
195,184
196,96
196,98
197,114
198,19
198,68
203,135
203,207
204,158
207,80
209,149
210,118
210,228
210,230
211,124
212,249
213,112
214,27
215,56
215,168
215,204
215,241
216,200
219,239
221,156
221,278
222,16
222,202
224,107
224,219
224,232
225,202
225,280
226,215
226,237
227,97
227,153
228,42
229,219
230,166
231,66
232,20
233,218
234,8
235,125
235,179
235,255
237,299
238,151
240,125
241,12
241,70
243,17
243,35
244,133
245,271
245,281
246,282
247,4
247,6
247,74
248,43
251,106
251,288
252,207
253,69
254,281
254,290
255,199
256,128
256,251
257,223
258,239
259,144
260,149
261,64
261,293
262,28
262,206
263,137
263,143
265,140
266,23
267,126
268,17
269,95
270,75
272,259
273,119
273,213
273,233
274,165
275,81
276,221
280,0
282,78
284,222
285,242
285,276
286,185
286,194
287,229
289,146
290,110
291,140
292,182
293,59
293,211
294,148
295,198
296,38
