source,target
1,68
1,227
2,86
3,118
3,145
3,258
4,122
4,177
6,13
6,172
6,183
6,227
7,112
8,219
10,184
11,14
11,76
12,104
16,72
17,77
19,42
22,54
22,213
23,76
24,212
25,119
28,27
29,124
29,176
30,87
33,173
34,214
35,271
36,216
38,85
39,169
39,285
40,278
41,108
41,240
42,5
44,98
46,7
48,102
48,201
50,77
52,203
53,105
53,161
53,282
54,125
55,26
55,168
57,94
59,163
61,47
61,205
61,217
61,232
63,234
64,52
65,178
66,60
69,9
70,15
71,11
72,56
72,283
73,188
75,89
75,93
77,133
78,89
79,32
81,51
81,248
82,8
84,107
87,122
87,150
87,239
91,142
92,114
92,233
92,245
92,253
93,276
93,278
94,167
94,231
95,156
96,79
96,90
96,153
96,158
98,20
98,59
98,101
98,106
98,220
100,97
100,229
102,91
102,222
103,126
104,235
106,190
106,262
108,215
109,97
109,292
111,34
111,265
111,274
117,264
118,132
118,290
120,22
121,10
121,55
123,96
124,11
124,111
125,45
126,261
126,281
128,74
128,84
128,116
128,131
128,268
129,263
130,80
130,88
134,0
134,257
136,182
137,39
137,161
139,61
139,113
139,289
140,166
140,252
146,109
146,216
148,294
149,75
153,250
154,296
155,21
155,85
155,157
156,242
157,188
157,287
158,152
158,279
158,284
159,164
160,270
162,236
163,123
165,159
169,57
169,160
170,31
170,66
170,167
172,260
173,17
174,49
174,241
175,37
177,159
177,197
177,218
177,256
179,195
180,33
180,224
180,273
183,69
183,82
183,210
184,15
184,29
184,257
187,174
190,185
190,189
191,53
191,144
192,35
194,237
195,210
196,44
197,48
197,125
198,107
198,140
198,151
200,175
202,175
203,43
203,272
206,73
207,20
207,235
208,42
209,2
209,115
209,208
210,143
210,181
211,119
211,178
211,198
211,223
213,112
213,244
215,99
215,160
217,298
218,83
219,27
219,196
219,242
219,255
221,226
222,16
222,115
226,248
226,263
227,277
228,139
228,225
229,208
231,200
231,243
233,218
235,110
236,134
237,2
241,180
241,186
243,17
243,251
245,67
246,295
247,74
247,193
249,3
251,58
251,211
252,130
252,141
254,142
259,135
259,138
259,144
259,199
261,171
261,207
261,230
264,176
265,120
266,116
267,64
269,275
271,204
272,121
274,18
274,226
275,289
276,63
276,130
276,228
279,4
281,182
281,299
283,137
285,280
286,299
287,127
287,147
287,152
287,271
289,238
290,6
291,117
291,212
293,62
293,154
293,165
294,145
295,274
295,288
297,155
