source,target
0,57
0,132
0,149
0,231
1,151
2,291
5,17
6,13
6,200
6,201
6,295
7,65
7,101
7,235
10,31
14,92
14,247
15,112
15,231
15,271
16,53
16,270
17,3
17,173
19,138
20,232
21,28
23,129
23,266
24,30
25,11
25,296
26,35
29,89
32,63
33,131
35,129
36,259
37,175
38,273
39,195
41,187
42,210
43,282
44,188
46,276
47,247
48,120
48,224
49,31
49,212
49,297
50,150
54,283
56,29
57,99
57,299
58,225
59,256
60,17
60,77
61,175
61,248
62,271
64,52
65,124
66,192
66,194
67,80
67,184
68,83
68,147
70,96
71,157
71,269
72,27
72,147
73,65
73,95
74,144
75,166
76,298
77,258
78,14
78,170
78,276
79,3
81,51
81,252
82,152
82,208
83,148
83,238
83,278
85,113
85,257
86,78
87,5
87,67
87,102
90,254
92,245
93,100
93,110
94,195
103,110
104,188
106,20
106,113
106,203
107,60
107,106
107,119
108,131
108,223
109,7
110,226
111,34
114,288
115,136
116,295
117,264
118,165
118,214
119,181
119,275
121,88
121,272
123,9
123,221
125,15
125,134
126,253
126,262
129,89
131,161
133,205
133,207
136,130
136,158
137,230
138,185
140,6
142,182
144,97
144,191
144,217
144,260
145,105
145,267
146,122
146,274
151,190
151,213
152,277
153,280
154,265
154,292
156,64
156,125
156,272
157,86
158,96
159,177
159,196
160,45
162,141
162,172
163,16
163,171
165,74
166,246
166,290
167,62
168,237
168,282
169,53
170,128
172,137
174,162
174,241
175,12
179,130
180,174
182,227
183,168
185,149
185,215
186,4
186,146
192,279
193,228
193,234
196,44
196,61
197,23
198,55
199,68
200,0
200,18
202,75
204,239
205,40
205,127
205,156
208,254
210,59
211,183
211,189
218,154
219,206
222,67
222,289
223,122
223,163
224,98
224,191
225,229
228,139
228,169
229,219
230,94
230,244
230,261
233,64
235,108
235,178
235,265
235,291
236,20
237,285
238,115
239,23
239,28
239,30
239,258
240,255
242,243
243,150
243,171
243,210
244,32
244,155
244,249
245,284
247,164
247,187
248,287
249,107
251,58
252,209
252,251
255,167
255,259
258,70
260,140
261,22
261,220
262,84
262,178
263,48
265,123
267,8
267,278
268,123
270,160
272,229
273,170
274,69
274,135
275,111
277,189
279,207
279,216
280,227
280,264
281,55
283,106
284,118
284,190
284,250
285,240
286,176
287,19
288,46
290,103
290,180
290,182
290,270
293,10
294,216
295,76
296,93
296,143
297,71
297,91
297,281
299,202
299,286
