source,target
0,11
1,149
2,200
2,209
3,154
3,289
6,215
6,228
7,39
7,76
10,293
11,25
11,124
12,38
12,241
14,1
14,101
14,182
14,196
16,265
18,71
18,80
19,7
20,37
20,141
21,63
21,147
22,210
23,113
24,5
24,226
27,123
28,199
28,216
28,262
30,78
30,256
32,18
32,273
33,17
34,258
35,146
35,187
35,251
35,260
38,103
39,91
39,112
40,31
41,276
45,266
46,66
46,244
49,191
49,202
54,249
58,34
59,123
59,171
59,253
59,274
60,167
60,207
61,187
63,280
64,125
64,201
64,222
65,160
66,194
66,246
67,19
69,250
70,85
70,165
70,252
72,27
72,134
73,176
74,22
74,241
77,127
77,163
78,251
78,295
79,32
81,51
83,81
83,238
84,69
87,102
88,207
90,135
90,151
91,52
91,56
93,167
94,153
98,117
99,90
100,23
101,140
102,96
102,273
103,55
103,100
103,150
103,267
103,278
104,55
105,297
106,60
106,82
107,33
109,148
109,162
112,129
113,296
114,279
115,126
116,95
116,263
117,211
118,47
118,83
118,214
121,10
122,111
125,26
125,107
125,255
126,92
127,15
127,21
129,223
130,18
130,46
130,208
131,198
132,188
133,231
133,285
135,8
135,114
136,110
136,161
136,179
137,120
137,290
138,53
138,142
138,205
138,239
140,189
140,237
142,11
142,186
146,9
146,217
147,151
152,57
152,264
152,283
153,26
153,250
154,249
156,95
158,173
159,58
162,236
162,288
164,44
164,197
165,24
165,108
166,255
167,238
168,3
173,185
174,98
175,133
175,139
175,271
176,14
176,29
177,247
178,6
179,269
183,74
184,191
184,299
185,92
185,278
187,120
188,40
188,144
189,10
189,159
189,170
190,203
193,231
193,261
194,89
194,282
195,43
195,272
197,35
197,62
198,245
200,248
201,230
201,234
202,284
203,86
203,260
205,12
206,86
207,242
208,16
208,253
210,48
211,240
211,277
212,49
213,129
213,130
215,190
216,192
216,243
217,109
218,274
219,82
223,143
224,97
224,180
225,202
226,136
226,221
227,13
227,160
229,57
229,70
232,212
232,224
233,141
233,216
234,128
235,178
239,181
244,155
247,4
247,201
247,297
248,43
248,75
248,139
250,220
254,193
257,184
257,291
258,36
258,111
258,198
258,213
259,81
259,157
263,223
266,166
267,294
268,154
269,142
270,29
270,172
271,287
273,42
273,119
275,107
275,276
275,289
276,93
276,204
278,145
279,94
281,68
281,233
282,144
282,275
282,298
285,138
285,240
286,234
287,50
288,36
292,41
295,169
296,79
299,28
299,149
299,227
