source,target
1,143
1,234
2,291
3,30
3,75
4,23
5,108
8,26
10,164
13,63
15,274
18,80
22,120
22,155
23,266
25,117
25,187
26,297
27,4
27,214
28,101
30,132
30,229
32,52
32,71
32,248
35,23
35,183
36,24
36,200
39,6
40,28
43,142
44,132
47,133
47,244
50,140
56,10
57,72
57,195
57,271
59,98
59,145
61,102
62,15
62,168
63,237
64,77
64,156
65,205
66,246
69,208
69,253
70,171
71,263
72,22
73,124
73,206
74,199
76,11
76,129
78,205
79,83
79,119
80,220
81,51
81,275
83,97
85,169
86,139
88,0
89,21
90,196
91,42
91,271
92,232
95,167
95,269
96,233
97,38
98,176
98,235
98,242
100,17
100,144
101,7
101,84
101,119
101,185
101,230
102,212
103,189
103,285
105,157
107,152
109,33
110,62
110,226
111,283
112,86
113,12
114,126
116,95
116,128
117,66
118,285
121,258
122,54
122,179
122,184
122,213
122,274
123,136
123,213
125,78
126,218
127,106
127,141
127,199
129,222
130,19
130,82
130,254
131,46
131,215
134,109
137,251
138,247
138,259
138,287
141,224
142,186
142,256
143,131
144,109
146,278
149,0
150,115
152,12
152,73
152,122
154,50
154,207
155,130
156,68
156,103
157,90
159,139
159,193
160,130
160,172
160,215
161,16
161,217
163,238
165,93
169,14
169,32
171,59
172,241
172,260
173,154
173,191
173,216
176,5
177,159
177,165
179,279
180,41
180,273
180,295
182,99
182,292
183,39
183,78
186,61
187,36
188,104
188,170
189,86
189,107
189,233
190,151
191,105
191,283
192,75
196,113
197,106
197,181
198,65
200,53
200,76
202,14
202,294
203,272
204,49
209,66
210,195
212,85
213,273
213,289
215,60
215,264
217,203
217,226
218,53
219,29
219,34
219,210
220,150
220,299
221,21
221,276
222,64
223,201
223,252
224,134
224,219
224,236
224,284
225,203
226,94
226,270
227,137
227,153
228,81
229,57
229,249
231,135
231,280
231,286
232,125
232,154
235,162
235,174
237,2
238,104
238,288
239,295
240,125
241,174
241,227
243,148
243,247
245,258
249,88
249,204
250,9
250,60
250,147
251,173
251,220
252,153
252,261
253,114
254,67
255,68
255,166
257,181
261,48
262,178
262,268
265,123
267,8
267,45
268,3
268,55
268,245
269,267
271,194
275,167
275,211
276,43
277,146
278,38
278,221
279,116
280,2
280,58
280,133
280,293
281,55
282,211
282,298
284,20
284,56
287,31
287,37
287,158
287,202
290,284
292,92
293,87
293,111
293,175
295,288
296,79
297,277
298,151
