source,target
0,102
0,134
1,156
2,20
2,58
5,18
5,33
5,176
6,36
6,250
7,172
8,82
9,190
11,243
12,27
13,124
13,210
14,169
19,273
20,239
23,102
23,256
24,35
25,53
25,273
28,67
28,262
30,171
30,205
31,85
33,109
35,184
36,46
38,228
39,212
41,21
41,32
42,41
42,123
44,266
45,266
47,11
47,146
47,244
48,164
49,161
51,29
53,169
53,226
56,37
57,201
57,271
58,34
60,26
60,129
60,268
61,299
65,103
66,21
66,40
66,60
67,77
67,281
68,39
68,118
68,239
68,264
70,22
70,163
70,261
71,91
71,157
73,91
73,188
74,64
76,131
76,277
76,282
79,72
80,220
81,49
82,122
84,246
86,182
87,54
88,25
88,134
88,137
88,280
93,235
94,200
95,15
96,272
97,241
99,14
100,7
104,96
105,100
105,182
106,82
106,113
106,267
108,65
108,152
109,274
110,62
110,236
111,94
112,213
113,213
117,126
117,298
118,261
118,284
120,162
120,174
121,194
124,11
125,65
125,203
126,24
126,114
126,135
127,199
128,48
128,68
130,78
130,80
131,143
131,279
132,114
134,59
134,127
136,164
138,133
138,137
139,144
139,168
140,81
141,116
141,224
141,233
141,252
142,56
142,254
144,48
144,90
145,274
145,278
146,93
150,265
150,293
152,193
153,117
153,227
154,296
155,297
156,181
156,259
159,38
159,105
160,26
162,242
164,297
165,280
169,96
169,295
170,177
170,191
172,1
173,136
175,271
177,44
179,130
180,155
181,291
183,211
184,189
184,219
186,19
187,277
189,89
190,55
191,234
192,75
193,0
193,55
194,215
195,210
196,269
197,98
198,107
199,178
200,237
201,238
204,27
206,73
208,42
209,115
211,89
213,151
214,212
215,99
216,133
216,158
216,217
218,233
219,142
220,141
220,148
220,283
222,113
222,141
223,289
224,147
225,270
226,209
227,83
229,287
230,108
230,202
231,204
231,232
232,248
232,294
235,56
235,110
235,260
236,276
237,16
237,63
237,101
237,139
240,125
241,119
241,227
242,243
244,107
246,295
247,4
247,74
247,185
247,230
248,88
248,149
248,192
248,245
250,201
250,221
250,231
250,286
251,198
253,50
253,59
253,167
255,157
255,166
256,92
257,189
258,159
263,87
263,258
264,98
264,186
265,36
265,85
268,223
269,71
269,76
270,43
270,61
273,49
273,181
274,10
274,17
275,87
276,128
278,52
278,69
278,71
279,16
279,72
281,15
281,154
281,207
283,44
283,129
285,2
287,78
288,251
289,3
289,29
289,30
289,153
290,249
292,173
296,47
299,75
299,249
