source,target
0,176
1,108
1,143
1,228
2,58
4,264
7,153
7,221
8,82
9,158
10,234
12,104
13,238
17,60
18,5
18,189
19,42
21,155
23,207
23,225
23,295
28,12
28,205
28,253
30,185
31,54
32,83
32,168
34,98
35,22
35,271
36,239
38,25
38,71
38,223
39,181
40,135
41,169
42,41
45,266
46,276
47,193
48,162
49,174
51,81
52,32
52,147
52,273
53,263
55,99
55,137
55,191
57,292
58,74
59,190
60,66
63,156
65,103
66,62
67,281
74,139
75,226
76,131
76,233
77,222
77,253
78,3
80,12
82,31
82,203
82,283
84,33
85,117
85,165
86,30
90,20
93,296
94,7
94,10
97,109
100,23
101,15
101,142
102,91
103,55
103,110
103,278
106,109
106,148
106,150
107,33
107,152
107,198
108,76
108,87
108,211
111,37
111,80
112,2
112,199
115,69
115,209
117,219
118,96
119,18
119,167
120,66
121,1
121,286
123,261
124,88
124,116
124,270
125,45
126,262
128,125
129,35
130,229
133,108
133,287
134,7
134,227
134,236
135,267
137,101
137,170
137,290
138,128
138,133
138,220
139,284
140,260
141,27
141,50
142,32
142,100
144,95
144,238
146,158
146,245
147,197
148,113
149,75
150,78
150,105
150,294
155,212
156,61
156,194
157,0
157,196
159,177
159,184
161,53
162,57
163,216
166,144
169,264
170,44
171,39
172,136
172,243
173,34
173,179
173,219
173,257
174,11
174,122
174,176
174,232
176,14
176,179
178,50
178,172
180,20
180,88
180,140
181,29
181,290
182,78
182,247
183,21
184,191
185,291
186,154
187,241
188,43
188,73
188,159
189,76
190,56
190,170
192,70
194,210
197,217
198,40
200,16
200,186
202,3
205,121
208,6
208,160
209,139
212,102
212,214
212,232
213,77
213,151
216,52
218,230
219,81
223,48
223,212
223,249
224,97
224,132
224,164
226,145
226,215
228,38
228,72
228,169
229,31
229,118
230,28
230,144
230,244
231,74
231,240
232,193
234,59
235,65
241,61
243,171
246,260
247,107
247,201
247,254
248,87
248,195
250,6
250,24
250,79
250,147
250,192
251,96
252,148
253,126
255,237
255,277
255,285
257,26
258,149
259,19
261,16
261,146
262,206
263,92
263,129
264,215
265,124
267,64
267,114
268,173
269,165
270,94
270,194
271,299
272,287
274,9
275,298
276,93
277,146
279,116
280,224
281,60
281,157
281,297
282,218
285,90
287,68
287,127
287,204
289,202
290,175
291,64
291,229
291,235
292,242
293,111
295,89
295,231
295,239
295,282
296,186
298,141
298,288
299,182
299,256
