source,target
0,70
0,71
0,189
1,12
1,29
1,48
1,157
2,193
5,30
7,15
8,49
8,169
9,91
9,111
10,74
12,23
14,178
14,183
17,85
17,113
18,25
18,47
18,164
19,88
20,9
20,62
20,192
21,173
22,181
23,138
24,138
25,13
27,133
30,175
31,41
31,55
32,129
33,114
33,154
34,194
35,84
36,57
37,81
38,40
38,92
39,107
39,170
39,196
41,131
42,109
42,146
42,177
43,174
44,29
45,75
45,115
46,110
46,124
46,144
50,8
53,14
54,174
55,16
56,122
58,27
58,142
58,176
59,19
59,61
60,146
64,120
64,123
65,79
65,184
67,39
67,114
73,132
74,6
74,49
74,106
76,119
77,133
79,151
80,58
81,69
81,191
82,116
83,134
84,12
84,140
85,10
86,108
86,168
86,184
91,93
91,187
93,26
93,149
93,155
93,171
94,137
96,56
97,21
98,66
98,141
99,28
99,139
100,6
102,86
103,32
103,180
106,95
107,27
109,124
110,25
110,40
110,89
112,37
114,3
115,5
115,89
117,59
117,90
117,197
118,36
118,50
119,196
121,156
122,195
123,87
124,190
126,177
131,78
132,87
132,105
132,127
132,186
133,52
134,59
134,167
135,172
135,188
137,116
137,163
139,15
139,72
139,136
139,144
140,128
141,4
141,102
143,121
145,172
146,104
147,13
148,11
150,118
150,125
151,179
152,158
153,65
153,68
153,134
153,191
156,150
157,80
158,127
159,31
159,51
160,28
161,194
162,73
170,166
171,0
175,1
176,17
179,76
179,103
179,193
181,130
182,148
182,162
182,188
183,72
185,46
185,101
186,23
186,165
187,137
188,130
189,54
189,63
189,112
189,131
191,34
195,45
196,173
198,192
199,190
