source,target
0,54
1,24
1,196
3,132
4,135
5,115
6,180
8,164
9,114
10,176
13,172
16,41
20,95
20,197
21,81
21,119
21,134
22,68
22,176
23,161
24,11
24,23
24,67
25,4
25,13
25,116
25,164
25,166
26,194
27,128
28,182
29,130
29,138
30,95
30,175
31,57
32,179
34,27
34,106
35,171
37,36
38,48
39,69
39,167
39,197
41,2
42,142
42,155
42,177
43,7
45,76
47,0
49,160
50,101
52,65
52,86
52,146
58,80
58,112
60,121
60,142
61,6
62,137
63,105
64,122
65,195
66,64
66,199
68,15
68,87
69,1
69,76
72,78
74,49
74,101
75,44
77,152
78,55
78,117
78,156
78,189
79,47
80,61
82,74
84,143
84,146
87,91
89,44
89,59
89,62
90,156
91,17
91,29
92,149
93,56
94,33
94,106
96,196
97,53
99,67
100,190
102,40
103,25
104,188
105,46
105,158
107,51
107,120
107,126
108,168
109,145
112,153
115,71
115,123
115,150
118,12
120,147
120,154
121,31
121,63
121,157
122,88
122,119
124,26
125,42
126,97
126,113
128,140
133,0
133,38
133,52
133,93
133,103
134,3
134,7
134,109
134,141
135,98
135,139
136,10
138,102
138,170
139,62
139,148
140,22
141,72
141,73
141,173
144,136
146,12
147,21
148,14
149,111
150,117
151,20
151,198
152,35
152,129
156,127
158,82
158,188
160,52
161,66
162,83
163,28
165,110
165,181
168,13
168,18
169,53
170,89
170,100
171,192
172,124
173,41
174,84
178,65
179,153
180,187
181,107
182,162
182,185
182,191
183,159
184,112
186,130
187,19
187,193
188,70
188,131
189,36
189,133
189,183
191,88
193,15
193,192
196,9
197,85
197,149
