source,target
2,195
3,170
4,187
6,180
6,186
8,188
9,115
10,11
11,4
14,39
14,130
15,44
15,97
16,121
16,160
17,54
18,49
19,31
20,187
21,75
22,17
22,176
23,24
24,138
24,148
26,180
27,166
28,135
30,147
30,168
31,78
31,89
31,197
34,107
34,148
35,116
40,82
40,165
40,178
41,12
42,55
46,40
47,52
47,175
48,15
50,134
51,134
52,172
57,36
57,129
58,25
58,90
58,155
58,176
59,50
59,56
59,117
60,177
62,83
63,127
65,102
66,111
68,167
69,122
71,143
72,1
72,183
73,150
76,106
77,158
77,178
78,21
79,67
79,94
82,70
85,33
85,74
86,146
87,89
87,191
88,58
89,139
90,55
90,68
90,125
91,138
92,159
93,3
94,119
95,20
95,36
97,66
97,113
97,126
97,144
97,170
99,131
101,63
102,7
102,192
103,45
103,128
103,198
104,164
105,80
107,6
107,19
108,32
109,42
110,141
112,35
112,37
113,46
115,99
116,22
117,98
117,104
117,156
119,160
120,196
121,60
121,71
122,95
123,73
123,84
123,95
123,101
127,53
127,162
128,12
128,18
128,52
131,5
131,73
132,34
132,137
133,32
133,145
133,173
136,1
140,85
140,152
141,114
141,163
144,96
145,124
146,65
148,14
148,40
149,80
149,197
151,155
153,29
153,152
154,120
156,43
159,149
160,81
161,13
162,23
163,72
164,47
166,194
166,199
168,93
168,171
169,147
170,157
173,16
173,142
174,140
175,28
175,48
175,68
175,83
177,14
178,106
179,103
180,38
180,195
181,79
181,100
182,81
183,74
183,132
184,129
185,193
189,0
189,64
189,133
189,188
190,13
190,174
192,69
193,50
196,51
197,61
199,118
199,136
