source,target
0,17
1,6
1,28
1,45
1,148
1,196
3,42
3,121
4,24
4,181
5,30
7,39
7,122
7,135
7,185
9,100
9,193
11,1
12,90
13,133
14,187
15,94
16,123
17,113
17,161
18,103
18,147
19,55
20,151
21,139
22,99
22,116
24,11
24,35
25,74
26,194
27,13
27,128
29,51
30,57
31,41
31,117
32,179
33,114
35,110
36,95
38,50
41,21
41,162
43,67
43,137
44,28
44,29
44,92
47,115
48,100
50,61
50,118
52,83
53,7
55,31
56,36
57,87
60,146
63,70
64,10
64,112
64,174
65,52
68,64
69,191
70,158
73,188
74,35
74,161
75,45
76,106
76,159
77,80
78,132
80,123
81,82
82,39
84,86
85,10
86,79
86,140
87,27
87,91
87,141
90,16
90,149
91,33
91,134
92,88
92,104
95,81
95,94
96,144
97,126
98,173
99,165
101,63
102,180
102,193
105,70
106,96
107,15
108,168
108,179
109,49
111,71
112,34
112,131
112,155
114,185
116,143
118,12
121,0
122,2
124,145
125,58
125,160
126,98
126,120
127,77
127,170
129,162
130,192
131,89
131,150
132,60
135,119
135,175
136,125
137,14
138,19
139,62
139,148
140,20
142,83
144,72
144,110
147,8
148,176
149,93
149,142
151,198
152,116
154,66
156,172
157,199
159,23
160,142
160,178
162,163
164,18
165,25
165,46
165,153
166,152
167,46
168,97
169,184
171,102
172,59
173,186
174,189
175,68
177,115
180,47
180,49
182,188
183,18
183,105
184,65
184,73
186,84
187,4
188,71
189,101
190,40
190,43
190,102
190,124
190,132
191,37
191,66
192,119
194,22
195,109
196,53
196,178
197,37
197,54
197,59
197,85
198,157
199,44
