source,target
1,10
1,16
2,84
3,4
3,6
7,18
9,63
13,5
13,59
13,73
14,45
15,1
15,80
16,29
17,38
18,24
18,27
18,37
18,77
18,89
20,48
20,53
25,40
25,69
25,91
26,65
28,13
30,54
30,99
31,9
31,79
31,92
32,55
33,28
33,51
33,54
34,19
35,39
36,5
36,50
36,67
38,49
38,61
39,0
39,82
39,96
41,66
41,76
42,25
43,12
43,23
43,27
44,56
46,83
48,16
48,33
49,35
52,20
54,90
55,45
55,71
60,8
60,74
62,47
63,3
63,19
64,91
65,64
67,31
67,41
67,88
68,11
68,41
70,58
70,97
71,94
72,44
72,78
74,52
74,64
75,36
75,71
75,81
77,0
77,78
78,22
79,70
82,98
83,26
84,32
85,96
86,46
86,57
87,17
88,62
93,89
94,21
98,88
99,95
