source,target
0,77
1,10
1,58
3,63
7,15
8,82
9,32
11,46
11,49
13,54
13,85
14,99
15,4
15,80
16,1
16,29
16,38
17,22
17,87
18,59
18,81
20,11
20,53
22,41
23,27
24,43
24,78
25,45
25,69
27,0
28,94
31,71
31,86
33,46
35,37
36,75
39,2
39,20
39,68
39,79
40,60
41,67
42,93
43,55
45,10
46,83
47,98
48,16
48,19
49,26
49,35
49,36
51,26
52,25
55,92
56,62
58,70
59,40
59,84
60,74
61,38
63,88
65,5
65,9
65,30
65,71
66,39
66,95
67,3
67,12
67,90
69,42
70,17
71,75
72,44
72,64
73,66
74,13
74,91
75,76
77,52
79,50
80,89
81,34
86,23
86,57
88,6
88,54
88,62
88,82
88,97
92,31
92,80
94,8
94,21
96,64
96,85
98,35
99,84
