source,target
0,4
0,11
1,16
3,9
3,13
3,58
5,73
9,31
11,6
11,36
13,85
16,29
16,38
16,49
18,57
19,48
20,0
23,75
24,78
24,84
25,40
30,54
32,80
32,84
33,60
33,63
34,81
35,89
36,49
39,91
39,96
40,7
41,12
41,22
41,66
43,12
43,28
45,70
47,28
48,33
50,60
51,17
51,20
52,67
52,74
53,93
54,33
54,41
55,35
55,82
56,1
58,16
58,27
59,2
62,53
64,77
65,15
65,25
65,26
65,46
66,14
66,55
66,94
67,3
67,90
68,37
68,65
68,73
68,98
69,72
70,79
70,95
71,32
72,44
72,63
76,94
79,99
80,8
80,15
81,77
82,39
83,56
86,23
86,57
86,71
87,17
88,10
88,62
88,97
92,43
93,2
93,42
93,52
93,61
94,21
96,64
96,88
99,25
99,30
