source,target
0,11
2,66
2,84
4,15
6,48
6,72
8,1
8,10
9,31
9,63
10,26
10,45
11,46
12,67
13,36
15,7
15,65
16,29
17,79
20,53
20,54
22,74
23,43
23,86
25,40
25,81
26,51
28,32
29,33
30,77
30,99
32,70
33,19
33,86
35,49
35,89
36,5
36,78
38,49
39,35
39,65
40,7
40,60
41,66
41,68
43,9
43,27
43,52
47,87
50,41
51,20
52,82
55,82
56,36
58,1
59,13
61,38
61,93
62,47
63,88
64,75
66,94
68,24
68,37
68,39
68,69
68,73
70,97
72,34
72,44
72,90
74,52
75,12
75,17
75,62
76,94
79,50
80,8
83,56
86,46
86,57
88,71
88,91
89,18
89,80
90,4
91,92
91,96
93,42
94,21
95,16
95,70
96,64
96,85
98,47
99,3
99,13
99,14
99,95
