source,target
0,11
1,16
1,56
1,58
2,59
8,80
8,94
9,32
10,49
12,20
12,22
12,33
13,3
14,94
15,1
15,4
15,7
15,91
16,38
18,37
18,81
18,86
19,10
19,82
20,6
20,23
20,51
23,17
23,24
23,35
23,72
24,43
25,81
27,18
28,78
31,92
31,95
33,29
33,63
34,40
35,98
36,5
36,11
36,75
39,2
44,95
45,25
45,41
46,65
46,83
47,28
48,19
50,45
50,60
52,41
55,24
59,46
59,78
62,53
64,72
65,26
65,64
67,13
67,66
68,96
70,9
70,79
71,5
71,14
72,69
73,22
75,62
76,75
77,74
78,77
80,15
82,8
82,30
84,6
85,36
85,96
86,57
86,71
86,79
87,47
90,4
90,40
90,54
93,39
93,42
93,44
93,61
93,89
94,21
96,88
97,88
98,68
99,3
99,84
