source,target
0,27
3,4
4,0
6,3
7,18
8,1
8,92
9,63
10,8
10,19
14,57
16,49
17,23
17,38
17,70
17,87
18,15
18,39
18,61
18,89
19,34
20,30
21,94
22,26
23,13
23,43
23,88
24,84
25,42
25,45
25,84
26,51
26,65
27,58
29,33
32,9
32,22
33,28
33,60
36,75
37,35
37,68
39,2
39,20
39,93
39,99
40,34
40,90
41,67
43,12
44,56
45,14
45,41
46,83
47,87
49,10
50,60
50,64
50,79
52,7
54,86
58,16
60,95
62,53
65,39
65,68
67,52
68,55
68,98
70,59
72,6
72,44
72,85
73,37
73,66
74,50
75,81
77,18
77,74
78,77
79,5
79,31
80,11
80,32
81,25
82,36
82,48
82,91
88,54
88,62
88,71
88,82
88,97
90,78
94,8
94,76
95,46
96,69
96,85
