source,target
0,11
3,43
4,15
4,66
5,13
5,78
7,15
9,46
11,45
11,73
11,80
15,1
16,48
16,49
16,58
16,93
17,57
18,61
18,86
18,89
21,94
24,18
25,77
25,79
25,86
27,0
28,32
28,33
28,47
28,94
30,20
31,8
32,84
32,92
33,29
33,54
34,19
34,40
37,68
38,61
39,82
40,25
42,69
44,72
45,14
46,83
47,87
49,26
50,3
50,10
50,74
51,26
54,20
55,97
56,62
59,6
59,46
62,47
62,53
62,76
63,39
64,74
65,25
65,91
66,2
67,12
67,33
68,60
68,98
70,58
71,5
72,63
72,69
75,17
75,71
78,10
78,77
81,34
82,19
82,35
82,36
84,22
84,41
84,99
85,13
86,23
88,67
88,96
90,50
91,92
93,52
95,16
95,31
95,59
95,66
97,70
98,35
99,14
99,95
