source,target
0,39
0,73
0,77
3,80
4,8
6,72
7,52
8,33
10,1
10,26
10,60
11,0
13,3
13,85
13,99
16,95
17,87
18,57
18,81
18,89
19,48
20,23
21,94
22,12
24,18
24,68
25,45
25,77
25,86
26,22
26,51
27,18
32,92
33,28
34,40
35,49
35,98
36,90
37,73
38,16
39,35
39,65
39,75
41,24
41,76
41,78
43,27
44,56
46,63
47,98
48,20
48,97
50,90
50,99
52,74
53,93
56,1
56,83
57,17
58,70
60,6
60,82
61,38
62,75
62,88
63,3
63,67
64,50
65,46
66,6
67,5
67,33
67,41
67,54
69,42
69,96
70,32
71,64
72,9
72,31
74,13
74,60
74,91
75,29
77,30
79,23
79,34
82,55
84,59
88,96
91,15
92,91
93,2
93,44
94,71
95,58
95,59
99,14
99,79
