source,target
0,27
0,39
1,16
3,6
3,50
4,0
5,73
7,40
8,60
9,43
12,43
13,68
14,20
16,29
17,23
17,75
18,45
22,26
22,41
23,32
23,35
23,95
24,2
26,51
26,83
28,8
28,48
28,54
31,33
31,92
32,22
32,55
32,70
34,72
34,81
36,11
36,49
36,85
37,68
38,16
39,66
41,76
44,95
45,49
45,58
46,33
46,86
47,94
47,98
48,69
48,82
49,10
49,38
50,45
50,63
50,64
52,74
53,93
54,67
55,24
57,14
59,40
59,78
61,18
62,53
62,56
63,88
64,71
64,96
65,15
65,25
65,30
66,28
66,73
67,31
70,9
70,84
71,65
71,94
71,99
72,20
72,78
72,90
73,13
73,74
74,77
76,62
79,34
80,3
82,19
82,91
87,17
89,35
90,46
92,80
93,42
93,61
94,21
97,55
