source,target
0,77
1,8
1,16
3,13
4,15
4,66
5,79
6,75
7,52
8,4
8,28
10,26
10,88
11,0
11,45
11,80
12,82
13,23
13,85
14,45
14,97
15,91
16,49
16,82
18,61
20,39
21,94
22,32
26,51
26,83
28,48
29,16
31,86
32,9
32,28
32,92
33,19
33,95
34,72
35,37
35,89
36,11
39,2
39,18
39,70
40,59
40,60
41,52
41,78
42,69
43,9
44,93
54,33
54,41
54,90
56,1
56,62
57,14
58,95
59,84
61,38
62,53
63,64
63,67
65,30
66,13
66,14
66,55
66,73
66,94
67,90
68,24
68,96
68,98
69,25
71,99
72,6
72,20
74,50
74,68
76,62
78,36
79,27
79,80
79,86
80,17
81,25
81,34
84,2
84,50
87,17
88,71
89,18
91,74
95,44
95,46
98,47
99,30
99,84
