source,target
1,15
1,56
4,3
5,36
8,1
8,4
8,92
9,72
10,8
12,22
12,85
13,67
13,99
14,94
16,29
16,49
16,58
16,82
17,51
17,75
17,87
18,7
18,27
18,37
18,45
18,57
18,77
20,0
20,53
22,74
23,35
23,72
24,18
24,23
25,65
27,79
31,33
33,60
34,19
35,89
35,98
36,67
38,49
39,18
39,63
39,75
43,24
45,11
48,66
52,20
52,93
54,86
55,22
59,2
60,40
60,68
62,56
63,19
64,50
65,26
65,30
66,32
66,95
67,28
68,39
68,84
69,42
70,9
71,31
71,65
73,13
75,81
76,62
76,94
78,10
78,46
78,90
79,50
82,48
83,46
84,6
84,41
85,96
86,79
88,98
89,80
89,93
91,52
92,43
93,44
93,61
94,21
95,59
95,71
96,69
96,91
97,88
98,47
99,25
