source,target
1,55
1,96
2,74
3,25
3,65
4,83
5,90
7,5
13,60
14,29
14,88
15,31
15,38
15,41
15,89
17,92
18,76
18,93
19,32
21,22
21,99
24,50
25,79
27,38
28,45
28,56
29,4
33,75
34,11
34,43
34,70
36,6
37,16
37,71
39,49
40,98
41,43
43,49
43,80
44,3
44,24
44,86
44,94
46,19
47,27
51,23
51,93
52,59
52,82
54,62
55,30
56,10
57,68
59,35
59,58
61,13
62,7
63,12
63,13
63,44
64,34
64,68
65,10
66,37
69,1
70,73
70,84
71,98
72,0
72,6
72,19
72,26
72,65
74,72
75,64
75,95
76,47
77,17
78,2
79,40
80,20
80,81
82,48
84,59
84,63
85,11
85,53
87,85
88,9
88,58
90,28
91,8
91,18
92,29
96,54
97,67
97,69
99,42
99,45
