source,target
0,72
2,6
3,56
3,79
5,86
5,88
8,91
13,46
13,59
13,61
13,70
15,52
20,80
22,57
24,33
24,39
24,95
24,98
26,19
26,41
26,90
28,52
28,99
29,14
29,32
31,18
31,44
31,62
32,8
32,13
34,11
34,44
35,96
37,3
37,66
38,15
38,17
38,27
40,68
42,5
44,67
44,94
46,12
47,49
47,76
48,89
49,16
50,19
53,45
54,31
56,25
56,73
57,47
57,51
57,53
59,7
62,30
62,35
63,2
63,24
65,10
65,23
65,68
65,72
65,79
67,55
68,64
70,36
70,43
70,84
71,50
73,74
74,4
74,82
75,1
76,37
76,97
77,53
77,85
78,9
80,81
83,87
84,60
84,63
86,18
86,48
87,94
90,20
90,28
92,29
93,26
96,1
96,22
96,58
97,69
98,40
98,78
99,21
99,54
