source,target
0,23
0,50
1,67
4,29
4,83
4,87
5,88
6,51
8,21
8,54
10,40
10,80
11,34
12,46
12,71
13,27
14,29
15,8
15,38
17,77
19,46
20,19
22,21
23,51
24,98
27,5
27,18
27,47
27,93
29,32
30,22
31,28
31,48
32,73
36,34
37,79
40,68
41,43
42,45
42,82
42,99
44,25
44,31
44,86
47,41
48,62
48,89
48,92
49,16
49,47
50,74
51,33
52,59
53,26
54,27
55,12
56,93
57,13
57,66
59,7
59,35
59,58
61,13
62,42
62,59
65,10
66,37
67,78
68,3
68,57
68,64
70,43
70,69
72,60
72,65
75,2
75,20
76,60
77,4
78,6
79,39
79,55
79,78
79,96
81,80
82,96
84,11
84,63
85,11
85,53
85,81
87,94
88,9
90,28
91,25
94,44
97,76
98,71
98,95
