source,target
0,3
0,23
1,55
1,69
2,6
4,99
5,90
7,42
8,91
11,38
15,89
16,63
16,78
19,46
20,26
20,75
21,8
21,99
22,30
25,35
26,90
28,21
29,48
29,77
30,0
31,27
31,28
31,56
32,29
33,98
34,1
34,36
34,43
34,44
34,64
34,70
34,97
35,96
37,71
37,78
39,79
40,70
41,15
41,26
41,47
42,45
42,82
44,24
44,31
46,39
47,49
47,66
47,93
48,27
48,86
51,33
52,15
52,57
59,58
59,62
60,50
60,80
61,13
63,13
63,25
65,40
68,1
68,23
70,59
72,73
72,84
74,88
76,97
77,53
78,2
78,38
78,67
78,84
79,65
80,10
82,52
82,54
83,87
85,77
85,81
87,17
87,18
87,94
88,10
88,14
88,34
92,7
93,18
93,51
95,75
96,22
97,12
98,9
98,32
