source,target
1,69
1,96
2,6
2,75
3,10
3,44
4,83
5,54
7,5
8,74
11,34
11,84
13,32
13,61
13,73
15,38
15,89
18,86
19,26
22,21
22,30
23,0
25,37
25,56
26,12
26,20
26,52
27,47
28,91
31,28
32,40
34,36
34,68
37,16
37,66
37,78
37,79
38,11
38,77
38,91
39,33
39,46
40,57
41,15
41,97
42,45
44,94
46,19
47,66
48,31
48,90
51,24
51,49
52,48
53,85
54,82
57,67
59,58
59,84
60,2
60,9
62,7
63,78
64,20
66,49
67,43
67,55
67,98
69,23
69,41
70,1
71,12
72,50
72,60
74,72
74,82
75,25
76,18
76,97
77,53
79,39
79,57
79,65
81,80
82,29
83,87
88,14
88,58
88,80
92,17
92,42
92,62
93,51
94,87
95,33
96,35
99,4
99,21
99,42
