source,target
5,42
8,74
10,65
11,85
12,55
13,60
13,61
14,29
15,25
15,28
17,77
18,44
18,86
19,13
20,90
23,51
23,72
24,39
26,19
26,93
27,5
28,21
28,45
28,99
30,59
32,29
32,54
33,24
33,50
34,11
34,73
35,55
35,80
35,92
36,6
38,44
41,47
41,93
43,16
43,35
44,24
44,31
44,36
44,63
44,94
45,53
45,92
48,89
49,66
53,26
54,52
54,59
54,82
56,3
56,41
57,22
57,40
57,66
58,88
59,7
60,76
64,75
67,98
68,57
68,70
70,43
70,69
71,12
71,46
72,0
72,1
72,34
75,2
75,20
75,23
76,18
78,32
79,37
79,57
79,65
83,4
85,81
86,5
87,17
87,18
87,83
88,74
88,80
89,15
90,62
91,38
92,82
93,81
96,79
97,67
98,9
98,33
98,84
98,95
