source,target
0,3
2,9
2,20
2,33
2,63
5,7
6,36
9,88
10,56
12,71
13,32
13,46
13,60
13,61
14,4
15,28
15,44
16,78
17,77
23,0
25,91
26,12
26,78
27,18
27,38
28,41
28,45
28,99
30,40
31,54
34,1
34,11
34,57
34,68
34,70
38,17
38,91
39,49
40,98
41,97
43,93
47,76
48,89
49,16
50,2
50,71
51,23
52,18
54,82
57,13
57,22
57,53
57,67
59,58
60,80
62,7
62,48
62,54
66,37
66,47
66,57
68,3
68,64
72,6
72,19
72,65
72,74
73,72
74,50
75,20
77,53
79,55
79,68
80,35
82,29
82,42
82,86
83,4
85,81
87,44
87,83
88,34
88,84
89,15
90,62
91,8
92,82
93,27
93,81
94,87
96,22
96,58
97,10
97,43
97,69
98,24
98,73
98,95
99,21
