source,target
0,23
0,30
2,75
3,0
3,10
3,56
4,83
5,7
5,42
12,63
13,19
13,61
13,73
15,38
15,89
19,46
22,21
22,30
24,33
24,39
24,95
25,35
27,90
28,32
28,91
29,14
29,59
29,82
31,87
32,8
32,29
32,40
35,55
36,44
37,3
37,66
38,78
39,49
41,15
41,56
41,69
41,97
42,45
42,92
42,99
44,25
44,86
44,94
45,62
49,16
49,47
51,24
54,31
54,62
55,1
55,79
55,82
60,2
60,9
60,80
63,19
64,68
65,10
65,43
68,1
68,70
70,34
71,12
71,50
72,23
73,69
74,88
75,20
76,37
77,4
77,53
78,2
78,6
78,26
78,67
78,84
79,57
79,96
81,53
81,93
82,52
84,98
85,11
87,17
87,18
87,81
87,85
88,14
90,33
92,48
93,41
93,47
96,54
96,58
