source,target
2,72
2,97
3,25
3,37
4,14
4,77
4,83
5,86
8,32
9,35
10,56
10,80
11,84
12,72
13,60
13,61
13,70
15,31
16,63
18,76
18,86
19,26
19,46
19,50
20,2
20,90
22,55
23,0
23,51
23,65
25,63
25,71
26,12
27,18
27,38
27,47
28,21
32,78
34,64
35,43
35,92
38,44
39,24
41,34
41,93
42,62
42,99
43,49
44,15
44,36
44,94
45,42
45,53
47,66
48,28
48,90
52,18
52,54
55,1
55,82
57,40
59,30
59,62
59,70
60,41
60,71
62,7
65,79
72,6
73,13
74,88
75,64
77,29
77,85
78,1
78,16
78,67
78,84
78,98
79,10
79,39
79,40
79,68
80,20
80,81
87,17
87,83
88,59
89,48
90,33
91,8
92,45
93,27
94,87
96,22
96,58
97,34
97,69
98,95
