source,target
0,52
0,100
0,163
1,57
1,139
1,187
1,198
2,96
2,100
2,135
3,2
3,141
5,182
6,40
7,76
8,102
8,145
13,3
13,94
14,187
18,160
19,172
20,51
21,190
22,114
22,140
24,145
24,191
25,127
25,167
26,112
26,160
27,88
28,11
30,150
31,146
33,124
36,56
37,188
38,154
39,188
39,194
40,173
42,43
43,32
43,69
45,181
47,123
48,184
49,141
51,48
51,119
53,68
54,63
55,128
56,51
57,192
58,67
58,136
58,137
59,120
59,128
60,72
61,155
62,73
64,73
64,79
65,41
66,21
66,149
68,69
68,136
69,134
71,7
71,22
71,39
74,1
74,24
74,50
77,197
78,30
78,98
79,108
82,147
83,110
84,12
85,0
86,7
87,97
87,159
88,13
89,179
91,149
94,195
95,65
98,162
98,186
101,63
103,158
104,24
104,190
104,197
105,109
106,114
108,70
109,5
109,15
109,126
110,62
111,42
111,116
112,35
113,133
114,23
115,86
117,175
118,198
120,18
120,101
121,30
122,97
125,18
125,127
129,9
130,186
132,52
132,177
133,27
133,46
135,36
135,65
135,147
135,151
136,99
136,169
137,14
138,20
138,158
139,82
139,174
142,101
142,176
144,25
144,155
146,28
146,156
147,81
148,185
152,117
154,180
155,143
156,152
157,125
157,129
157,170
161,177
162,45
162,99
163,80
164,138
165,16
165,92
166,85
166,123
166,153
171,118
171,124
171,189
172,38
172,92
172,117
173,58
173,199
174,12
178,6
178,110
179,93
179,131
179,178
179,180
180,17
180,72
182,122
183,115
185,47
185,107
187,4
187,75
189,34
191,29
193,59
194,10
194,90
194,113
194,120
194,168
196,44
196,74
196,122
