source,target
0,36
0,52
1,187
2,100
3,195
7,86
7,143
7,163
10,170
10,194
13,2
14,83
15,10
18,22
18,114
19,44
19,95
20,115
23,9
23,21
23,188
25,5
26,59
26,112
27,14
27,165
28,11
29,158
30,139
32,70
33,71
36,98
39,146
39,193
41,161
42,37
47,144
50,24
50,78
51,25
51,56
51,106
51,119
52,167
53,31
53,68
55,16
57,126
58,184
63,75
65,27
65,77
66,28
67,63
69,90
70,102
71,88
71,157
72,4
72,38
72,60
73,51
73,62
74,1
75,54
76,66
77,189
77,197
78,30
78,198
79,55
79,144
79,186
81,32
86,149
86,177
87,34
88,13
89,169
91,136
92,3
92,85
95,17
95,61
96,151
96,168
98,152
98,162
100,107
102,35
102,120
103,191
104,39
104,72
104,84
104,153
105,89
106,91
107,43
107,50
109,6
110,12
110,26
111,176
112,90
112,154
113,33
117,183
118,130
118,171
118,198
120,64
120,85
120,99
120,161
121,0
123,113
124,129
125,22
125,129
125,133
125,188
129,68
129,138
131,25
131,40
132,163
133,46
133,104
134,146
135,95
135,111
135,148
136,125
136,128
137,97
139,174
140,99
141,87
146,80
147,42
147,57
147,82
148,173
149,39
151,66
151,148
152,109
152,175
153,20
153,147
154,180
158,73
158,127
160,190
161,49
165,92
166,42
166,120
169,108
170,62
172,3
173,122
174,94
174,147
174,192
175,118
176,45
176,101
176,196
178,116
179,93
179,131
180,17
181,77
181,145
183,7
183,155
183,182
184,48
184,164
185,119
186,117
186,156
187,75
187,81
188,108
188,142
188,159
190,103
191,29
192,141
194,58
194,137
196,23
196,150
197,199
198,8
198,116
