source,target
0,85
0,121
2,96
3,63
3,139
4,72
5,182
6,19
6,184
7,59
10,186
13,3
14,24
15,131
15,132
16,79
17,95
18,12
19,172
20,92
22,114
23,127
23,140
25,48
26,112
29,151
29,191
31,33
33,18
33,198
34,84
35,102
36,56
36,152
38,50
38,154
39,157
40,15
40,161
41,145
42,71
42,155
43,32
45,26
45,162
47,52
47,144
50,99
50,111
53,165
53,193
54,60
54,118
54,142
55,101
55,177
57,16
57,137
58,173
59,193
61,125
63,54
66,6
68,136
69,68
69,134
74,24
74,44
74,123
77,197
78,30
80,7
82,72
82,174
82,199
85,163
85,166
86,21
87,133
89,138
90,161
91,184
92,77
93,65
93,71
94,1
94,51
94,104
94,141
94,177
95,76
96,17
96,168
97,103
97,122
100,135
102,8
102,70
103,105
104,84
104,150
105,58
105,76
105,126
106,91
107,43
109,14
111,135
113,137
114,66
114,158
115,20
116,117
118,11
119,13
120,73
120,133
120,194
123,78
124,169
125,99
125,129
126,27
128,5
129,124
130,67
130,185
132,42
133,46
136,164
138,39
138,88
138,129
139,83
140,97
141,57
142,25
142,98
142,115
143,87
143,144
143,180
145,8
145,189
146,64
146,80
146,110
147,0
148,151
149,170
150,188
152,148
153,82
155,81
155,108
155,187
156,44
156,113
156,183
157,147
159,78
160,28
161,49
162,178
163,62
164,79
165,55
166,28
166,119
167,25
170,10
171,124
172,38
173,130
175,117
176,101
176,192
178,116
179,180
181,45
185,107
187,75
187,190
188,23
188,37
189,32
189,181
190,89
191,111
192,86
194,10
194,195
195,5
195,94
196,9
196,163
197,120
198,93
199,57
