source,target
1,187
3,2
3,13
3,186
5,4
5,80
5,128
5,168
6,63
6,71
6,124
6,184
7,73
9,196
11,118
12,33
14,33
14,109
15,10
15,58
16,84
18,15
18,19
18,160
18,164
19,72
19,95
19,173
21,190
22,42
22,140
24,14
24,104
24,154
25,143
26,45
26,59
26,110
27,159
29,139
30,120
30,121
32,17
34,114
35,93
35,112
35,179
36,98
37,178
39,31
40,90
40,131
41,145
42,161
46,24
47,185
50,57
50,97
50,107
50,176
51,96
52,149
53,129
55,28
55,165
57,126
58,67
58,139
60,173
65,135
66,6
66,76
66,98
67,63
67,109
68,19
69,43
69,157
70,102
70,108
71,43
76,166
78,123
79,136
79,165
84,34
84,87
85,18
88,138
93,134
94,39
94,150
96,183
99,50
100,0
100,153
101,64
101,103
102,8
102,35
102,85
105,79
105,195
106,125
106,193
109,74
109,83
111,100
111,116
113,13
113,81
114,75
114,106
116,51
117,47
117,132
117,198
119,167
120,170
120,194
123,192
124,56
125,23
125,61
125,91
125,188
127,129
128,62
128,172
136,35
137,111
137,122
139,82
141,38
141,92
141,94
142,54
142,115
144,155
145,49
145,65
146,101
147,57
147,174
148,20
148,44
148,151
149,3
149,130
150,30
150,197
152,141
154,32
154,135
154,189
155,188
156,146
157,16
160,25
161,40
162,117
163,80
163,115
164,90
164,158
165,53
165,133
168,191
169,56
171,99
172,29
172,177
174,20
175,118
175,152
176,5
176,86
178,112
179,180
181,108
182,77
182,92
183,7
186,175
187,78
188,88
188,159
190,89
190,160
190,183
192,103
192,174
194,137
196,48
196,122
198,36
198,45
199,119
199,197
