source,target
1,63
1,187
2,105
4,146
7,170
10,197
11,60
11,128
11,179
12,33
14,145
15,51
15,71
16,44
17,32
17,88
19,24
19,25
19,40
19,68
19,148
19,151
19,172
23,127
24,30
25,167
27,14
28,11
29,77
29,158
30,26
30,59
31,58
31,97
31,138
32,81
33,31
35,70
37,53
39,194
40,131
40,173
41,135
41,189
42,123
42,161
43,107
43,179
46,133
47,3
51,73
51,119
52,0
52,2
53,56
54,142
56,133
56,159
57,50
57,146
61,125
63,54
64,120
66,98
66,114
67,160
69,6
69,134
70,43
72,4
72,12
74,52
74,154
76,7
77,45
78,198
79,140
79,144
80,149
81,96
81,187
83,110
84,45
84,93
84,178
85,0
85,102
86,21
91,49
91,124
91,152
92,74
92,122
94,13
94,39
95,41
96,150
97,103
99,137
100,111
102,8
102,35
102,118
103,191
103,192
104,6
104,84
107,141
109,14
109,105
109,139
111,42
111,65
112,180
113,10
113,64
114,75
115,7
115,20
115,155
119,165
120,18
120,61
120,62
125,23
125,86
125,106
126,27
127,46
129,138
130,182
131,22
132,117
132,163
135,36
135,147
136,128
137,122
141,48
141,82
141,166
141,190
143,181
147,132
147,157
149,63
152,36
153,104
154,38
155,143
156,89
156,113
157,16
157,121
159,83
159,185
160,115
161,101
161,177
164,34
164,90
164,114
164,184
165,55
165,59
165,92
165,171
166,9
166,116
166,188
169,124
171,108
174,162
174,176
175,91
176,78
177,47
178,112
178,156
182,5
182,183
183,85
184,76
184,95
185,87
185,130
186,79
186,197
192,47
192,153
193,158
194,16
194,168
194,174
195,94
196,151
197,150
198,93
199,82
