source,target
0,114
0,163
1,150
3,12
3,89
3,197
5,4
5,80
5,109
6,66
6,69
7,143
9,104
9,196
11,192
13,113
13,167
14,33
15,53
18,35
18,68
18,102
19,58
20,80
20,147
21,1
22,179
29,191
30,59
30,78
30,104
31,157
32,43
32,126
32,189
33,71
34,161
35,193
36,144
38,14
38,50
39,149
40,105
40,173
41,145
44,165
45,64
48,25
48,183
53,37
53,129
55,101
56,107
58,30
58,67
58,83
58,148
61,81
61,135
62,28
62,170
63,15
63,52
66,76
68,57
68,136
71,18
72,12
72,60
73,5
74,154
74,172
75,91
79,103
82,199
84,45
85,0
85,18
85,120
85,160
87,159
88,138
89,130
90,70
90,140
91,106
92,77
92,141
93,31
93,65
93,198
94,51
94,117
94,174
95,13
96,2
96,168
99,70
99,178
102,8
103,191
104,39
105,169
107,141
108,46
109,139
111,17
111,50
111,112
112,26
113,133
115,186
116,115
117,1
117,116
117,177
118,175
119,51
120,101
121,157
122,132
122,187
124,82
127,79
129,11
129,125
130,186
131,40
133,27
133,86
133,125
134,146
135,36
135,41
135,108
137,21
141,49
142,54
143,11
143,181
144,9
145,24
146,31
147,82
151,76
151,96
152,91
152,98
153,100
155,42
155,61
155,142
155,185
156,185
157,23
158,73
158,161
161,97
163,166
164,114
165,55
165,171
166,153
166,170
168,99
170,10
172,19
172,128
173,130
173,132
174,195
175,20
175,152
176,174
178,84
178,110
178,162
179,93
179,180
181,120
182,137
183,85
184,92
184,95
186,64
187,4
187,103
187,155
188,22
188,88
188,159
189,34
192,16
192,47
192,123
194,39
196,48
197,190
198,122
