source,target
0,169
1,3
2,100
2,135
5,4
5,80
5,176
6,104
7,59
7,115
7,138
7,163
8,122
12,136
14,24
15,144
16,84
17,32
18,64
18,68
18,160
19,25
19,57
19,111
20,148
20,175
22,131
22,158
22,188
23,157
23,196
25,48
25,72
25,73
25,110
26,103
26,110
27,88
27,126
29,151
30,121
31,188
32,43
33,12
35,112
35,179
37,90
37,178
39,190
40,19
41,161
41,189
42,51
45,198
46,9
47,52
47,78
47,185
49,145
50,38
50,99
50,197
51,56
54,60
54,142
58,66
58,83
59,144
63,52
64,51
64,89
65,77
69,186
70,135
71,0
73,5
73,62
73,120
74,13
74,44
74,154
76,72
77,137
78,81
78,98
78,187
79,108
79,136
80,7
82,141
83,123
83,137
84,87
84,153
85,64
85,92
86,192
87,159
91,69
93,31
93,179
94,177
95,17
95,61
96,2
97,162
98,36
99,70
101,55
104,1
106,125
107,38
108,18
108,70
109,14
113,33
113,105
114,75
114,106
116,36
117,58
122,182
125,18
125,61
125,86
127,79
128,1
128,174
128,194
129,53
130,105
130,132
132,173
133,27
134,146
135,24
139,67
139,82
140,37
143,45
144,9
145,8
146,10
146,34
147,82
147,156
148,44
148,152
149,63
151,95
152,116
155,50
156,185
158,127
158,164
159,83
159,114
161,40
161,97
161,181
163,133
163,160
164,184
165,16
166,28
167,13
167,119
170,157
171,124
171,165
172,117
174,94
174,168
174,198
176,101
176,142
178,134
179,11
179,118
180,17
183,155
186,169
186,172
187,30
187,128
188,166
190,102
190,183
191,111
192,47
193,39
193,129
194,21
194,146
195,174
196,150
196,176
196,182
197,199
