source,target
0,71
0,85
0,169
1,3
1,30
2,20
3,2
3,12
3,63
3,94
3,150
5,25
6,157
7,59
7,86
10,186
11,60
11,128
15,20
17,13
17,88
19,25
19,172
20,92
20,195
22,131
22,155
23,33
24,50
24,135
24,145
25,110
25,167
28,146
28,170
29,107
30,81
31,188
32,17
35,93
36,98
38,72
40,6
41,145
42,136
43,96
44,132
44,148
45,84
45,189
46,161
51,15
51,62
51,64
53,31
53,37
53,165
54,75
54,142
56,36
56,159
56,164
57,77
57,99
57,126
61,81
65,134
66,1
67,184
68,57
68,127
69,134
71,43
71,69
71,88
71,138
71,144
72,4
73,64
74,123
77,137
77,181
79,16
80,5
84,104
87,19
88,27
89,197
91,0
91,49
96,8
96,51
96,100
96,151
97,87
98,66
99,133
99,140
101,55
103,117
104,72
104,153
104,190
105,109
108,18
108,162
109,67
111,42
112,180
113,47
115,160
117,58
118,140
119,185
120,102
121,56
124,68
125,120
127,23
127,129
127,161
130,182
132,177
133,107
136,18
136,79
136,91
136,128
137,159
140,197
141,49
141,82
145,14
146,31
146,194
147,142
147,174
148,48
149,39
149,52
149,80
152,141
153,166
153,182
153,192
154,32
155,97
155,143
155,198
156,48
156,183
156,186
157,147
158,22
158,125
159,83
159,199
160,26
160,85
160,114
161,34
161,116
163,132
166,28
168,191
173,199
174,70
174,176
175,118
176,5
176,45
176,78
176,101
178,90
178,93
178,139
178,171
180,154
180,179
183,7
183,115
184,76
184,95
184,106
184,130
185,47
185,156
186,21
187,30
187,74
187,122
191,24
191,103
191,111
193,129
194,90
194,168
196,9
196,123
