source,target
3,197
5,86
6,104
7,28
7,138
10,15
12,3
13,3
13,17
14,33
14,74
16,85
18,62
18,125
18,187
20,80
20,115
21,81
22,37
22,170
22,179
23,21
24,46
25,41
25,142
26,112
26,157
27,126
28,11
28,128
29,77
29,139
31,53
32,189
33,70
34,87
34,164
36,0
36,144
37,90
38,72
39,194
40,131
40,173
41,145
41,161
42,43
42,51
42,111
42,136
49,91
49,141
50,57
50,107
50,148
51,82
51,119
52,66
52,167
53,22
54,58
55,128
55,177
56,59
56,121
59,30
59,110
59,193
61,103
63,1
63,52
64,19
64,45
64,73
67,97
67,139
68,18
71,35
71,56
71,69
72,25
74,154
75,50
75,114
77,65
77,192
78,8
78,63
79,64
79,140
83,14
84,16
84,93
85,0
85,64
87,97
91,125
94,106
94,117
94,149
95,81
95,151
95,184
96,2
97,137
100,96
101,55
103,26
104,24
104,153
105,13
105,20
105,130
105,195
106,51
106,88
106,120
107,29
108,79
108,127
108,135
108,155
109,15
109,83
110,43
113,186
115,42
116,161
117,47
118,54
122,92
122,198
125,86
125,129
126,32
126,109
128,172
130,58
131,144
132,163
134,102
136,68
138,31
138,158
141,48
145,181
146,4
146,156
147,52
150,169
150,196
152,148
153,147
153,168
153,174
154,38
155,183
156,132
156,178
157,39
159,114
159,185
160,190
162,98
162,174
164,124
165,27
165,133
166,7
175,44
175,152
176,101
178,99
178,116
178,162
178,171
179,130
179,180
180,143
182,122
183,92
183,96
183,116
184,76
184,165
186,105
186,147
187,75
188,166
190,39
190,89
190,94
190,102
191,24
192,60
192,123
196,9
196,78
199,159
