source,target
1,128
2,17
2,20
2,96
4,5
4,7
6,63
6,104
7,18
8,145
10,15
11,118
12,84
12,136
13,167
15,51
15,109
17,88
17,111
18,23
18,101
18,157
19,151
19,173
20,186
21,105
22,155
24,14
24,104
25,57
27,65
27,159
31,89
32,43
32,135
33,113
36,152
37,188
40,179
42,179
43,69
44,85
44,156
45,94
46,24
46,133
47,144
49,161
50,58
50,75
51,62
51,82
53,31
53,134
55,16
55,86
55,90
56,121
56,124
56,164
57,141
58,137
58,184
60,11
63,54
63,78
64,133
64,181
65,95
66,28
68,53
70,43
71,22
71,35
71,193
72,38
73,158
77,181
78,83
81,21
82,139
83,110
84,45
86,149
87,143
91,67
91,169
93,71
95,76
96,30
96,151
97,92
98,162
100,2
104,9
107,38
107,50
108,120
111,112
112,26
112,154
113,194
114,34
114,125
114,160
117,78
117,103
117,152
117,175
118,140
119,166
119,167
120,99
120,102
120,125
121,0
122,8
123,196
126,27
126,68
128,55
128,59
128,79
128,136
129,28
129,157
130,105
130,185
133,163
134,146
135,61
137,122
137,182
138,39
139,1
141,107
142,6
142,148
142,176
144,42
144,131
144,143
145,41
145,49
146,34
146,194
147,36
147,183
148,48
149,80
149,130
151,196
152,115
153,168
155,142
155,188
156,147
157,106
158,29
158,127
158,138
159,199
160,25
161,42
161,116
161,189
162,84
164,114
164,138
165,79
166,85
168,174
169,56
170,3
173,132
174,195
175,197
177,44
177,172
178,171
179,11
180,112
182,92
185,47
185,52
186,3
186,74
186,91
186,101
186,190
187,74
188,150
189,32
189,171
191,111
192,153
195,5
197,10
198,150
