source,target
0,36
0,114
1,63
2,17
3,177
4,80
5,175
5,176
9,23
12,18
13,119
15,40
15,51
15,144
16,84
17,32
17,95
18,0
18,6
18,85
18,124
19,173
20,92
21,23
21,81
25,131
26,59
30,1
30,8
30,96
31,58
33,127
37,90
38,14
38,72
38,107
39,194
41,116
41,145
42,161
43,110
44,172
45,103
48,184
48,196
50,113
50,137
51,119
51,174
52,2
52,167
53,31
53,68
53,134
53,165
56,169
57,83
57,107
58,6
58,30
59,128
59,165
61,155
63,66
63,75
65,93
66,78
67,139
69,186
70,71
71,7
71,35
72,60
73,69
74,50
77,29
77,65
77,92
77,181
77,197
78,123
80,7
81,32
81,115
83,43
83,139
83,159
85,102
86,149
88,145
90,140
90,178
91,54
91,118
91,152
91,169
95,61
96,150
99,133
102,28
102,62
103,26
103,191
105,126
106,193
107,100
109,152
111,42
111,76
112,180
113,105
115,86
117,147
118,11
118,130
118,175
118,198
119,199
120,73
121,56
122,132
123,47
123,74
123,192
125,157
125,164
126,57
129,102
131,15
132,52
133,27
133,46
133,64
133,125
135,108
135,154
140,97
141,38
142,5
143,82
146,34
147,153
147,156
148,33
148,142
148,185
151,29
155,183
156,48
156,146
156,183
157,16
157,39
159,87
161,24
161,49
162,84
162,98
163,160
163,166
164,79
164,138
164,158
165,55
165,108
165,171
170,3
170,22
172,141
173,122
174,192
177,44
177,161
178,99
178,116
179,40
180,179
181,45
182,196
183,188
184,106
184,136
186,10
186,91
186,101
187,33
189,41
190,89
193,53
193,71
194,120
194,168
194,195
195,94
197,104
197,163
197,190
198,117
199,82
