source,target
0,145
2,125
3,24
5,234
9,20
9,206
10,70
10,270
11,66
11,149
13,240
15,158
15,225
15,256
17,117
17,210
17,226
18,188
18,220
20,2
23,82
23,208
24,77
25,85
25,243
26,11
26,38
27,9
27,201
29,128
29,155
30,112
31,50
33,128
33,137
33,170
34,28
34,50
35,292
36,52
36,149
36,153
36,298
37,180
37,299
39,141
40,278
45,118
47,111
47,202
48,127
53,48
54,90
54,175
54,217
54,236
54,247
55,86
55,244
57,44
58,171
60,41
62,7
63,43
63,124
63,222
63,263
65,7
65,19
66,49
66,87
66,171
66,296
67,225
71,44
71,271
71,285
72,158
72,194
72,216
73,16
73,260
74,57
75,123
76,166
77,73
78,92
79,146
79,227
80,138
81,105
81,279
83,59
85,62
87,93
91,104
91,286
93,238
94,30
94,181
94,248
96,125
97,178
98,36
99,187
100,297
102,144
102,251
103,27
105,210
107,183
108,89
108,101
108,182
108,249
111,81
111,216
111,264
115,280
115,282
119,68
119,151
119,236
119,257
120,14
120,212
121,39
122,21
125,160
126,207
127,98
127,186
129,242
130,65
131,287
132,157
135,237
138,195
141,92
141,168
142,281
144,271
145,22
145,191
146,197
147,37
148,25
149,51
153,95
154,13
154,132
154,179
155,5
155,215
159,99
159,141
162,100
162,213
164,34
165,54
165,69
165,198
166,18
166,291
167,90
169,52
170,284
171,294
172,110
173,132
174,84
174,229
174,278
174,286
175,139
176,133
178,117
179,47
179,110
183,249
187,82
187,106
187,228
187,291
189,230
189,269
190,257
191,5
192,91
195,46
195,246
196,113
196,193
197,12
199,261
200,1
200,32
200,121
200,218
203,253
203,272
204,148
205,10
209,272
210,75
211,262
212,113
214,56
214,96
214,212
214,287
215,83
215,165
215,185
216,35
216,133
217,203
219,21
221,114
221,196
222,126
223,199
224,10
224,61
224,245
225,184
226,235
226,248
226,258
227,267
228,41
228,232
229,177
229,251
230,28
231,38
231,108
233,3
235,4
235,140
235,150
235,228
236,42
236,299
237,0
237,88
237,96
238,134
239,83
241,18
242,14
242,109
244,156
244,200
245,72
245,126
246,42
250,34
250,235
253,17
254,218
257,252
258,8
259,88
261,22
261,152
262,192
264,260
265,190
266,71
267,33
269,143
274,108
275,107
275,122
276,45
276,172
277,109
277,116
278,163
280,19
280,266
281,231
283,142
283,268
285,29
286,136
287,273
288,241
289,6
289,153
290,97
291,64
291,161
293,157
295,137
296,79
296,255
297,129
