source,target
2,58
2,191
3,24
3,155
4,66
5,164
5,260
6,190
6,250
8,41
8,185
9,264
13,43
13,130
13,203
14,94
15,115
15,271
16,189
16,289
17,242
18,77
19,92
20,107
20,262
23,266
23,269
25,51
26,11
26,238
27,142
27,201
27,251
27,283
30,177
31,98
32,172
32,252
33,121
34,29
34,152
35,176
35,257
36,15
36,215
36,258
37,26
38,89
40,63
40,250
41,167
45,78
46,117
46,216
46,249
47,0
48,50
49,70
49,197
50,227
54,230
55,27
56,175
57,67
58,103
59,293
60,208
61,42
62,119
62,135
64,254
69,8
69,140
69,177
70,102
70,163
71,181
72,64
73,10
73,42
73,269
75,161
78,153
78,292
79,101
80,258
82,178
82,207
85,198
89,211
91,163
93,18
93,90
93,127
93,146
94,20
95,52
95,237
97,228
100,232
101,48
101,92
102,27
102,44
102,172
102,296
103,151
105,34
106,22
106,52
108,136
108,246
109,280
110,183
112,79
113,155
113,212
114,226
116,21
116,72
116,190
118,235
119,87
119,111
121,28
121,99
122,255
123,146
123,152
124,247
125,7
125,68
125,82
128,76
128,199
128,216
129,219
131,218
135,65
137,295
138,145
139,49
141,39
141,149
141,231
143,35
143,137
144,111
144,141
144,223
145,13
145,126
146,239
147,18
147,88
147,288
148,9
151,69
153,1
153,121
153,233
154,51
154,207
154,272
158,57
158,97
159,15
159,60
160,53
160,253
160,275
161,29
162,5
162,12
164,297
166,116
166,278
166,284
167,187
168,157
169,114
171,66
171,234
174,259
175,7
175,202
176,83
177,84
177,243
179,46
179,200
179,246
179,285
180,39
181,298
182,100
183,96
183,168
184,194
186,4
186,224
187,114
187,148
188,217
188,292
189,73
193,195
195,186
196,120
196,217
197,281
203,179
204,138
204,279
205,110
206,77
207,156
209,40
211,296
212,74
213,222
215,17
218,158
218,265
219,12
221,124
221,150
222,159
222,214
222,268
225,184
228,144
231,23
231,154
232,14
233,287
234,182
235,290
236,240
236,299
237,47
237,70
237,176
238,75
241,60
241,192
242,86
242,171
244,273
245,98
245,204
247,53
248,25
253,191
254,54
254,160
255,225
260,282
261,81
261,105
262,43
262,198
263,139
264,50
264,165
264,173
264,244
267,134
267,180
267,299
270,220
270,239
272,166
272,287
273,245
274,194
274,212
276,214
276,229
277,56
277,174
280,102
281,147
281,256
282,210
282,263
286,104
286,162
286,170
288,2
288,113
289,132
290,95
290,133
291,210
293,164
294,88
298,93
298,183
