source,target
1,218
2,126
4,83
4,155
5,221
5,234
6,250
7,61
8,102
8,240
17,86
18,11
18,93
18,128
19,228
20,168
20,283
21,171
21,279
23,30
23,162
23,215
23,274
25,161
26,38
26,108
26,189
27,41
27,226
27,299
28,202
29,282
30,174
30,255
31,291
33,95
34,233
34,293
35,159
35,248
36,270
37,142
40,61
40,205
40,244
41,152
42,233
43,262
44,277
45,54
46,12
49,279
54,26
54,239
54,295
56,297
60,112
60,166
61,278
62,38
63,40
63,46
63,62
63,92
64,122
66,87
66,273
68,96
70,37
70,149
71,193
73,150
75,216
77,52
77,157
78,129
79,162
79,266
81,220
83,131
83,297
88,142
89,94
90,250
91,148
93,81
93,144
93,260
94,115
94,229
96,141
96,190
98,99
98,265
99,285
101,141
102,70
102,78
103,211
105,295
107,160
108,228
110,197
111,223
113,57
113,111
114,290
117,90
117,138
120,191
121,17
121,150
122,34
123,146
123,148
124,15
124,21
124,216
125,137
126,119
126,127
127,167
131,130
131,139
132,183
132,198
133,135
133,227
133,231
134,267
136,286
137,207
137,267
138,22
138,204
139,5
139,284
140,247
143,253
143,257
145,265
146,140
147,288
147,292
149,164
149,199
149,289
150,178
151,134
152,169
153,298
154,165
154,230
154,253
158,237
160,84
160,211
161,114
161,291
167,103
167,296
168,29
169,36
169,52
171,14
172,82
172,200
173,48
175,184
176,133
176,163
177,188
179,66
179,198
180,294
181,190
181,249
184,69
184,95
184,177
185,76
187,15
188,47
188,98
189,16
189,97
189,159
189,201
189,218
190,55
190,65
191,4
191,138
191,298
192,105
193,104
195,116
195,186
195,263
196,120
197,24
197,42
198,53
198,74
199,25
199,50
200,176
201,181
202,64
202,208
203,0
203,45
207,3
207,82
209,153
212,115
213,242
214,192
214,235
216,238
217,8
220,294
221,13
223,128
223,217
224,182
224,222
224,276
225,58
225,67
225,175
227,113
228,271
229,264
230,209
231,280
232,103
233,80
237,0
237,118
237,281
241,51
241,193
241,243
242,92
243,225
245,156
245,224
245,292
246,43
246,259
247,5
249,109
249,195
249,206
251,9
251,27
252,135
254,69
256,222
258,78
261,12
261,219
262,21
262,154
263,20
263,59
264,80
265,48
268,16
268,100
269,174
270,6
273,106
273,158
274,194
274,196
275,33
276,2
276,112
277,56
282,170
282,172
282,236
283,39
283,72
283,287
284,203
285,17
285,32
285,110
286,251
288,85
289,272
290,10
291,210
293,63
296,100
298,185
