source,target
0,35
0,64
1,288
2,290
7,58
7,113
10,221
10,257
11,173
11,223
12,96
15,189
16,49
17,241
17,253
18,166
19,249
21,36
22,4
22,76
25,163
26,17
26,73
26,81
28,6
28,279
31,38
31,54
32,200
34,32
35,165
35,248
36,117
37,46
37,55
37,68
40,121
40,145
45,110
48,5
48,65
51,88
53,12
53,141
54,210
55,4
55,50
55,273
57,190
57,284
60,159
62,85
62,134
63,239
64,3
65,130
66,156
66,197
66,235
69,269
71,164
71,296
72,61
72,146
73,16
73,18
73,62
75,199
77,174
78,292
80,233
82,31
82,276
83,298
85,104
86,83
86,120
86,148
87,283
89,116
91,241
92,218
92,228
93,138
94,56
94,79
95,102
95,213
97,118
99,106
99,161
100,227
102,70
102,261
105,186
106,152
106,246
107,119
107,257
108,109
108,133
109,115
112,15
113,272
114,23
115,142
117,281
118,44
118,280
119,74
119,87
119,125
119,299
120,11
120,27
121,242
124,90
124,216
126,24
126,217
128,20
129,30
129,136
129,251
130,206
134,199
135,33
138,111
138,131
138,179
139,172
139,176
140,56
140,99
140,167
141,108
142,33
142,126
142,256
143,45
143,264
144,1
146,29
148,123
149,51
149,53
150,285
151,2
153,165
153,245
154,233
157,42
157,150
157,196
158,60
158,254
162,78
162,84
164,82
165,20
167,98
168,83
169,52
169,276
171,153
174,180
177,137
177,183
179,47
179,102
180,230
181,79
182,211
182,287
185,231
186,191
189,8
189,39
189,48
189,245
190,67
191,187
193,21
193,297
194,54
195,8
195,23
195,43
196,201
196,262
198,72
198,178
199,9
200,14
200,171
202,177
203,18
203,154
204,291
206,286
207,0
209,173
211,103
211,154
212,208
213,278
213,292
214,192
215,95
215,155
216,149
216,184
218,134
218,152
218,274
219,41
219,140
219,266
221,86
221,121
221,187
221,192
221,224
223,188
223,258
224,205
225,19
225,115
225,237
225,255
226,71
226,234
227,294
228,89
229,212
229,226
230,259
230,267
232,100
232,185
235,168
235,222
236,28
236,158
237,163
238,91
238,220
240,132
240,196
240,289
241,175
243,193
244,156
247,111
249,112
250,129
252,160
252,203
253,72
253,170
254,238
257,177
258,139
258,144
259,195
260,38
261,147
262,13
262,59
263,240
264,5
265,133
269,37
270,29
271,277
272,82
273,103
275,45
277,194
278,229
280,92
280,164
281,142
282,236
284,101
284,123
286,104
288,97
289,63
289,219
289,268
290,127
290,271
291,124
291,295
293,63
294,105
296,122
297,129
