source,target
0,40
0,237
1,10
1,254
2,120
2,208
3,157
3,164
4,246
5,144
7,130
9,53
9,297
10,121
10,224
11,66
13,131
15,60
15,118
15,222
16,142
17,238
20,262
21,242
23,249
24,154
24,173
25,294
26,14
26,250
29,12
29,245
31,82
33,18
34,198
35,61
35,65
35,134
37,6
38,8
38,178
38,231
39,174
39,271
40,217
40,230
42,80
42,207
44,171
44,202
44,220
47,289
48,16
48,235
49,165
50,264
51,199
51,272
52,126
53,192
54,43
54,253
54,266
55,152
56,295
59,236
61,130
61,153
61,252
61,257
63,32
63,263
64,221
66,36
66,228
67,107
68,69
68,248
69,201
69,269
70,170
70,217
70,251
71,197
71,215
73,6
77,150
79,112
80,1
80,200
81,48
85,270
86,58
87,7
89,100
90,73
90,184
90,250
92,39
92,57
93,127
95,138
97,11
97,72
99,124
99,259
100,296
102,12
104,54
105,147
108,141
108,255
110,290
111,216
112,30
117,172
119,135
119,233
120,99
120,273
121,15
121,106
122,194
123,75
127,209
128,29
129,30
130,206
131,22
131,44
131,128
131,139
133,42
133,135
133,176
136,74
137,275
137,281
138,111
138,247
138,291
140,151
141,213
142,28
142,108
142,116
142,210
145,13
145,242
146,41
147,35
147,213
148,50
148,55
148,91
150,276
151,284
153,133
155,96
156,3
156,58
158,97
160,64
161,291
162,212
162,226
162,234
163,25
163,166
164,293
165,160
167,281
168,145
169,62
169,105
169,239
169,289
170,9
170,33
170,274
172,82
174,278
175,231
177,60
178,70
181,183
181,298
184,125
184,163
186,235
188,230
189,67
189,179
190,265
191,8
191,115
192,51
193,71
194,205
194,240
195,124
195,126
196,113
196,179
197,74
198,117
198,143
198,241
199,123
200,162
200,172
200,284
204,123
204,140
205,2
211,98
211,182
212,144
214,77
216,5
217,146
217,223
218,148
218,154
219,4
219,285
221,169
221,187
221,189
223,229
225,286
226,114
227,50
228,109
228,255
229,287
232,14
232,78
235,98
235,101
236,120
236,274
238,27
243,81
244,246
245,33
245,270
249,19
249,104
250,129
251,292
258,226
260,214
261,272
262,119
262,183
263,71
263,90
265,149
265,282
266,200
267,155
267,243
268,73
269,45
269,180
272,27
272,46
272,209
273,83
273,256
275,34
276,23
277,109
278,267
279,122
280,102
281,159
282,212
282,290
283,191
283,269
284,203
285,85
285,94
286,84
286,288
288,168
289,132
293,59
293,76
294,148
294,186
295,156
295,299
296,47
296,103
297,185
299,88
