source,target
0,27
2,222
2,263
3,224
4,108
5,203
5,216
5,288
6,153
9,144
10,224
11,24
12,104
13,225
18,65
18,73
18,133
18,142
18,203
19,141
20,240
23,12
25,85
26,82
26,140
26,235
27,283
29,12
29,161
30,171
31,260
34,116
34,122
34,282
35,87
36,3
36,155
37,25
37,199
40,101
42,19
45,54
45,214
45,299
46,220
47,114
48,32
48,121
49,28
54,23
54,191
54,291
55,181
56,276
58,99
59,154
59,173
60,166
60,221
61,68
61,134
66,266
67,271
71,70
71,257
72,138
72,168
74,149
75,243
76,219
77,8
77,20
77,255
78,57
78,248
79,286
80,60
80,233
81,50
81,75
81,98
82,38
83,62
84,37
84,100
85,132
86,152
86,242
88,169
91,107
92,2
94,214
95,284
96,164
96,183
96,262
96,279
97,290
98,261
102,144
102,298
103,232
105,22
105,209
105,293
108,9
110,170
111,53
111,217
112,15
112,185
113,14
113,97
113,109
116,21
118,72
118,280
118,296
120,212
123,146
123,189
124,71
126,250
129,58
129,251
130,233
131,204
131,287
132,43
133,285
137,113
138,151
139,184
141,39
141,101
142,16
142,256
142,264
145,119
146,81
146,99
146,150
147,49
147,207
148,11
149,230
150,157
153,110
153,200
153,269
154,165
155,5
156,244
158,64
159,68
159,189
159,292
160,7
162,109
163,194
164,172
167,11
167,69
169,140
174,163
175,7
175,125
175,281
176,159
177,50
178,210
179,36
179,63
179,232
180,227
181,79
182,210
182,211
182,252
183,1
184,78
186,48
188,166
189,33
189,143
190,247
191,66
192,152
193,192
195,78
195,96
196,291
197,208
198,178
199,51
200,171
201,46
202,47
202,143
202,278
203,273
205,52
205,102
206,52
208,165
208,215
208,237
211,202
213,45
213,64
213,268
214,41
218,86
218,135
219,205
220,227
220,238
221,218
221,276
222,176
225,115
225,158
226,111
226,112
226,234
228,118
229,254
230,90
230,154
230,269
231,180
232,136
235,127
235,187
236,253
236,256
238,267
239,26
239,49
239,59
240,74
240,132
240,194
241,18
241,223
242,129
243,83
243,195
245,204
246,139
247,200
249,297
250,274
250,294
250,296
253,77
253,217
254,17
254,201
257,289
258,17
259,117
260,13
261,259
265,190
266,69
266,226
266,297
267,128
267,241
270,29
272,89
272,107
272,292
273,106
273,121
273,244
279,34
279,290
281,119
281,135
281,275
282,236
283,39
283,87
283,93
283,179
284,123
286,177
286,212
287,138
287,182
289,272
291,295
292,67
293,4
293,44
293,277
298,131
