source,target
1,177
2,35
2,52
4,63
4,126
8,104
8,112
8,197
9,228
10,96
10,139
10,213
12,116
14,12
17,7
17,156
20,38
20,98
20,123
20,188
28,42
30,129
30,171
30,255
32,171
32,195
32,294
37,55
37,299
40,0
40,127
40,154
40,186
40,242
43,32
44,266
45,118
46,153
47,167
48,5
48,189
49,158
49,258
50,106
53,129
54,34
54,63
54,140
55,71
55,244
56,193
56,296
56,297
58,182
60,15
60,41
60,67
60,222
61,16
62,17
63,183
64,10
64,151
65,190
66,35
66,40
66,277
68,159
68,248
69,263
70,151
71,271
72,131
72,173
72,194
73,125
73,293
76,78
79,78
80,50
81,75
81,80
81,196
82,47
82,148
83,24
83,120
83,133
83,218
87,119
89,203
90,77
90,229
90,289
91,163
94,126
95,102
95,237
96,155
98,99
101,4
102,92
102,195
104,20
105,51
106,86
106,259
108,272
109,19
110,3
111,204
113,185
114,39
116,21
116,42
116,43
116,74
117,172
118,201
118,280
118,283
119,247
120,287
124,31
124,70
126,298
128,59
128,292
131,27
133,178
134,65
135,115
135,133
136,74
138,220
138,282
140,238
140,276
142,135
145,27
145,85
146,262
147,25
147,275
149,239
149,282
152,201
153,121
153,137
153,245
154,90
154,230
155,257
155,275
157,196
158,221
158,268
161,124
164,297
165,69
165,166
166,33
167,281
170,110
172,36
172,215
175,94
176,18
176,163
176,278
179,7
179,64
182,119
182,207
183,107
184,115
185,2
187,200
188,236
188,284
189,142
190,265
191,117
191,279
192,165
193,179
194,109
195,293
197,68
197,250
198,131
198,143
198,212
198,286
199,6
200,8
200,162
202,277
204,29
204,73
204,169
205,66
206,174
207,61
207,130
207,147
207,150
208,268
210,267
211,98
211,253
214,45
214,141
215,59
215,168
215,232
216,97
216,128
217,57
217,128
217,132
217,233
219,54
219,76
220,216
221,217
221,241
222,49
223,9
223,11
224,213
225,13
225,266
226,229
226,234
227,100
227,294
228,39
229,206
230,261
230,262
231,122
235,280
236,18
236,205
237,47
237,295
238,134
240,103
240,192
242,60
242,271
243,241
244,209
245,224
246,244
247,93
247,269
249,103
249,181
250,288
251,290
252,130
254,211
254,225
255,219
255,228
256,48
257,83
257,110
259,199
260,273
263,26
263,214
264,279
265,56
265,203
267,180
267,230
270,250
272,23
272,176
273,144
273,167
274,184
275,160
278,84
279,122
280,88
282,259
283,28
285,186
286,38
286,177
287,138
290,95
291,22
291,166
295,105
