source,target
0,59
0,76
0,143
0,145
0,275
2,46
2,196
2,249
2,276
3,150
3,250
5,6
5,79
5,118
5,289
7,175
7,190
7,225
8,32
8,43
11,145
13,131
14,7
14,97
15,19
16,273
17,284
18,65
19,40
19,244
20,293
22,106
23,26
23,263
23,274
24,116
25,199
29,155
33,45
33,119
34,50
35,4
35,292
36,53
36,250
37,210
37,299
38,13
43,146
43,270
44,118
46,37
46,204
47,82
48,47
48,55
48,120
50,187
52,95
55,265
57,78
61,77
63,126
64,27
64,60
64,156
65,135
65,173
66,58
66,102
66,171
66,285
68,151
70,27
71,209
71,257
72,178
73,72
73,207
74,287
79,100
80,164
81,279
82,17
82,181
83,203
86,66
87,96
89,288
91,241
95,128
95,170
98,271
99,48
99,93
100,162
101,60
101,213
103,140
103,228
103,266
105,8
107,67
113,57
113,159
113,165
113,185
114,39
115,212
116,214
117,205
122,3
123,262
124,161
124,195
125,46
126,69
126,84
127,20
128,62
128,216
129,219
131,138
132,92
132,94
133,217
133,227
136,162
137,159
138,151
139,111
139,133
141,149
141,256
142,23
142,77
142,85
143,54
144,234
147,261
148,105
153,177
154,218
155,38
155,187
158,56
160,295
161,64
163,259
164,230
164,280
165,62
165,119
165,154
165,282
166,208
166,278
167,98
167,280
168,104
169,5
171,137
173,290
174,278
177,243
177,257
178,150
178,246
179,63
181,110
181,125
181,202
182,148
182,224
183,30
184,112
184,115
186,102
186,191
187,42
187,262
188,223
189,179
190,51
190,160
190,252
190,293
192,147
194,109
194,202
197,81
198,34
200,1
200,14
200,209
203,9
203,24
203,89
203,201
206,52
206,296
208,104
208,154
209,244
211,297
212,21
212,22
212,130
212,142
213,10
213,163
213,256
214,193
214,220
214,286
216,16
216,75
217,12
217,166
219,114
219,167
221,97
221,121
223,258
225,67
228,232
228,251
228,268
231,112
232,215
233,143
233,287
234,130
234,226
235,36
235,92
236,274
237,260
238,216
241,195
242,17
244,222
246,108
246,139
246,183
247,253
248,100
251,182
252,73
252,125
252,134
253,18
254,211
255,122
256,41
257,90
257,245
257,264
258,55
259,99
259,199
260,117
260,124
261,83
261,172
262,28
267,140
270,29
270,269
271,277
271,283
271,292
275,207
276,56
279,80
279,239
280,88
281,176
282,198
283,71
284,49
285,240
285,254
286,96
286,126
286,183
287,157
289,229
289,269
290,101
291,31
291,247
291,263
291,272
293,176
294,37
294,152
296,180
298,93
