source,target
4,273
5,22
5,129
6,225
9,43
9,256
9,287
11,36
11,156
11,290
13,113
17,140
19,162
20,47
20,96
20,261
20,265
21,295
22,67
24,53
24,59
26,60
26,117
26,181
26,251
28,34
30,269
31,199
33,297
34,165
35,129
35,236
36,52
36,264
37,33
37,82
40,9
40,175
41,230
43,130
44,74
44,90
45,250
46,163
48,106
50,234
51,247
51,292
52,189
55,152
55,201
56,198
56,282
57,146
60,31
61,98
63,198
63,231
64,227
67,78
67,173
67,296
68,274
69,84
71,24
71,107
71,120
71,259
72,221
73,37
73,188
75,59
77,153
77,258
78,8
78,180
80,85
80,128
80,240
81,78
83,14
84,12
84,112
85,11
85,49
85,121
87,110
88,208
89,76
89,299
91,24
91,170
92,38
92,124
93,35
94,1
94,65
94,278
97,254
99,6
100,38
101,20
103,26
103,74
103,214
104,5
105,120
106,267
109,233
111,137
111,238
112,211
113,133
113,257
114,266
115,64
117,166
117,268
119,262
122,25
122,95
123,163
124,123
126,83
126,235
131,197
132,3
132,43
132,63
134,156
135,275
138,2
138,178
139,75
140,192
141,39
141,42
141,55
141,116
142,172
143,6
143,30
144,184
145,238
149,272
151,41
151,201
152,154
152,284
152,286
153,19
155,289
156,127
156,216
157,4
157,280
159,213
162,189
164,239
164,253
168,225
169,292
171,86
171,105
172,88
174,212
175,87
176,191
177,50
177,118
179,103
182,71
182,95
182,98
183,83
183,175
183,281
186,217
186,270
187,27
187,91
187,184
187,283
188,18
190,108
190,114
191,248
192,46
193,80
193,125
195,68
196,16
196,254
197,66
197,126
198,102
199,177
200,0
200,136
200,218
201,15
201,62
202,134
204,174
205,1
207,39
208,10
208,70
209,52
209,299
212,150
212,229
213,150
215,176
218,252
218,276
219,48
220,136
221,82
221,161
222,263
224,28
225,185
226,2
226,40
227,215
227,250
228,48
229,77
229,158
231,187
232,56
232,58
234,132
235,249
235,271
237,182
239,206
244,228
244,256
245,36
245,167
245,224
245,260
247,223
247,282
248,7
248,186
248,242
251,146
251,160
252,29
253,61
253,112
255,125
255,241
256,54
257,46
257,91
257,99
257,111
257,294
259,79
260,203
260,226
260,246
261,285
262,141
263,34
266,237
270,117
272,13
273,265
274,293
275,143
276,193
277,97
277,200
278,219
279,148
279,164
281,70
282,23
282,210
283,243
284,181
284,194
285,115
288,73
289,32
289,165
291,14
292,147
293,271
294,109
295,154
296,277
297,104
298,133
