source,target
0,21
0,139
6,37
9,197
10,181
10,210
14,159
14,230
19,175
19,251
20,53
20,141
20,188
21,96
21,232
22,5
23,96
23,211
24,26
24,213
27,12
28,149
31,154
31,236
32,60
32,157
33,152
34,114
34,263
35,78
36,72
37,2
38,208
38,221
39,164
40,137
41,298
42,12
42,41
42,289
43,242
44,4
44,26
44,167
44,271
45,250
47,290
48,228
49,270
50,3
50,78
50,124
51,292
53,287
54,18
54,292
55,138
57,212
58,92
59,13
59,57
59,234
60,243
61,55
62,117
69,133
69,279
70,200
71,59
71,157
71,268
73,288
74,222
75,184
80,245
82,185
83,48
85,80
85,289
88,252
90,18
90,95
91,160
92,145
92,190
93,277
94,5
94,267
95,38
95,222
95,274
97,7
97,194
97,268
99,266
101,20
102,178
103,31
105,108
105,144
106,227
106,269
107,132
107,150
107,156
107,160
109,272
110,251
111,63
111,246
112,15
112,217
113,133
113,135
114,11
114,291
115,10
116,66
118,221
119,288
120,1
120,82
120,140
121,84
124,42
124,196
125,71
125,164
126,137
126,174
126,191
127,101
127,229
128,76
128,244
129,62
130,98
130,107
130,206
131,141
131,271
134,261
135,128
136,161
139,44
140,94
140,260
140,282
141,252
143,67
143,193
145,297
146,258
147,204
147,219
148,120
150,62
150,155
151,105
152,29
152,177
153,19
153,25
157,16
157,197
159,128
159,220
159,238
162,189
168,204
169,226
170,248
171,27
171,179
172,64
172,240
175,105
175,116
175,265
177,22
177,286
178,148
180,241
182,111
183,227
184,77
184,103
184,237
186,243
188,253
189,52
190,21
192,260
193,125
194,149
195,40
196,55
198,32
198,81
199,122
199,186
200,102
200,136
201,116
201,127
201,207
202,113
203,36
203,182
205,97
205,100
206,17
206,214
206,239
206,277
209,163
209,170
210,235
212,65
212,180
212,278
214,43
214,162
214,240
216,35
218,98
219,130
219,158
220,224
221,112
224,225
225,107
226,2
227,42
227,87
227,256
227,264
228,254
230,142
231,60
233,40
233,134
235,106
235,176
241,8
241,187
241,255
241,295
242,49
246,83
247,56
247,67
248,63
249,239
250,58
252,73
252,84
252,99
254,77
255,281
257,136
258,147
258,236
259,45
259,274
260,46
261,86
261,276
262,208
264,79
267,0
268,165
269,30
269,70
270,166
270,294
273,265
275,65
276,284
277,109
277,215
280,112
281,123
281,283
283,86
284,169
285,259
287,146
289,89
290,64
290,104
291,14
292,68
293,153
294,233
295,223
296,119
298,173
299,296
