source,target
1,133
5,129
5,169
5,270
8,277
9,265
10,181
11,80
12,68
13,17
14,20
15,290
16,179
18,248
19,140
19,176
20,152
21,56
22,5
23,170
25,153
29,24
30,213
31,219
32,289
33,292
36,240
37,55
38,61
38,63
38,143
39,47
39,264
40,145
40,183
40,258
43,95
44,32
44,240
44,245
45,25
45,72
46,110
46,125
46,163
48,31
50,92
50,209
54,274
59,13
59,160
59,266
62,294
66,197
67,218
67,233
67,285
68,90
69,84
71,286
73,119
74,32
74,38
74,60
74,111
75,103
79,177
79,274
81,237
83,169
83,269
84,49
84,189
85,80
85,220
86,217
87,166
88,43
88,225
89,121
91,170
91,259
91,276
93,161
94,168
95,44
95,122
99,146
100,136
101,115
103,16
103,99
103,284
104,178
104,291
107,109
107,233
108,88
112,63
114,34
114,82
114,127
114,209
116,141
116,144
116,162
117,138
117,148
120,35
121,41
121,230
124,187
125,174
125,252
126,235
127,214
127,227
130,6
130,263
130,267
131,273
133,97
133,105
134,149
135,53
136,76
139,237
140,2
140,3
140,96
140,120
140,156
143,247
145,11
145,135
145,172
145,175
145,196
145,266
146,7
146,81
146,150
148,3
148,79
149,205
152,202
152,279
154,7
154,78
162,297
164,18
164,253
164,291
165,34
166,55
166,116
166,244
167,245
168,218
169,0
171,151
171,246
171,260
172,155
174,112
175,294
176,173
176,282
178,102
180,212
181,222
181,285
182,219
184,157
185,47
187,12
187,137
187,147
187,197
188,164
188,265
189,141
190,114
190,158
194,62
194,215
195,81
198,186
198,234
199,177
201,49
204,225
205,97
205,242
206,172
207,271
208,296
210,195
211,123
211,253
212,51
212,65
213,21
213,146
213,275
214,31
214,283
215,241
216,129
216,142
216,203
217,281
218,33
218,98
218,121
222,75
224,40
226,52
226,299
227,262
228,252
228,259
229,21
229,200
232,186
233,261
234,74
234,246
235,19
235,119
236,57
238,27
238,58
238,207
239,206
239,251
240,64
240,159
242,77
242,198
245,192
247,22
247,136
249,70
250,160
252,70
252,191
253,193
254,96
256,288
257,113
257,126
257,164
258,117
262,106
262,108
263,11
263,25
264,46
264,255
268,221
268,228
270,256
270,273
271,128
271,157
271,167
271,231
274,26
274,28
274,118
275,1
275,65
277,151
278,28
279,15
280,268
281,59
282,93
283,243
284,4
284,29
284,236
286,68
286,171
287,130
287,272
288,224
290,39
290,42
293,50
294,115
295,215
295,223
296,214
296,298
297,257
299,132
299,260
