source,target
0,215
2,191
3,148
4,234
5,77
7,77
8,22
10,96
11,222
12,122
13,59
13,177
14,87
16,197
18,248
19,12
19,93
20,66
22,35
22,50
23,160
25,195
25,205
26,21
26,89
27,2
31,85
33,173
34,263
36,72
37,167
38,29
39,82
39,291
40,46
40,297
41,27
41,204
41,206
42,124
43,69
44,90
45,71
45,281
47,115
47,202
49,158
49,169
50,218
52,40
52,245
54,18
54,187
57,213
59,14
59,32
59,203
59,257
61,49
61,72
61,124
62,128
63,231
64,183
64,201
67,88
67,180
67,218
68,171
70,56
70,170
70,210
75,186
76,26
78,81
80,18
80,130
80,232
81,5
82,253
82,282
82,285
83,33
83,281
84,108
84,163
85,299
87,149
88,286
91,227
93,6
93,277
94,65
96,7
96,204
96,263
97,7
98,61
98,118
99,98
100,1
100,241
101,68
103,179
104,3
105,193
106,15
106,20
106,166
106,267
106,293
108,255
109,294
110,39
113,230
114,126
115,64
116,131
117,138
119,270
120,71
121,123
125,168
127,245
128,66
129,182
131,117
132,6
133,37
133,105
135,188
136,212
136,247
138,93
139,57
139,75
139,211
140,19
140,225
141,20
142,120
143,3
143,37
144,146
145,103
147,292
149,0
149,133
151,55
151,240
152,92
152,119
152,134
153,28
153,287
153,295
154,189
155,175
157,207
157,284
159,147
160,11
161,229
162,254
162,296
164,231
164,268
165,289
169,9
169,219
170,127
171,151
174,41
174,237
175,116
176,90
176,163
178,102
181,10
181,65
183,279
184,112
189,12
192,250
192,280
193,38
193,156
193,285
196,262
197,265
199,31
199,271
199,274
200,136
203,220
203,224
204,74
204,252
205,145
206,86
206,239
207,53
207,114
207,273
208,176
209,79
209,150
211,24
212,180
213,30
213,144
213,150
213,226
213,229
213,260
213,276
214,257
217,123
217,155
219,26
219,144
221,161
222,238
225,107
227,4
227,249
227,264
228,48
228,91
230,172
230,290
231,58
232,62
233,142
236,258
238,111
238,152
239,135
241,214
242,247
243,38
244,208
245,250
246,30
248,51
248,216
249,194
249,235
251,264
253,164
253,239
255,17
255,80
256,244
257,43
258,102
258,154
258,198
258,273
259,274
261,36
261,185
262,95
262,110
262,112
262,298
265,159
267,165
268,73
268,228
269,106
270,174
272,130
273,266
275,256
276,23
278,25
279,125
279,196
281,288
284,60
285,283
286,84
286,189
287,192
289,13
289,151
290,33
290,47
292,4
292,103
292,137
293,182
294,134
295,223
295,296
297,113
297,190
299,45
