source,target
1,100
4,17
5,247
6,83
6,105
8,93
9,116
10,285
11,208
12,27
12,201
13,59
14,57
14,145
14,265
16,187
16,256
18,62
19,141
22,35
22,171
24,114
24,131
26,10
26,13
28,245
31,103
36,192
38,4
39,164
39,189
43,73
44,240
46,163
46,250
47,15
47,227
48,104
48,228
50,6
52,55
53,157
53,167
55,122
56,205
56,295
58,293
59,127
61,153
62,53
62,231
63,7
63,234
63,273
64,2
65,155
66,109
66,197
67,87
68,222
69,186
70,269
72,82
72,268
73,121
73,193
74,128
75,287
76,214
77,252
78,140
78,215
79,172
80,46
80,263
81,21
81,184
81,232
82,275
83,33
84,204
84,268
85,220
85,287
87,110
87,149
88,67
89,96
89,219
92,17
92,68
93,3
93,154
95,176
98,61
98,139
99,45
99,84
99,146
99,168
100,76
101,12
103,90
104,229
106,117
106,235
107,253
108,15
108,66
109,200
109,206
111,175
111,182
111,233
113,107
114,286
116,147
118,37
118,177
118,230
119,49
120,239
120,277
121,78
121,85
122,25
122,299
123,12
123,63
123,129
125,108
126,70
126,195
127,242
128,132
128,273
130,52
131,42
132,284
133,223
134,218
135,123
137,217
138,93
138,185
141,262
142,102
142,216
142,276
143,8
148,3
149,0
149,49
149,78
149,247
150,86
150,144
150,179
150,289
151,34
151,201
153,11
156,72
157,71
157,103
157,181
158,170
159,131
159,279
160,263
160,267
162,19
162,20
162,183
163,135
164,26
164,207
165,44
165,283
166,92
172,98
173,237
173,296
176,191
178,162
178,294
181,29
181,116
181,143
181,259
182,150
184,77
184,158
185,110
186,137
187,271
188,233
191,47
192,212
192,251
194,50
194,54
195,39
195,92
196,124
196,166
199,90
200,169
204,40
204,43
207,115
208,158
208,280
211,91
212,81
212,136
213,21
213,30
214,206
214,238
214,257
217,224
218,60
218,91
218,225
220,74
221,1
221,112
223,200
224,146
224,245
224,299
226,249
226,290
228,89
229,174
230,14
230,262
230,291
233,202
235,9
236,60
236,292
237,56
237,102
240,99
240,261
241,215
242,248
244,207
244,297
245,209
246,32
248,18
248,198
249,36
249,272
251,203
252,41
252,125
253,276
254,94
254,97
255,264
258,51
258,241
260,23
264,160
265,80
266,244
269,210
271,32
271,259
271,270
272,260
274,221
275,22
276,161
277,5
278,251
279,104
279,226
281,229
282,180
282,194
284,159
284,243
286,152
288,82
289,155
289,165
290,64
292,117
293,196
295,33
295,69
295,298
296,94
297,190
