source,target
0,31
0,169
1,87
2,143
3,48
3,154
8,35
8,93
10,16
12,95
14,88
14,164
15,112
17,275
19,122
22,8
24,116
24,131
24,181
24,228
25,101
29,61
29,140
29,224
29,257
31,170
32,29
33,40
33,132
34,25
34,278
35,3
35,243
36,223
38,37
38,58
38,274
39,123
40,146
41,27
43,64
43,73
43,158
43,257
44,71
44,72
44,203
45,107
45,208
45,299
46,114
46,209
46,263
47,52
47,191
47,202
48,295
49,277
50,286
51,0
51,244
52,127
52,134
53,201
54,137
54,256
55,153
56,7
59,182
59,276
62,54
63,11
63,260
64,34
64,230
64,293
66,183
66,296
67,142
67,180
67,264
68,151
70,55
72,61
72,261
75,251
76,220
78,74
80,213
82,216
83,297
85,53
86,91
88,13
91,42
92,98
94,17
96,114
97,156
97,215
98,68
98,139
98,219
99,26
99,83
99,86
101,111
101,166
102,1
104,106
104,205
104,262
105,175
108,103
108,213
109,202
110,2
110,46
111,174
111,178
112,19
112,255
113,109
113,135
116,196
117,47
119,222
119,270
120,23
120,78
123,129
123,195
124,166
125,144
126,237
127,189
129,79
130,171
132,121
133,194
136,76
136,266
141,131
143,127
143,172
144,33
145,92
146,57
146,222
147,99
149,51
150,103
150,126
150,229
151,298
152,9
152,197
153,245
153,251
154,149
154,282
155,32
156,110
157,207
159,141
159,291
160,250
163,281
167,18
167,41
170,46
170,176
170,195
171,199
171,216
171,283
172,145
173,237
174,5
174,14
174,270
177,269
179,16
179,185
181,65
182,150
182,271
183,89
183,226
185,227
186,75
186,217
190,21
190,266
192,23
193,38
193,41
194,231
195,210
196,96
197,62
197,138
197,186
197,187
197,273
198,167
198,248
201,84
201,254
206,253
212,125
214,90
215,1
215,200
216,7
218,211
218,252
220,204
221,160
222,165
225,168
225,218
227,274
227,290
229,81
229,100
229,161
229,299
231,225
232,62
232,128
233,246
234,18
235,81
235,179
238,85
239,221
240,36
240,214
243,267
244,246
245,184
245,192
247,200
249,239
250,193
250,245
252,15
252,69
254,77
254,97
254,162
254,241
255,235
258,205
259,267
260,6
260,82
262,130
264,22
265,198
265,207
266,20
267,294
268,118
268,280
269,30
269,148
270,4
270,284
272,115
272,249
272,286
274,28
274,253
275,155
275,175
275,188
277,206
277,296
279,191
280,293
281,30
281,117
283,12
283,76
283,90
283,292
284,60
285,259
287,59
288,73
289,84
290,104
292,43
292,236
297,70
297,242
298,133
