source,target
0,237
1,139
2,166
4,275
5,284
6,140
7,103
9,131
9,169
13,165
14,266
15,27
15,134
16,158
17,18
17,264
20,9
20,14
20,175
24,147
25,263
26,4
26,16
27,187
28,195
28,207
28,219
29,162
29,179
32,38
32,198
32,289
33,42
33,84
35,239
37,163
41,108
42,37
43,262
44,32
44,79
45,72
45,286
49,0
50,55
52,36
52,122
53,58
55,52
55,238
55,293
57,112
57,159
58,14
58,92
59,116
61,233
63,281
65,94
66,52
67,173
67,233
72,253
73,121
73,258
76,214
76,259
78,35
78,154
80,75
81,3
81,21
81,149
83,169
86,212
87,54
88,78
88,240
88,283
89,30
93,67
93,86
94,1
94,278
95,70
96,10
97,93
97,139
100,199
102,137
102,142
103,217
104,48
105,10
106,80
107,22
108,15
109,200
109,257
110,104
110,130
110,185
110,276
113,133
114,297
115,183
116,20
117,115
117,189
117,249
117,268
118,71
118,98
119,125
119,196
120,23
120,215
125,157
126,24
126,226
126,291
128,132
128,265
129,62
130,2
130,46
130,263
131,150
131,197
135,168
136,81
136,97
139,102
139,161
140,70
140,77
140,88
140,213
140,216
141,191
143,107
143,181
146,40
146,99
146,159
148,295
149,247
150,62
150,124
150,174
150,217
151,50
151,68
153,12
153,19
155,182
156,184
157,144
157,207
160,267
162,109
162,145
163,135
164,188
165,221
165,267
166,33
168,6
169,49
172,47
172,68
174,220
176,208
177,142
177,269
178,111
178,152
178,244
180,296
181,115
182,71
183,270
184,158
185,138
187,18
187,179
187,292
189,39
189,40
189,193
189,201
191,287
192,250
193,110
193,285
194,231
194,282
195,54
195,126
195,170
196,254
198,167
198,248
199,34
199,89
199,99
199,190
200,69
200,277
202,152
204,59
205,100
207,114
208,128
209,242
210,229
211,74
213,127
215,90
216,8
216,133
217,123
218,41
220,136
220,295
221,44
221,208
222,11
222,214
222,251
224,85
224,225
226,290
227,91
227,215
227,243
227,256
227,274
228,118
229,83
229,223
231,117
232,81
234,198
235,119
236,31
236,243
238,64
238,105
238,177
240,129
240,206
240,224
241,180
242,102
244,228
244,246
245,92
248,51
248,186
250,227
251,45
252,204
253,272
255,260
258,146
261,134
261,171
262,101
262,154
268,16
268,164
268,211
271,234
272,13
273,63
274,28
274,182
276,203
277,87
279,271
280,112
281,19
281,255
282,82
284,60
284,75
284,78
287,43
288,53
289,155
290,230
290,252
294,257
295,56
298,172
299,209
299,255
299,296
