source,target
1,280
3,49
3,128
5,47
5,159
5,235
6,286
7,231
8,121
8,152
8,239
9,248
11,4
11,218
13,71
14,40
16,30
16,34
19,153
20,66
20,211
20,262
21,262
22,169
24,149
24,252
24,282
25,6
28,124
29,26
32,101
33,96
34,46
35,247
36,116
37,172
38,124
38,140
38,177
39,120
39,148
40,242
42,150
45,235
51,16
51,162
53,287
55,241
56,298
57,268
61,146
63,194
65,264
67,61
68,17
68,197
68,230
68,265
69,168
72,50
73,245
75,139
76,177
76,246
78,293
80,64
80,216
81,43
81,234
82,187
83,99
83,176
83,283
86,11
88,134
89,196
89,257
90,32
90,201
91,33
92,2
93,167
95,48
95,53
96,171
96,228
97,232
98,165
99,224
100,93
100,219
101,3
101,103
102,59
102,100
104,223
105,132
106,227
108,163
108,236
109,210
110,184
111,207
113,108
115,23
115,44
115,288
118,50
119,90
123,207
127,280
130,20
130,84
130,129
130,244
132,13
132,199
133,259
135,136
136,12
138,272
139,110
140,24
140,111
141,202
143,5
143,284
144,194
145,227
146,0
146,220
147,18
147,83
148,65
148,229
149,225
149,256
150,158
152,52
152,183
152,195
154,38
154,137
154,179
157,155
157,257
157,278
158,224
159,122
159,164
159,165
160,91
160,186
161,126
161,130
161,133
164,191
167,190
167,243
167,295
171,147
172,69
172,154
174,8
174,19
177,86
177,136
180,35
180,62
180,63
181,58
181,244
181,292
182,74
182,82
183,112
184,249
184,273
185,285
187,57
189,15
190,183
192,254
193,54
195,87
195,128
195,170
195,291
196,192
196,263
197,259
198,19
199,81
200,103
200,249
204,250
206,278
207,15
209,221
210,85
210,105
211,173
212,31
212,76
213,188
213,220
214,88
214,118
215,127
215,138
215,226
218,41
219,54
222,13
223,113
225,145
225,271
226,159
226,258
227,70
230,203
231,143
233,10
233,95
234,60
236,69
237,215
238,2
238,118
238,142
238,180
240,25
244,116
244,166
244,290
245,125
245,192
247,44
247,217
247,270
248,37
248,279
248,286
250,179
251,9
251,55
252,156
253,27
253,60
253,111
254,114
255,182
256,178
257,29
257,213
258,80
258,109
259,79
260,55
261,58
263,251
263,281
265,151
266,174
266,269
267,22
267,99
267,232
268,185
270,104
271,30
271,56
274,135
275,78
275,208
275,289
276,205
276,228
278,277
283,48
283,94
283,141
283,209
283,266
285,77
285,89
287,117
287,175
288,131
288,148
291,238
293,40
293,68
294,11
296,137
297,290
298,133
299,107
299,213
