source,target
0,285
1,197
2,179
4,0
5,180
6,240
6,243
9,225
9,249
11,258
12,275
12,287
13,194
15,17
15,212
16,18
16,275
18,8
19,183
20,26
20,91
20,119
20,212
22,184
22,262
23,149
23,220
25,174
27,66
27,169
27,232
30,19
31,293
32,142
32,219
32,224
33,271
34,280
35,193
36,43
38,156
41,115
42,150
43,50
44,196
45,7
45,40
45,250
45,255
46,101
46,118
47,67
47,233
48,141
51,124
51,162
52,153
52,170
55,192
55,289
56,194
56,231
57,61
57,210
57,273
58,141
58,288
63,161
67,272
68,181
69,30
69,84
70,264
70,284
72,241
73,205
74,114
75,78
77,29
77,80
77,148
77,281
78,139
78,293
80,105
81,234
83,1
83,27
85,45
85,133
87,154
88,134
88,248
89,137
90,131
90,201
91,116
91,126
91,176
91,200
91,211
92,90
93,298
94,177
94,196
95,53
95,282
96,135
97,123
99,9
99,30
99,96
100,24
100,173
102,14
102,100
102,140
103,20
106,121
108,36
108,299
111,98
111,120
111,290
112,103
113,144
114,102
115,107
115,171
117,98
118,167
119,168
121,256
122,97
122,215
122,237
124,13
124,79
124,166
129,163
130,21
132,4
132,138
132,199
136,112
136,277
137,236
138,43
138,145
140,62
140,257
140,291
141,198
145,68
145,245
146,97
146,203
146,269
147,65
147,278
149,88
149,297
150,155
150,158
150,204
152,257
154,59
154,251
156,119
157,82
157,127
158,132
159,229
160,187
160,247
161,18
163,6
163,49
163,70
163,228
163,231
164,165
167,297
169,69
172,96
172,113
174,179
174,195
174,266
176,115
178,255
179,71
180,34
180,64
180,259
184,52
184,74
184,88
185,10
185,120
185,235
186,14
186,37
188,213
192,123
194,175
194,298
195,261
198,60
198,294
200,44
200,239
200,245
201,73
202,136
202,246
205,117
206,175
209,37
210,85
210,226
212,110
214,223
216,5
216,80
217,283
218,106
219,100
219,242
221,209
223,108
223,151
223,191
223,263
225,39
225,72
227,273
229,75
230,55
232,182
232,222
234,86
236,58
236,130
237,42
239,128
240,33
241,202
246,190
246,234
246,238
250,25
250,217
251,147
251,189
252,176
253,62
253,272
253,295
254,16
255,207
256,244
256,247
258,204
259,3
260,142
261,104
265,155
267,38
268,143
268,213
270,99
271,186
272,208
274,107
274,125
276,78
276,89
278,76
278,249
279,77
279,268
280,164
280,195
280,252
282,28
282,59
285,54
286,56
286,127
286,256
287,214
288,254
290,35
290,135
291,172
292,79
296,276
297,109
