source,target
0,53
1,19
1,193
7,182
8,171
8,271
12,294
13,194
14,149
14,195
15,129
16,274
17,36
18,112
20,251
22,21
24,140
25,149
30,84
31,101
31,162
32,72
32,244
32,270
33,52
33,80
33,91
33,267
34,38
35,49
36,68
36,113
36,163
36,289
38,83
38,145
38,186
38,190
39,40
40,17
40,134
42,31
43,125
43,210
44,5
46,189
46,250
47,228
48,115
49,299
51,230
52,169
52,285
53,127
54,141
57,117
59,154
60,23
60,257
63,89
65,60
65,264
65,290
69,45
69,235
70,275
70,277
71,61
71,212
73,15
73,119
74,83
76,252
77,148
77,273
78,245
79,259
81,43
85,80
85,294
86,216
86,263
87,22
87,166
87,173
88,5
88,271
90,39
90,201
91,100
92,131
93,191
96,26
96,27
96,177
96,264
97,206
97,232
98,107
98,254
98,276
99,103
99,279
102,164
102,288
104,261
105,51
110,105
111,99
112,169
113,46
115,25
115,224
115,280
116,160
118,200
118,239
119,3
119,35
120,155
120,165
121,33
122,75
124,13
126,91
126,293
127,280
128,176
128,188
130,243
130,287
132,158
132,187
132,215
133,236
136,240
139,175
140,128
140,135
141,281
142,163
143,287
144,30
144,181
147,180
148,65
150,97
151,156
152,157
153,202
154,103
154,137
154,295
155,146
156,182
158,168
159,62
160,62
160,197
161,66
162,218
166,73
166,217
167,150
167,175
167,253
168,46
168,50
168,165
168,246
170,10
171,51
171,223
171,291
172,178
172,223
172,241
173,220
174,247
174,266
175,28
175,208
179,71
181,58
181,292
183,124
183,176
184,268
185,70
185,268
186,32
186,157
191,20
193,152
194,109
194,284
195,95
196,269
197,133
198,260
199,204
202,93
202,203
203,106
204,138
204,179
206,18
207,167
210,226
211,173
212,196
213,7
213,227
213,260
214,64
214,146
217,9
218,250
219,118
221,242
222,185
222,258
223,263
224,288
225,130
226,78
226,259
226,278
227,85
228,209
229,74
229,108
229,249
231,214
233,4
233,48
233,170
235,2
235,11
235,82
235,88
236,141
236,153
237,189
239,253
240,69
242,29
242,219
243,54
243,161
244,147
244,171
244,174
245,132
247,15
247,252
248,29
251,298
254,114
256,8
257,122
257,213
262,101
263,56
265,90
265,228
265,276
269,67
269,104
271,192
272,229
272,255
273,123
274,92
274,94
274,126
276,41
276,205
277,34
283,19
284,102
285,233
286,6
286,291
288,63
288,234
288,246
289,55
291,282
292,122
293,297
295,25
295,212
295,238
296,107
297,117
298,37
298,183
299,77
