source,target
1,60
1,168
2,214
3,149
3,267
5,271
6,266
8,137
9,202
9,263
10,182
11,69
14,151
14,176
14,291
15,159
15,207
16,252
17,40
18,6
19,174
19,247
20,157
20,183
20,276
20,290
21,158
22,25
22,32
22,87
22,181
23,220
24,115
24,285
25,136
25,243
25,249
25,289
26,211
27,37
27,176
27,212
30,184
30,271
31,83
31,101
33,185
33,209
35,200
37,100
37,232
40,221
41,218
42,293
43,129
44,224
45,185
46,124
47,264
47,265
52,33
52,77
52,153
54,146
54,274
56,157
58,192
59,243
60,98
60,156
61,146
62,89
62,253
62,282
64,279
64,298
65,49
65,50
65,217
66,127
67,152
68,14
69,4
69,45
71,179
71,215
73,166
73,242
73,259
74,97
76,191
77,29
80,88
80,240
81,227
83,118
83,190
84,41
84,97
86,177
87,148
88,216
90,39
90,78
90,120
92,229
96,103
96,211
99,30
102,7
102,22
105,203
105,237
105,255
106,218
107,276
108,253
109,210
110,70
110,260
111,199
115,35
115,278
115,288
116,36
116,219
117,57
118,65
118,72
118,91
119,171
119,208
120,165
121,21
122,215
122,230
126,183
127,53
131,114
133,10
134,109
134,267
135,232
136,12
137,251
138,93
139,110
140,246
141,101
142,64
142,172
142,241
142,281
143,257
143,260
144,85
144,134
145,138
146,155
147,248
148,123
150,40
152,228
152,269
152,286
154,46
156,34
156,119
158,135
161,113
161,283
162,15
163,16
163,96
163,226
166,116
166,132
167,112
170,52
171,99
172,37
172,161
172,202
172,223
173,148
175,103
175,125
175,150
176,198
177,93
177,94
177,178
177,234
178,142
179,112
179,180
179,250
179,262
180,246
180,287
182,255
184,2
184,268
186,73
186,96
186,160
186,269
187,249
188,277
189,87
189,164
191,64
192,51
192,108
194,90
194,225
195,128
195,170
195,295
197,293
199,57
201,203
203,13
205,238
205,252
207,199
209,67
209,79
210,81
210,106
211,130
213,235
214,231
215,127
216,294
217,121
217,270
220,79
223,196
227,0
227,105
228,82
228,265
231,75
231,163
232,114
233,165
233,244
236,20
236,63
236,124
236,256
237,62
237,204
239,169
239,270
241,104
244,92
244,98
244,111
244,206
245,35
245,193
245,197
247,72
250,222
251,38
251,223
254,129
257,77
257,213
258,159
260,248
261,278
262,95
266,261
272,250
274,236
275,16
277,91
280,186
282,1
282,28
282,254
284,194
287,281
288,8
289,3
289,55
290,27
290,297
291,280
292,31
292,273
294,9
294,224
295,48
296,32
299,49
