source,target
2,67
4,11
4,122
5,8
6,38
6,246
7,182
9,191
14,24
14,64
16,275
18,6
18,60
18,112
18,288
19,64
20,141
20,174
23,162
25,295
26,261
27,240
28,282
30,288
31,82
32,46
33,148
34,147
36,34
36,274
40,136
40,214
40,221
41,218
42,150
42,237
43,187
47,228
48,95
49,166
51,28
51,105
51,230
52,10
52,33
52,291
55,88
57,292
58,117
60,103
60,253
60,298
63,9
63,142
63,219
63,263
64,164
65,290
66,20
67,24
67,47
67,152
71,201
72,245
73,23
73,62
74,97
75,253
75,255
76,200
77,263
78,116
78,273
80,45
80,184
80,216
81,199
82,278
83,113
83,224
84,236
88,235
89,93
89,101
90,39
91,237
91,276
93,119
95,76
96,180
97,153
97,220
97,242
98,221
98,254
99,296
103,15
103,51
104,21
106,121
107,113
107,223
109,123
109,167
111,167
111,206
111,218
112,281
113,267
114,42
115,100
115,168
116,140
117,217
117,239
118,83
118,271
119,26
119,35
120,185
121,65
121,85
121,198
122,215
126,92
126,212
127,240
127,286
128,176
128,248
129,134
130,243
131,1
131,192
132,110
133,171
133,265
135,114
135,238
136,12
138,272
141,54
142,165
143,195
144,78
144,134
145,279
146,231
147,205
147,294
148,202
149,50
149,59
149,87
149,102
149,196
151,27
152,94
153,61
153,259
154,18
154,46
155,47
155,179
156,16
156,36
156,49
158,91
160,120
160,197
161,52
163,154
169,128
169,225
172,190
174,137
175,125
176,25
176,115
177,14
180,3
180,56
180,118
180,231
181,17
181,244
182,53
182,139
183,174
183,186
184,79
185,0
185,33
185,70
185,77
186,217
187,155
187,173
190,44
190,171
191,158
191,270
194,90
194,175
194,208
194,285
194,287
195,251
196,55
196,157
196,186
199,139
200,194
201,29
203,13
203,202
207,179
209,22
210,45
211,142
212,177
212,256
213,75
213,188
214,22
219,37
222,226
222,272
222,275
223,193
223,252
223,286
227,125
229,89
230,122
232,74
232,182
233,277
234,207
235,143
235,216
236,98
236,189
241,172
242,29
243,6
244,32
244,131
247,104
247,160
248,280
249,255
250,111
250,170
251,63
252,8
252,156
252,159
257,213
258,204
258,226
259,49
259,68
259,124
260,80
260,110
261,34
261,69
263,72
263,86
264,268
266,161
268,198
269,7
270,99
276,265
276,297
277,53
277,62
277,136
278,108
278,291
279,184
282,149
282,262
283,111
283,298
284,38
287,247
289,21
290,133
292,17
293,203
295,152
295,178
295,183
297,107
297,116
299,148
