source,target
0,56
1,131
2,238
3,26
3,49
7,146
8,290
9,6
9,65
9,267
10,80
11,71
12,131
12,275
13,109
14,64
15,179
15,219
16,34
16,134
16,182
17,206
19,9
19,83
20,243
20,269
20,279
21,190
21,278
22,136
22,168
24,20
24,62
24,87
28,40
28,284
29,242
30,87
30,147
31,107
32,23
32,90
32,161
32,166
32,189
32,196
34,236
36,27
38,8
38,288
42,293
43,129
43,151
44,124
44,295
45,85
45,255
47,67
50,165
54,176
54,193
55,96
56,231
57,13
57,61
57,117
59,63
60,113
61,221
62,89
63,251
63,254
64,19
64,175
65,241
67,272
68,145
70,264
70,268
71,218
72,117
72,127
72,227
73,164
73,208
74,235
75,253
76,278
77,53
77,125
77,257
77,273
78,275
79,68
80,12
80,79
80,85
80,184
81,39
81,199
83,98
85,33
86,55
87,247
91,158
91,211
91,237
91,276
91,283
95,157
95,189
95,281
96,58
96,265
97,11
99,32
99,94
100,115
107,183
108,135
108,274
108,298
110,30
110,260
111,250
113,140
113,161
114,213
114,232
115,149
116,276
117,205
118,46
118,92
118,248
119,256
121,65
123,192
127,42
128,141
128,169
128,271
130,243
132,110
132,215
133,283
137,25
139,4
139,258
141,6
141,202
141,296
144,92
146,61
148,224
148,264
150,48
150,68
151,72
152,28
152,102
152,209
154,104
154,167
155,214
156,101
158,160
158,191
158,266
159,5
159,160
159,222
161,52
162,15
162,51
163,27
163,228
166,93
167,109
168,77
168,118
168,119
168,126
168,250
168,297
170,166
173,100
173,285
174,195
176,37
176,44
176,244
178,142
178,246
179,82
179,204
180,3
181,144
183,127
183,263
185,10
185,143
187,74
187,114
188,128
190,18
190,280
190,286
192,108
194,287
199,57
199,207
201,29
201,106
204,138
208,201
208,203
210,81
210,105
210,120
211,26
213,188
213,220
213,299
216,237
218,41
219,180
223,100
223,154
223,197
225,194
226,71
228,66
230,51
231,69
231,268
234,123
234,246
236,112
236,163
238,102
239,152
240,153
242,43
245,50
246,259
249,175
249,200
251,35
251,137
252,223
256,171
257,122
257,249
259,153
261,84
261,252
261,262
262,214
265,282
266,24
267,99
267,139
267,154
267,163
269,196
270,50
270,211
272,203
272,229
274,54
277,233
280,22
280,186
281,217
282,70
282,261
284,70
284,226
284,287
285,233
287,88
288,12
288,172
288,177
288,234
289,21
289,101
291,119
291,195
292,17
292,79
294,248
295,118
295,137
295,212
295,253
296,103
298,198
