source,target
0,285
1,205
2,12
2,55
2,158
3,116
4,21
4,71
5,112
6,34
6,137
6,209
7,243
8,122
10,241
12,56
12,60
12,252
13,216
15,41
15,195
18,14
18,114
18,151
18,215
19,97
19,292
20,50
20,61
20,299
23,223
25,214
27,125
27,126
27,199
28,134
28,225
29,259
31,149
31,233
33,291
34,13
35,47
35,221
36,81
38,54
40,101
41,9
41,193
43,134
44,84
45,227
46,80
46,204
47,264
49,68
49,109
51,88
51,194
53,50
54,212
56,159
56,271
57,156
58,98
58,263
61,238
63,94
64,102
66,36
67,21
69,86
72,51
73,168
74,144
77,100
78,260
79,30
79,53
80,127
83,70
83,167
84,10
84,110
84,144
85,52
88,20
88,172
88,251
93,17
93,185
94,226
95,244
98,162
98,183
98,267
99,175
99,197
102,27
103,59
103,73
104,154
105,6
105,143
106,1
106,169
107,33
107,284
108,138
108,224
109,87
109,200
110,111
110,182
111,19
112,82
112,150
115,97
115,181
117,146
117,245
118,194
119,258
120,228
120,275
121,289
121,297
122,65
123,296
124,143
125,235
125,266
128,178
129,195
130,136
130,204
131,283
136,37
136,131
136,218
137,26
137,153
139,215
140,78
144,222
145,23
145,89
146,73
146,130
146,202
147,64
148,272
149,281
150,188
150,298
151,106
151,142
154,266
155,35
155,92
156,69
157,49
158,9
158,39
158,42
158,155
160,279
161,160
163,148
164,179
165,180
165,223
165,274
169,186
169,207
171,147
171,239
172,16
173,201
174,118
178,30
179,132
179,273
181,170
183,65
183,288
187,280
190,28
191,100
192,48
192,72
192,295
193,24
193,141
193,203
196,198
196,293
197,282
199,7
201,37
201,75
201,101
201,133
201,242
205,265
205,294
207,236
208,2
208,32
209,231
210,207
212,22
212,213
212,261
213,45
213,90
214,76
214,171
216,77
216,93
217,175
218,247
219,190
220,48
220,85
224,165
224,240
224,255
225,123
226,117
227,149
228,157
229,15
229,259
232,184
232,294
234,210
235,278
237,4
237,116
237,140
238,158
238,296
239,152
244,96
244,155
246,58
247,31
247,91
247,99
248,11
248,167
248,246
249,42
249,68
250,137
250,198
252,69
252,105
252,176
252,235
253,180
254,208
255,166
256,11
257,16
258,199
258,230
259,292
263,189
265,229
266,206
268,135
268,139
269,29
269,36
270,290
271,113
272,241
272,287
273,211
273,248
274,187
276,109
277,163
279,191
280,169
282,268
286,87
288,71
288,193
289,67
290,262
292,0
295,177
296,291
298,18
298,62
298,290
