source,target
0,15
0,266
3,73
5,241
5,269
7,95
9,79
10,31
12,84
12,195
12,217
13,98
13,277
14,134
17,143
19,115
20,127
20,244
21,24
21,265
27,82
27,165
27,268
27,295
28,145
28,194
29,48
31,84
31,177
31,252
33,136
33,142
33,235
34,264
34,290
34,294
35,141
35,225
36,198
36,254
38,32
38,54
40,11
40,16
43,39
44,9
44,58
50,16
50,148
51,111
53,50
55,247
57,100
59,103
61,243
63,68
63,158
65,8
65,57
65,106
67,107
68,207
68,291
69,62
69,101
70,168
70,190
70,281
72,38
74,80
74,87
75,34
76,3
76,153
77,175
78,42
81,176
82,20
82,192
83,45
83,70
86,259
87,147
88,112
90,170
91,13
91,118
92,273
93,76
94,116
94,242
98,272
99,214
100,137
102,83
102,251
103,46
103,65
105,6
105,51
107,85
108,96
108,117
108,229
111,0
111,53
112,150
114,220
115,14
116,262
119,248
119,294
120,104
120,183
120,189
121,274
123,129
123,209
126,163
129,87
130,45
130,109
132,148
133,128
134,237
135,178
135,186
135,211
135,234
137,102
140,67
140,92
141,200
142,151
143,113
144,277
145,197
146,1
146,287
147,47
149,222
152,110
152,252
153,275
154,78
154,246
155,36
156,93
157,179
159,88
160,289
162,284
163,192
164,165
166,18
166,60
166,199
167,35
167,36
167,77
168,184
169,26
169,202
169,223
170,10
170,124
170,138
173,52
173,181
174,94
176,77
177,49
178,128
179,41
179,86
181,30
181,210
182,71
182,162
183,223
183,263
184,237
184,255
185,295
187,25
187,60
188,280
190,7
191,177
192,238
193,50
193,164
194,123
194,169
194,239
195,154
199,213
199,218
201,131
201,202
202,122
202,293
203,159
204,9
204,19
206,17
208,157
209,105
209,270
210,296
211,22
211,206
211,224
212,61
212,219
212,278
213,38
213,61
213,89
213,226
213,267
216,205
219,125
219,250
221,8
221,172
222,155
222,288
223,214
223,220
224,190
225,182
225,259
227,21
230,249
231,39
231,63
231,230
232,23
232,139
232,216
233,232
233,260
236,37
236,59
236,108
237,242
240,107
243,188
245,5
245,7
246,167
247,12
247,232
253,233
255,141
256,245
257,56
258,56
258,72
258,228
259,20
261,212
261,215
264,297
265,171
265,243
267,256
268,282
271,62
271,198
272,166
272,240
273,66
274,29
274,231
275,4
276,97
276,161
279,5
283,108
284,160
285,169
286,298
287,112
287,236
289,121
289,153
291,180
292,2
292,43
292,196
293,64
295,248
296,151
296,161
296,193
298,18
299,189
