source,target
0,7
1,294
2,174
2,262
3,15
3,17
4,161
4,266
7,243
8,30
9,5
10,154
12,172
12,211
13,179
13,258
13,291
14,37
14,40
16,294
17,69
18,220
18,242
19,225
20,143
20,212
23,46
23,201
23,263
24,34
24,72
24,298
26,295
27,114
27,290
28,134
31,129
31,157
31,287
32,50
32,248
34,231
34,272
36,66
36,230
36,299
37,59
37,183
37,236
40,176
41,109
42,84
45,91
46,168
47,16
47,35
47,57
48,235
49,259
51,115
51,121
51,152
52,173
53,162
54,257
55,83
56,105
57,205
58,44
59,296
60,79
60,273
61,140
61,238
62,298
63,228
64,63
64,85
65,299
66,14
66,95
66,229
68,29
69,184
70,118
70,122
71,155
74,185
75,116
76,93
77,107
77,117
77,172
78,199
79,215
81,71
84,98
84,119
84,182
84,195
86,144
89,10
89,232
90,43
90,71
90,89
90,219
90,250
92,11
93,210
93,274
95,106
96,148
100,98
100,246
101,131
102,19
102,46
102,152
104,6
104,163
107,92
109,40
109,53
111,45
112,18
113,30
113,70
114,126
114,275
115,282
118,22
118,200
120,51
122,244
123,19
127,203
128,26
128,280
131,267
132,191
132,278
132,286
133,207
135,64
136,73
137,204
138,282
139,56
141,47
141,130
141,245
143,124
146,269
147,108
147,142
149,49
155,199
156,87
158,2
160,284
161,183
164,182
166,143
167,33
167,249
168,6
171,181
171,196
171,239
172,82
172,216
177,90
179,55
181,260
181,281
182,150
183,39
183,99
184,58
185,162
186,99
187,83
187,276
188,243
189,31
190,43
190,137
191,49
191,68
191,177
192,42
192,145
192,264
192,297
193,149
194,36
195,136
195,205
196,151
199,233
200,100
201,81
202,169
202,293
205,197
206,141
206,248
207,226
208,75
208,165
208,254
209,250
210,234
211,156
211,206
212,31
212,192
213,7
213,193
214,25
214,221
215,54
215,253
217,171
220,178
220,218
220,256
220,286
221,33
222,64
222,261
222,297
224,292
225,134
226,94
227,155
230,146
231,94
231,101
232,222
232,223
235,233
237,4
237,295
238,290
239,194
240,107
241,277
242,103
247,129
248,21
249,67
250,270
251,56
251,97
251,159
251,198
252,62
254,139
254,144
255,237
257,227
258,125
262,110
262,130
262,175
264,58
265,102
267,67
267,265
268,187
271,45
271,148
275,12
275,139
276,159
277,0
277,88
278,38
279,115
282,153
283,229
284,256
288,180
288,230
289,142
289,208
290,127
292,116
293,173
293,181
293,285
294,9
296,20
296,210
297,271
298,80
299,170
