source,target
0,227
0,294
1,66
3,58
3,254
4,121
4,139
5,105
5,217
5,273
5,297
12,96
14,290
15,28
16,85
17,166
18,36
18,233
19,123
19,204
21,22
21,67
21,215
22,66
23,248
24,126
25,269
26,96
28,87
28,167
29,21
32,274
33,136
34,172
35,236
38,118
38,195
39,132
41,141
41,257
41,272
41,288
43,40
43,243
44,253
46,31
47,90
48,102
48,182
50,90
50,155
50,163
51,47
51,110
51,111
51,190
53,139
58,98
60,29
60,32
60,64
60,226
62,193
63,50
64,178
65,8
65,27
66,14
67,41
68,268
69,156
70,11
71,140
72,22
77,232
78,114
78,119
79,30
79,169
80,55
80,152
81,144
83,175
84,60
85,13
85,52
85,133
85,144
86,262
87,16
87,74
87,261
89,278
90,18
90,204
90,216
90,267
92,151
93,17
93,210
94,80
95,3
97,69
97,187
98,63
98,198
98,223
102,285
103,53
105,291
107,4
107,220
107,240
108,25
108,37
108,130
112,0
112,20
112,120
113,70
113,76
114,250
115,197
116,85
116,230
119,165
120,88
121,7
121,56
121,95
124,89
125,18
125,213
126,27
126,33
129,116
129,298
131,176
133,128
134,161
136,122
136,153
137,177
137,270
138,37
140,110
142,26
143,133
146,225
148,272
149,189
150,112
151,26
151,173
151,262
151,275
152,191
153,99
153,115
154,286
155,49
155,54
155,169
155,277
156,65
156,75
156,205
156,232
157,267
159,187
162,62
162,160
164,51
164,228
167,42
170,211
170,221
171,94
171,147
171,293
172,221
172,295
174,296
176,100
176,237
176,244
179,224
180,9
180,252
181,293
182,146
182,208
182,242
183,125
183,263
186,282
187,11
188,150
189,134
190,242
191,273
191,286
192,10
193,43
194,101
195,245
196,109
197,57
197,209
198,82
199,218
200,212
201,162
202,132
203,295
207,127
209,101
209,129
212,46
212,61
213,45
214,138
215,231
217,247
218,6
218,12
218,83
219,100
221,207
222,142
224,17
226,117
229,147
230,39
230,84
230,289
232,91
233,184
234,135
236,31
236,186
236,280
237,161
237,292
238,254
239,103
241,258
243,131
246,167
247,107
248,5
248,59
248,192
248,206
249,235
249,253
250,223
251,73
252,41
252,104
252,276
254,174
254,235
255,241
255,251
256,118
256,145
256,168
258,35
260,249
264,265
265,57
266,0
268,15
268,112
268,135
268,224
269,105
269,109
270,185
270,279
271,203
271,259
272,158
272,172
273,195
276,222
276,278
277,180
279,201
281,8
282,275
283,102
284,97
287,72
289,106
292,2
292,19
299,255
