source,target
0,32
0,76
0,189
3,35
4,36
4,82
7,245
7,250
8,169
10,111
10,124
10,170
12,103
13,272
16,1
16,268
18,21
18,92
18,176
19,67
20,157
22,267
23,0
24,6
25,85
25,161
26,151
26,210
27,125
27,290
31,84
33,25
33,232
34,79
34,86
35,110
36,54
36,256
37,142
37,229
38,139
38,272
39,146
39,182
41,246
42,183
43,61
44,4
44,215
46,96
47,2
47,147
48,28
48,282
48,287
49,256
50,58
51,269
54,20
54,104
54,123
54,129
54,275
55,187
55,192
55,238
56,52
56,251
57,156
58,12
58,16
58,206
59,55
59,202
60,87
61,18
62,43
62,162
62,261
64,216
66,69
67,223
67,299
68,207
68,271
69,120
70,186
72,109
72,209
73,41
73,154
74,130
78,80
78,106
83,172
83,279
85,293
86,264
87,11
89,169
90,83
91,158
92,244
96,211
97,249
98,240
99,33
100,27
100,53
101,74
101,113
103,78
103,117
104,38
104,163
107,11
107,227
107,231
108,265
109,77
110,70
110,159
110,233
111,62
115,282
116,14
116,230
116,252
119,120
120,102
121,258
122,199
123,91
128,298
132,177
133,188
134,48
135,178
135,226
136,123
136,175
137,26
137,146
139,161
139,238
140,71
140,126
140,166
140,225
141,88
141,274
144,148
148,281
149,152
151,121
152,288
155,140
155,266
156,184
157,173
160,243
160,289
161,270
165,45
165,245
168,77
168,292
172,164
174,9
174,260
176,81
176,100
179,34
179,172
181,30
181,153
183,141
184,112
184,262
185,150
186,59
187,284
188,258
188,280
189,237
190,217
191,105
192,168
193,132
194,118
194,259
195,75
195,276
197,145
197,232
198,185
199,277
201,202
204,196
205,28
206,64
207,127
207,181
207,226
208,2
208,185
210,138
211,149
211,273
212,236
212,257
213,101
214,94
214,137
214,178
217,84
217,261
218,131
219,171
219,190
220,31
221,294
222,144
225,5
225,51
228,46
228,142
228,143
231,22
234,135
235,212
236,108
237,208
238,17
239,117
240,107
240,283
241,10
242,16
242,131
243,15
243,40
243,116
245,63
247,3
248,295
249,88
251,44
251,73
251,101
252,29
252,191
253,60
255,275
256,263
259,47
259,72
260,194
261,89
264,24
264,98
265,97
267,29
267,65
267,75
267,136
268,224
269,95
269,253
273,180
274,255
275,184
277,114
278,45
278,270
278,285
279,254
280,93
286,129
286,200
286,204
287,69
287,92
287,281
288,13
288,203
290,132
290,174
291,167
291,268
292,214
294,134
294,277
295,198
296,291
297,56
297,80
298,163
299,228
