source,target
0,79
0,244
3,204
5,4
5,222
7,213
9,93
9,205
11,248
12,80
12,96
12,160
12,218
14,6
15,271
16,85
17,61
18,107
20,2
20,29
20,263
22,262
23,120
23,215
27,65
27,187
28,10
29,140
29,206
30,181
32,55
34,279
35,48
35,54
36,39
38,18
38,110
39,166
39,211
40,101
40,266
41,134
42,162
43,72
43,232
44,118
44,288
47,15
47,259
47,264
47,291
48,277
49,94
49,174
50,58
50,98
50,137
51,269
52,49
52,173
53,33
53,103
53,136
53,158
55,247
58,183
61,189
66,105
66,112
66,148
66,155
69,14
71,223
73,40
73,151
74,48
74,252
77,33
77,70
77,123
79,106
80,159
80,293
83,284
84,257
85,195
91,198
92,199
93,76
95,154
100,97
100,255
101,209
102,46
102,62
102,125
104,176
106,25
106,78
106,135
108,89
108,207
108,229
109,295
111,206
111,298
112,86
114,42
121,137
123,111
123,257
126,50
126,64
126,246
127,95
128,185
130,90
130,124
131,37
131,73
131,90
131,214
132,119
132,144
133,229
134,196
136,117
138,67
138,103
139,265
140,268
141,225
144,56
145,34
147,108
148,281
149,9
149,193
150,100
150,185
153,194
154,132
154,142
154,152
156,155
157,149
162,71
162,216
163,186
165,278
166,35
168,105
168,129
168,297
169,63
169,122
171,117
172,176
172,258
175,201
178,220
183,53
185,270
188,113
189,191
189,237
189,249
192,69
192,197
194,87
194,268
195,20
195,132
195,224
197,66
197,68
197,177
197,272
197,282
199,167
200,77
201,81
201,219
202,282
204,109
204,168
205,274
207,178
208,2
208,182
209,18
209,231
210,93
212,60
215,261
216,146
217,161
218,10
219,190
219,218
220,157
221,8
223,127
223,143
225,139
226,26
227,104
227,180
228,230
229,94
230,16
231,30
231,43
231,245
232,31
232,216
233,91
235,13
235,21
235,60
235,82
235,245
236,170
236,280
238,145
239,152
240,44
241,41
241,215
242,203
243,119
245,7
248,23
248,32
248,179
249,74
249,242
250,36
251,159
252,199
252,228
253,91
254,184
255,19
255,238
256,243
258,165
260,9
260,26
260,126
260,135
262,184
262,222
262,294
265,115
265,275
266,125
266,234
266,292
267,24
267,55
269,25
271,45
273,182
275,69
276,88
277,163
278,164
278,266
279,21
280,169
280,188
281,287
282,169
283,142
284,99
286,27
286,41
286,118
286,200
287,1
287,273
289,57
289,92
290,144
291,107
292,116
292,285
293,8
293,153
294,224
294,284
295,59
296,17
296,161
297,75
297,88
297,233
299,114
