source,target
0,23
0,27
0,109
0,229
1,47
2,78
2,198
4,21
4,31
4,84
4,237
5,29
6,14
7,64
7,152
8,207
8,221
9,272
10,86
10,170
12,103
12,160
12,166
14,266
18,149
18,233
20,244
23,22
24,137
26,226
26,289
28,67
28,140
28,290
29,159
29,184
30,91
33,146
34,105
34,162
34,222
34,281
35,47
36,291
38,286
39,171
41,174
41,238
44,101
48,52
48,77
48,151
48,190
49,157
49,257
49,285
53,134
53,287
55,232
56,120
56,225
57,144
60,32
60,100
62,23
68,197
68,202
69,218
69,256
70,186
74,4
77,142
79,11
79,181
80,71
81,97
81,102
82,112
84,35
85,169
86,262
87,145
88,154
88,168
88,174
89,114
89,138
89,201
91,64
91,247
93,9
93,128
93,274
94,49
94,150
95,108
95,187
98,38
98,130
100,251
101,158
102,15
102,236
104,48
105,45
106,228
107,284
108,46
110,189
111,62
111,123
111,240
112,275
113,143
116,6
117,164
117,190
117,221
118,13
118,42
118,119
118,288
121,259
122,99
122,117
124,276
125,63
125,223
127,277
128,185
129,54
129,73
129,292
132,7
133,205
134,84
134,205
134,278
135,293
136,42
136,160
136,244
137,96
137,116
138,76
139,161
139,232
143,89
143,228
144,126
144,183
144,199
144,265
146,230
149,51
149,193
151,102
151,179
153,115
153,194
154,3
154,189
155,224
158,21
159,249
161,224
163,74
165,103
166,104
166,270
167,0
168,5
168,59
168,199
170,70
170,250
171,125
172,72
172,131
174,68
176,236
177,80
178,268
179,65
179,66
179,153
181,152
182,50
185,164
188,94
190,50
191,17
191,220
191,291
192,172
192,264
193,206
195,85
196,77
197,92
198,39
199,299
201,219
201,251
202,141
202,282
206,24
208,233
209,31
210,26
210,241
211,161
211,273
212,90
212,295
213,136
214,65
214,170
214,227
215,44
217,172
218,43
218,296
219,75
220,27
220,252
224,248
225,63
226,135
227,191
227,257
231,30
235,87
235,250
237,167
239,289
242,90
243,61
243,183
243,259
245,58
245,71
245,195
246,238
247,75
247,129
247,277
248,16
249,294
250,175
252,156
252,298
253,177
254,53
255,25
255,200
258,235
260,223
261,258
262,180
263,69
264,20
266,40
266,234
268,19
268,112
268,156
268,267
269,81
270,148
270,256
276,88
276,107
276,286
279,211
280,93
281,146
281,216
281,231
281,255
281,273
283,37
284,83
289,108
290,34
290,85
290,271
292,203
292,210
293,214
293,283
294,204
294,254
295,40
295,41
297,175
298,2
299,147
299,173
