source,target
0,287
2,75
3,225
3,266
4,60
4,82
5,0
5,98
8,65
9,149
9,249
10,28
10,87
12,57
12,104
13,50
13,269
14,119
15,47
16,1
17,5
19,179
19,194
19,207
20,101
21,156
22,47
23,109
23,279
24,298
25,135
27,33
27,116
28,88
29,27
29,268
32,79
32,208
32,270
33,31
33,120
34,10
34,90
36,275
38,101
38,228
39,235
42,288
43,231
45,264
46,89
47,92
48,282
52,48
53,44
53,158
54,34
55,42
56,159
56,286
56,291
57,132
58,63
59,87
59,118
60,68
60,249
60,296
61,83
62,245
62,257
63,154
64,102
66,62
68,214
70,77
71,90
71,152
72,176
74,94
74,197
75,110
76,223
77,105
77,123
78,89
80,182
80,237
83,201
83,290
86,13
88,112
88,189
88,286
88,297
90,151
91,162
91,179
91,232
94,193
96,148
98,36
98,244
98,276
100,187
102,236
103,171
104,279
106,226
107,209
107,259
108,66
109,144
110,167
110,205
110,258
110,267
111,123
111,142
111,240
111,261
114,18
115,181
117,127
117,221
119,18
119,230
120,168
120,252
120,299
121,190
121,251
123,16
124,143
130,26
131,19
133,207
136,37
136,160
138,170
138,299
139,183
140,126
140,200
141,85
141,276
143,30
143,113
143,133
144,21
144,254
146,59
146,69
150,94
150,234
154,64
154,95
155,147
156,231
157,20
163,210
163,242
164,58
165,223
165,274
168,129
168,185
169,35
173,25
173,294
174,260
176,53
176,264
177,29
177,292
178,153
178,220
178,277
179,66
179,172
181,169
182,41
182,51
184,204
185,91
185,128
185,237
186,163
190,96
190,219
190,242
192,54
194,239
195,84
195,296
196,78
196,173
198,263
202,290
203,103
203,136
203,258
204,81
205,14
205,100
206,278
207,181
208,166
210,93
210,241
212,130
212,177
213,272
214,178
215,155
216,253
218,43
220,131
220,298
222,17
222,201
222,297
224,229
226,117
227,51
228,67
228,150
230,9
230,204
232,23
233,32
235,183
235,211
236,108
238,134
241,107
242,99
243,116
245,262
246,4
247,191
247,218
249,240
250,71
254,266
255,199
256,6
256,40
256,49
256,67
258,188
258,248
259,22
259,252
260,137
260,215
261,200
262,125
262,217
263,2
263,224
265,62
265,197
267,11
267,65
267,175
268,73
269,39
270,155
270,238
270,271
271,211
271,267
272,15
273,182
274,172
274,180
275,212
275,253
276,97
278,12
278,145
279,161
280,128
281,167
282,80
282,122
283,170
284,151
288,158
288,194
289,7
289,97
293,226
293,285
294,198
295,261
295,285
299,199
