source,target
0,172
2,174
4,104
5,279
6,43
6,74
6,164
6,264
7,60
7,245
9,33
10,236
11,237
11,281
12,45
14,18
14,144
15,123
15,200
16,267
17,24
17,155
18,163
20,28
20,215
21,274
22,132
22,217
23,248
26,127
26,128
26,265
27,34
27,102
28,159
28,167
28,257
31,35
32,50
32,79
33,99
33,291
35,51
36,107
36,134
36,152
37,76
37,204
38,184
40,83
43,149
47,126
48,32
48,75
48,254
49,4
49,47
50,206
51,206
54,299
55,198
57,58
58,114
60,15
60,260
61,97
62,285
65,8
65,139
65,229
66,1
67,89
67,163
69,100
70,186
70,282
71,191
71,227
73,153
73,191
81,253
84,70
84,158
84,235
85,64
86,244
89,292
91,159
91,246
95,154
95,249
97,80
98,11
98,86
100,46
100,182
100,271
103,14
104,120
105,261
106,213
107,20
108,138
108,175
109,156
111,73
111,240
112,88
113,271
115,51
118,101
119,78
119,268
121,95
123,87
123,252
123,299
125,208
129,116
130,136
130,190
130,284
132,131
132,193
132,253
132,286
133,41
134,250
135,181
135,214
135,293
137,103
138,52
139,290
140,39
140,225
141,56
142,255
143,231
144,203
147,207
148,245
151,287
152,269
154,7
155,40
156,121
157,41
157,53
157,88
157,196
158,91
160,210
161,157
162,201
164,263
164,278
166,72
168,77
169,122
170,151
170,169
170,194
171,239
172,35
172,109
172,272
173,96
173,241
174,237
175,25
175,219
177,21
178,160
179,66
179,127
179,177
180,42
181,170
182,197
183,235
185,150
187,242
188,243
189,13
189,110
189,125
191,177
191,239
192,278
193,212
194,166
195,47
196,55
198,9
198,251
198,262
198,292
199,167
201,111
202,68
204,194
205,162
207,30
207,92
207,115
207,117
208,220
210,124
210,224
212,119
213,101
213,226
213,249
214,221
216,274
218,42
218,69
219,295
220,31
220,209
220,223
221,93
225,146
227,3
227,17
228,44
228,106
228,150
230,36
231,30
232,98
232,276
233,254
234,135
235,64
236,178
237,29
239,261
240,59
241,272
242,161
243,116
243,199
248,270
251,97
252,12
252,62
255,141
255,166
256,6
256,145
257,16
257,82
258,4
258,165
258,187
259,258
262,100
262,222
262,267
263,205
264,176
264,297
266,49
266,83
267,58
267,296
268,19
268,130
270,112
273,259
274,63
274,247
275,146
276,184
277,273
279,211
280,188
281,108
281,218
283,171
284,277
285,266
286,225
287,256
287,294
288,222
289,57
289,160
290,94
290,145
291,211
294,34
294,168
294,202
296,238
298,232
299,90
