source,target
0,23
3,11
3,136
7,84
7,256
9,45
10,124
10,170
10,281
14,166
14,174
15,35
16,172
16,242
17,47
18,63
19,278
20,155
21,168
22,112
22,137
22,154
22,272
24,135
25,47
25,131
27,118
27,207
28,117
28,204
28,254
29,203
30,181
32,63
33,183
33,184
33,185
34,145
34,243
35,31
36,110
37,214
38,195
38,231
39,35
39,250
40,87
45,273
48,18
49,18
49,102
49,173
49,188
49,259
50,225
50,279
51,39
51,132
51,206
53,5
53,12
54,97
54,116
58,98
58,239
60,226
61,72
62,52
65,81
67,263
68,20
69,266
70,19
72,120
73,235
75,105
75,267
75,287
76,214
79,178
80,198
80,293
81,208
82,180
84,139
84,187
85,227
85,229
87,62
87,109
88,159
89,244
90,41
90,177
90,299
94,226
95,3
95,195
96,142
96,160
96,190
97,251
99,25
99,186
102,0
102,46
102,177
102,222
103,290
105,51
105,104
106,127
107,205
107,292
109,141
111,61
112,258
113,76
114,200
115,119
115,135
115,153
118,253
119,75
120,0
120,136
121,10
124,143
127,95
128,298
129,295
133,188
134,275
137,5
140,20
140,49
140,88
140,126
141,140
141,276
142,221
143,93
144,67
144,83
145,264
146,287
147,299
148,144
149,284
151,26
151,34
152,179
152,181
156,126
158,238
160,289
161,6
162,13
162,53
163,110
163,259
164,66
165,69
166,134
168,100
169,155
169,201
174,215
175,219
175,297
176,247
178,268
179,86
180,44
180,73
182,103
182,150
184,164
184,262
189,84
189,85
189,236
191,257
191,279
192,238
193,56
193,92
193,107
193,112
193,133
194,65
195,245
198,42
198,157
198,162
198,196
199,218
202,99
203,193
204,223
205,1
207,70
208,255
209,260
211,14
211,71
211,114
211,224
211,237
212,213
213,111
216,2
217,137
217,161
218,43
218,163
219,129
219,171
220,258
220,286
221,108
222,269
223,22
224,78
224,247
229,37
230,249
231,8
232,55
232,197
232,294
238,59
238,77
240,233
240,272
241,210
244,96
244,122
246,91
246,237
248,21
248,131
249,74
249,235
249,240
250,58
250,149
251,158
251,281
252,69
252,167
252,230
257,16
257,89
260,11
261,212
262,28
262,168
264,86
264,228
264,271
265,13
266,234
268,29
269,274
270,236
271,68
271,83
272,2
272,101
272,130
273,23
273,277
274,27
274,37
274,93
275,79
280,169
282,164
283,191
284,40
285,60
285,121
288,123
288,261
289,57
289,65
289,217
290,4
290,132
291,199
293,64
294,9
296,60
296,210
297,98
298,125
298,189
299,138
