source,target
2,12
2,148
2,197
3,23
6,43
6,156
6,231
7,257
12,146
12,171
14,92
14,144
15,25
15,261
16,57
17,143
17,237
18,257
21,205
21,291
25,106
25,250
26,96
28,48
28,79
28,176
31,238
32,20
33,75
33,200
34,123
37,237
38,107
40,243
40,258
41,134
41,212
43,39
44,13
44,120
46,108
48,240
49,60
49,135
49,193
50,130
50,206
52,26
54,14
55,80
56,38
57,91
58,137
58,239
59,35
59,186
60,161
60,223
61,233
61,280
63,139
63,263
64,178
66,1
66,7
66,119
66,132
68,55
69,287
71,260
72,287
73,153
74,202
75,195
75,232
75,246
76,141
78,32
78,84
78,103
79,160
79,254
82,97
83,47
83,70
85,114
86,66
86,140
87,247
88,297
89,78
90,40
90,256
91,30
92,229
94,56
96,211
98,58
98,289
99,168
100,57
100,69
100,122
100,209
100,248
102,219
102,255
104,18
104,268
107,61
107,169
107,277
107,291
109,252
113,271
115,213
116,45
116,176
118,129
118,273
119,157
123,192
125,131
126,266
128,93
131,295
133,150
134,163
134,265
134,275
136,217
137,214
138,89
141,15
142,293
143,124
143,133
144,0
144,47
145,197
151,170
151,196
151,269
152,102
154,28
155,147
155,245
156,155
157,49
158,2
158,281
159,277
161,105
164,145
166,133
168,212
169,179
170,221
170,283
171,33
171,65
173,8
175,147
177,21
181,169
183,195
184,27
185,262
188,280
189,17
189,35
189,42
189,125
190,96
190,224
191,127
192,36
192,216
195,85
197,74
197,101
198,9
199,32
199,152
200,4
200,236
201,83
203,42
204,109
204,110
206,10
206,62
206,193
207,138
207,221
209,228
212,77
213,106
214,177
216,162
216,172
216,198
216,274
217,5
217,200
218,37
218,220
222,51
222,279
223,67
223,199
224,246
225,51
227,180
229,259
230,208
231,215
232,24
232,31
235,95
238,81
240,286
241,23
241,54
242,99
242,117
243,281
245,142
245,167
247,34
247,244
249,29
249,153
249,154
251,97
251,274
251,299
252,62
253,165
254,270
255,164
258,165
260,251
261,189
262,7
262,111
263,44
264,53
264,71
265,108
265,183
265,194
266,234
266,278
267,204
267,227
267,273
271,264
273,112
274,93
274,187
274,210
274,233
276,220
277,120
277,272
278,19
278,98
278,149
279,55
279,104
281,11
281,64
282,87
284,11
285,50
285,184
286,208
286,267
286,288
286,298
288,144
289,121
290,6
291,191
292,22
292,196
293,8
293,198
293,226
294,16
294,235
295,228
295,285
296,140
296,174
297,41
298,182
299,90
