source,target
0,176
1,181
3,76
3,266
4,6
5,183
6,57
8,117
10,73
14,64
14,241
15,251
16,51
16,232
16,242
17,205
18,42
19,27
19,190
20,155
20,159
20,199
23,148
23,223
24,62
24,208
25,95
26,106
27,161
27,167
27,196
28,160
28,265
29,277
29,278
33,235
35,84
35,105
38,98
39,211
40,118
40,192
42,231
43,72
46,102
47,292
48,43
49,94
49,222
50,139
50,189
50,247
53,2
53,298
54,165
56,269
57,179
57,197
57,262
60,12
61,257
62,279
65,106
66,7
66,147
67,22
67,26
67,40
67,205
69,30
69,164
70,83
71,216
73,129
75,287
77,276
79,178
80,23
81,71
82,97
83,144
83,217
83,218
85,52
85,197
86,92
86,259
87,3
87,59
87,62
87,107
87,170
87,285
88,44
89,201
90,47
90,219
91,185
91,198
93,274
94,75
94,293
95,273
98,294
99,133
99,145
100,150
101,128
102,41
102,286
103,99
103,172
104,58
104,101
104,140
108,78
109,18
111,61
111,123
111,240
112,220
113,76
114,275
115,119
116,252
117,1
117,70
118,60
119,295
120,195
120,245
120,270
121,27
121,29
124,130
125,53
125,149
125,223
125,284
126,137
127,80
127,221
132,248
133,188
134,35
134,180
135,230
136,236
137,5
137,105
137,295
138,127
140,260
142,52
142,96
143,113
144,63
145,34
146,1
150,93
150,234
152,39
152,171
153,289
154,73
154,152
154,246
155,31
156,184
157,267
162,66
163,126
163,263
165,121
165,286
167,110
168,120
169,280
173,25
175,131
175,297
178,207
178,214
182,198
183,17
183,283
185,255
186,169
186,282
190,122
191,254
193,268
197,229
198,250
200,222
201,81
202,72
204,13
204,227
205,9
206,16
207,194
209,146
211,271
212,177
212,261
215,91
215,174
217,213
218,69
218,296
219,77
219,203
220,11
220,85
220,114
223,32
226,58
228,258
230,116
230,224
231,163
232,78
233,193
235,20
235,71
236,59
236,176
237,43
237,111
239,289
240,45
241,288
242,103
243,160
245,55
245,244
245,267
246,100
247,204
248,224
249,48
249,153
249,159
251,36
251,54
251,194
252,4
252,74
252,164
253,215
255,19
255,60
255,141
255,158
256,130
256,233
256,278
257,28
257,156
258,13
259,237
260,135
260,299
261,172
262,21
262,24
264,238
265,44
265,125
266,14
266,258
268,68
268,87
269,92
270,254
272,67
273,144
273,225
274,37
274,104
275,151
276,199
277,166
278,195
278,264
281,192
282,138
284,97
287,15
288,249
290,134
291,180
291,210
294,162
294,264
297,187
297,270
298,206
