source,target
0,34
1,80
3,14
4,31
4,60
5,58
5,81
8,28
8,33
8,36
9,75
10,86
11,80
12,6
13,97
14,5
16,1
19,32
19,70
20,39
20,48
21,65
22,17
23,73
24,88
24,91
28,76
32,46
34,54
34,56
35,26
36,40
37,42
38,18
39,67
41,28
42,2
44,15
44,49
44,99
45,77
45,94
47,0
48,93
51,87
52,40
54,4
54,71
54,84
55,30
55,46
58,35
59,66
60,12
60,93
61,27
61,59
62,8
62,25
62,38
62,57
63,43
64,7
66,42
66,71
68,78
69,21
69,50
71,11
71,22
71,73
72,49
74,82
75,64
77,26
79,29
82,7
82,13
83,57
84,96
85,68
85,77
86,3
86,53
88,85
89,36
89,47
90,39
92,45
92,55
93,79
94,89
95,84
97,62
97,63
97,65
98,24
98,87
99,55
