source,target
2,26
4,29
4,56
4,63
4,80
5,91
7,19
8,33
9,23
9,92
12,60
13,68
15,75
19,70
20,35
23,2
23,73
24,76
24,79
29,37
30,55
32,8
32,49
34,4
34,15
34,46
36,3
36,6
36,11
36,25
36,41
36,99
42,52
43,66
44,87
45,77
46,32
47,1
48,94
53,71
55,38
55,43
57,31
58,74
60,16
60,20
60,86
61,27
61,34
61,59
61,78
62,95
64,7
64,14
66,24
66,71
67,61
68,62
69,22
69,50
69,83
70,65
71,54
72,1
72,27
73,0
73,30
74,44
74,59
76,28
76,96
77,18
77,21
77,51
80,39
81,17
81,78
84,82
85,77
85,88
85,89
86,10
86,15
88,94
89,40
89,42
89,58
89,93
90,63
91,84
95,50
95,64
96,84
96,97
97,13
97,37
97,57
98,51
99,44
