source,target
0,14
1,16
3,61
6,9
6,42
6,99
8,36
16,10
16,66
17,22
17,64
19,10
19,52
20,60
21,77
24,76
25,37
26,89
26,93
27,80
27,90
30,22
31,11
31,82
32,82
34,25
34,61
34,67
37,40
37,79
37,94
39,26
39,35
41,28
42,2
43,27
43,55
43,59
44,49
44,87
45,28
46,77
47,0
48,96
49,91
50,38
50,46
56,98
57,62
60,16
60,86
62,13
62,18
63,29
63,33
63,43
64,7
65,13
65,63
69,50
69,83
70,19
71,58
71,74
73,0
73,23
74,15
74,20
74,30
75,31
76,57
77,45
78,1
78,81
80,4
80,11
80,39
80,72
82,88
84,4
85,89
86,12
86,53
87,51
87,56
89,68
92,12
93,48
96,23
96,53
96,97
97,5
97,21
97,94
98,24
98,54
98,95
99,36
99,44
