source,target
1,71
2,15
3,5
6,5
6,12
6,58
7,22
9,65
11,80
12,92
14,61
16,86
17,81
18,35
18,38
21,85
21,97
23,70
24,91
24,98
25,36
27,49
29,4
30,99
31,75
32,8
32,62
33,42
34,25
35,39
35,67
37,29
39,64
39,90
41,36
43,53
44,23
44,71
44,87
45,17
45,25
45,97
46,19
46,34
47,41
49,72
50,69
51,8
51,24
52,7
52,42
53,1
53,48
57,32
57,83
59,20
59,44
59,66
61,60
62,31
62,68
62,95
64,56
65,13
65,76
66,72
68,22
72,82
73,28
73,86
74,15
74,44
76,69
76,96
78,26
78,59
79,37
80,54
81,14
81,78
82,63
84,82
84,96
85,88
86,0
86,10
89,40
89,93
90,43
90,80
92,28
92,45
93,52
93,55
94,37
94,83
95,84
97,77
99,23
