source,target
2,42
4,75
6,25
7,82
8,43
8,45
8,51
9,65
12,6
12,60
12,82
12,92
13,83
13,88
14,81
16,2
17,8
17,81
18,38
19,10
20,17
20,35
21,97
22,7
22,69
23,9
24,79
26,0
26,20
26,77
26,89
31,63
33,46
34,54
36,3
40,39
42,33
43,53
44,74
44,84
44,99
45,94
46,64
46,72
47,25
48,53
49,32
49,66
49,86
49,90
50,21
51,87
52,37
52,58
52,93
56,4
56,64
57,97
58,5
60,3
60,31
61,14
62,92
63,21
64,15
64,39
65,13
65,38
67,26
68,30
68,41
68,89
71,31
71,44
71,54
71,58
72,1
72,27
76,19
76,70
78,67
79,22
80,1
80,11
82,10
83,61
84,78
84,91
84,95
85,68
86,73
86,96
87,98
90,29
90,80
92,28
92,55
93,59
98,56
