source,target
0,85
0,88
2,16
4,80
5,58
6,97
7,10
10,16
10,96
11,36
12,60
13,82
13,88
14,3
14,5
14,33
14,64
15,52
15,86
16,27
19,14
19,70
20,35
20,48
20,59
20,60
21,77
24,76
25,45
25,47
30,73
33,63
36,99
38,28
40,29
40,30
41,68
43,8
43,50
43,83
44,54
46,43
46,77
49,91
52,42
53,49
53,71
54,20
55,46
55,99
56,64
57,6
59,66
59,78
61,4
61,34
62,9
62,18
62,31
62,32
62,92
63,65
63,90
63,97
64,17
66,55
67,29
68,62
68,89
69,75
69,76
72,15
73,71
79,22
79,24
79,37
80,1
80,39
80,53
80,90
81,40
83,61
83,69
84,98
85,89
87,51
87,56
90,42
92,28
92,45
92,94
93,26
93,48
94,12
95,21
95,98
96,13
96,23
96,74
