source,target
1,16
1,27
1,47
1,72
3,14
4,61
4,84
5,3
6,40
6,89
8,33
8,51
8,75
9,65
10,7
10,19
10,54
11,80
12,94
13,68
13,83
14,24
15,74
16,10
16,60
17,22
17,81
18,62
19,46
19,70
20,22
21,65
25,9
26,20
29,90
35,58
36,11
38,57
39,35
40,52
43,63
45,28
47,0
48,93
49,26
49,43
49,53
49,55
51,98
52,79
53,96
54,20
54,87
55,42
56,64
57,8
57,31
59,2
62,32
62,41
62,45
62,92
64,39
66,2
66,43
69,24
69,50
69,98
71,66
73,76
74,82
75,15
75,34
75,94
76,19
76,23
78,67
78,81
79,29
80,1
80,4
82,88
82,97
84,95
85,21
86,0
87,44
87,51
90,55
91,84
92,9
92,35
92,38
93,37
93,89
97,13
97,77
99,6
99,30
