source,target
0,26
0,47
0,73
1,53
3,36
4,29
4,61
4,63
5,91
6,5
6,12
6,42
6,99
7,22
9,47
12,60
13,87
15,2
15,44
19,70
20,48
21,48
21,62
21,77
22,69
22,81
23,2
23,70
25,62
29,39
31,11
31,58
31,82
32,8
34,15
34,75
35,18
35,39
36,31
36,40
36,89
37,79
38,92
41,68
43,55
43,57
43,72
44,17
44,74
46,1
46,50
49,32
50,67
50,95
52,7
54,10
56,4
56,98
57,32
57,38
59,16
59,78
60,61
60,86
61,14
63,21
63,28
66,24
66,49
66,71
67,90
68,85
69,83
70,65
72,80
73,30
74,30
74,59
76,24
77,45
77,46
77,51
77,85
78,84
79,52
80,27
80,33
80,54
82,34
84,96
85,13
90,3
92,45
92,69
93,1
94,83
94,88
95,64
96,97
