source,target
0,77
1,93
2,10
3,16
4,56
5,14
5,81
5,91
6,97
7,22
7,38
8,57
9,92
9,94
10,54
13,68
13,88
15,86
20,17
21,76
23,2
23,99
24,61
24,98
25,38
25,62
27,90
28,63
28,73
29,37
30,74
31,9
31,48
32,49
34,4
34,46
36,12
36,31
36,99
38,8
39,20
39,40
41,36
43,27
43,30
43,46
43,72
46,33
47,35
49,78
50,43
51,8
52,15
60,3
60,93
62,18
62,68
63,75
64,39
64,87
65,70
67,29
67,39
67,50
71,11
71,22
74,15
74,94
75,19
75,34
77,26
78,84
79,52
80,11
81,40
82,7
82,65
82,69
84,96
85,77
85,89
86,3
88,24
88,85
89,41
89,42
89,47
89,58
91,66
92,21
92,55
92,83
93,59
95,64
96,44
96,53
96,86
97,45
97,57
