source,target
3,90
4,29
4,56
4,58
4,61
4,85
8,33
9,92
10,16
13,76
13,83
14,51
14,64
16,60
16,66
17,22
17,81
19,10
20,71
21,48
21,69
21,70
25,6
25,47
25,50
28,95
30,58
30,68
31,82
32,19
34,0
34,75
35,55
36,89
39,20
39,40
39,80
42,2
43,35
43,57
44,49
45,21
45,92
46,72
49,59
49,66
49,91
50,69
51,87
52,37
52,42
52,79
53,43
57,12
57,38
58,1
61,14
62,45
63,28
64,15
64,52
65,38
67,39
69,98
70,65
71,34
72,13
73,86
74,26
74,44
75,4
77,18
77,26
78,84
80,11
81,9
82,7
82,32
83,94
84,96
86,3
86,23
89,41
89,47
90,27
90,67
91,24
92,8
93,79
94,74
94,88
95,62
96,10
96,53
97,5
97,37
97,63
98,54
99,25
