source,target
0,88
1,53
1,93
2,26
3,14
5,4
6,47
7,19
7,22
8,32
8,75
11,31
13,62
13,87
14,46
14,51
15,74
16,3
18,77
20,39
20,60
23,76
23,96
24,66
25,9
25,37
27,80
27,90
29,63
30,40
30,68
30,72
31,48
31,71
32,57
34,25
34,56
35,54
36,11
36,42
38,7
38,45
38,50
41,28
43,30
43,50
45,17
45,28
46,1
46,33
46,64
47,35
50,69
52,15
54,10
58,5
58,78
60,86
61,34
62,12
62,92
63,65
63,82
63,90
71,20
71,34
71,73
72,15
72,46
72,49
72,58
72,82
75,94
76,24
76,70
77,21
77,26
77,51
77,85
78,67
78,81
79,52
81,61
81,83
84,44
86,23
87,98
89,40
91,45
92,55
93,59
94,48
94,88
95,84
96,10
96,13
96,44
97,21
99,55
