source,target
1,61
1,74
2,24
5,7
6,90
7,11
7,99
8,2
11,83
12,54
14,10
16,31
16,57
17,9
17,60
19,15
20,57
20,66
21,20
21,46
24,13
24,85
26,81
27,26
28,80
31,8
31,10
31,23
31,36
32,12
32,67
33,45
33,91
37,76
38,40
38,93
41,16
42,58
43,44
43,47
43,74
44,5
45,41
47,29
48,76
48,94
49,68
49,70
49,88
49,92
50,19
51,79
51,82
53,48
55,37
56,96
57,25
59,25
59,52
59,62
60,1
61,4
63,68
64,32
65,43
66,84
67,63
68,34
69,22
69,98
70,0
70,87
71,55
71,77
72,21
72,35
73,42
76,18
76,39
78,56
80,30
80,71
81,84
82,27
83,42
83,53
83,69
86,59
87,97
89,75
90,64
93,3
93,6
94,72
94,87
95,47
96,61
97,15
99,89
