source,target
0,70
1,11
1,66
2,24
2,27
2,38
2,44
2,71
2,72
2,96
6,97
8,35
10,31
11,10
12,20
12,77
13,34
15,61
16,8
16,57
19,50
19,96
20,46
21,8
21,41
22,36
22,69
24,42
25,48
26,2
26,56
31,88
32,9
32,52
32,78
32,82
33,22
33,91
34,68
38,95
41,14
41,45
41,63
43,17
46,32
47,73
54,4
55,37
55,47
55,81
59,28
59,48
59,74
60,43
60,84
61,94
62,59
64,40
64,99
65,38
66,0
66,63
67,15
68,19
68,29
69,28
69,89
70,4
70,12
70,80
72,5
72,6
72,21
72,53
72,64
72,93
72,98
73,39
74,1
76,18
76,93
79,25
79,51
80,30
81,7
81,82
83,11
83,23
84,94
85,24
86,26
89,75
90,79
92,83
93,3
93,58
94,49
94,87
96,84
