source,target
1,23
2,38
2,65
3,1
3,17
3,91
4,89
5,26
5,72
9,41
9,70
11,1
11,10
13,34
16,24
17,42
18,98
19,68
21,0
21,32
21,80
22,36
23,83
24,13
26,90
27,52
28,37
30,97
31,14
31,36
31,88
33,22
33,45
34,68
41,16
42,93
44,74
44,79
46,84
47,43
47,95
48,91
49,29
49,64
49,92
50,19
51,76
52,22
52,47
54,4
55,20
55,99
56,12
57,66
58,55
59,25
59,55
61,4
61,26
62,29
64,2
64,30
64,35
65,46
66,71
66,73
67,15
67,35
67,63
69,28
70,8
70,87
71,94
72,6
72,27
72,53
75,77
76,59
76,86
77,40
77,44
77,59
77,78
79,62
80,70
80,98
81,7
82,5
82,39
82,56
82,81
84,9
85,33
87,37
93,21
94,49
94,60
95,57
96,82
