source,target
1,39
2,24
2,26
2,42
3,1
3,17
4,65
5,44
5,72
5,98
6,93
7,11
7,18
7,95
8,22
10,14
13,34
15,67
16,31
16,57
18,20
19,50
20,81
21,56
21,60
21,66
21,70
26,27
26,86
27,64
28,69
30,64
30,97
31,14
32,12
32,46
33,45
33,85
34,68
37,87
37,92
38,40
38,95
39,53
40,99
41,9
41,70
42,60
44,36
44,43
46,21
46,84
48,25
48,91
48,94
49,57
49,61
49,88
51,79
53,73
54,4
55,71
56,78
58,55
59,52
60,94
61,15
61,96
63,41
65,3
67,7
68,19
68,49
69,35
70,0
70,87
71,47
74,22
74,59
76,97
77,40
79,62
79,80
80,30
81,84
82,32
82,73
83,23
83,43
83,47
89,6
89,35
89,75
90,6
90,26
91,33
94,29
98,52
98,82
