source,target
0,66
1,23
1,60
2,76
2,81
3,55
4,65
7,67
8,21
10,11
10,14
12,54
12,77
15,1
16,57
18,29
19,50
20,19
20,72
20,76
22,52
24,13
24,85
25,21
26,2
26,93
27,26
27,64
31,8
31,10
31,36
32,46
33,45
34,68
36,30
37,20
37,35
41,63
41,68
42,58
42,73
43,29
43,83
44,81
44,94
45,41
46,39
51,49
51,64
51,82
52,59
53,6
53,71
55,9
59,86
61,96
62,79
64,17
66,27
66,55
66,57
66,87
70,0
70,8
70,41
71,62
71,70
73,39
73,51
73,56
73,61
76,38
76,86
77,40
77,43
78,88
80,47
80,89
81,7
81,84
82,5
82,74
82,98
83,28
83,90
85,34
87,65
88,49
89,25
89,69
89,75
89,99
90,61
91,33
92,37
94,48
94,60
95,6
97,30
