source,target
1,23
2,26
5,72
7,99
8,22
10,11
10,31
12,14
12,54
12,56
13,34
15,49
15,67
17,61
20,19
21,9
21,20
21,25
21,66
21,70
21,77
24,16
25,79
26,90
27,64
30,21
31,88
32,12
32,46
32,67
33,85
33,91
34,68
35,8
35,66
35,89
37,35
37,92
38,95
39,27
39,93
40,38
42,93
43,73
44,1
45,33
46,39
47,84
48,76
48,86
50,19
51,81
53,41
54,4
57,17
59,28
59,43
61,6
61,60
62,18
62,55
64,0
64,51
65,3
65,87
66,63
68,3
70,16
70,59
71,20
71,53
72,94
73,78
74,44
74,60
76,18
76,37
77,75
78,32
80,36
80,89
81,5
81,84
83,42
83,58
83,69
84,96
87,82
87,97
88,12
89,99
91,48
93,38
94,29
94,44
94,65
97,90
98,6
98,52
