source,target
1,26
1,39
2,31
2,66
4,40
4,78
5,28
7,33
7,76
8,12
8,37
13,54
14,20
14,83
15,61
15,94
17,82
19,11
19,20
26,2
26,53
26,92
27,16
27,29
27,48
27,70
28,74
29,45
30,38
31,14
32,35
32,43
33,56
33,72
33,90
33,93
34,57
34,72
35,53
36,15
36,58
37,85
38,97
41,91
42,54
44,17
44,41
44,67
45,66
47,62
48,75
50,12
52,93
55,13
55,69
56,1
56,30
56,49
58,21
59,10
59,24
60,51
61,4
61,13
62,59
63,24
64,86
68,18
68,87
70,95
71,27
72,25
72,60
72,64
73,98
74,34
77,6
78,7
78,9
79,25
80,38
81,79
84,65
85,32
87,23
88,22
88,99
89,49
90,3
90,46
91,71
92,65
95,23
96,59
96,88
98,96
99,0
99,6
99,76
