source,target
0,2
0,89
1,90
1,95
2,1
2,66
4,18
8,45
9,78
11,51
12,8
12,67
18,23
18,56
21,58
22,7
23,68
24,79
24,95
25,48
25,92
28,47
28,70
29,27
31,5
32,14
34,89
35,98
38,32
38,39
38,50
39,94
39,96
40,84
42,21
42,51
42,92
45,29
46,4
47,31
48,15
49,1
49,44
49,54
49,59
51,19
51,43
52,47
52,55
53,26
55,69
56,73
58,0
60,34
61,85
63,29
63,42
63,55
63,62
63,88
63,96
64,97
65,15
66,41
66,98
70,77
73,10
74,13
74,28
74,83
75,35
76,19
78,20
78,52
80,33
81,64
85,74
86,37
91,17
91,80
91,81
92,3
92,16
92,57
93,25
93,30
93,82
94,40
95,36
95,86
96,23
96,72
96,87
98,80
99,6
99,7
99,26
99,54
99,71
