source,target
0,82
0,84
0,89
4,18
5,35
5,67
6,7
6,53
6,54
7,21
8,12
8,80
9,78
10,97
13,49
13,74
14,87
15,36
15,56
17,59
17,74
19,60
19,99
20,17
20,48
22,7
23,41
23,66
23,95
24,63
25,13
26,29
28,40
30,53
32,43
34,3
34,60
34,68
37,85
37,86
39,44
40,94
44,22
45,66
46,16
47,52
47,91
50,38
50,55
51,6
51,15
51,55
54,31
55,77
56,73
58,24
58,75
58,81
59,62
61,1
62,6
63,1
63,18
63,46
64,61
66,27
66,57
67,28
69,96
71,63
73,83
74,72
76,2
76,11
76,29
76,51
76,82
77,70
79,23
79,24
79,50
79,92
80,33
80,58
80,98
87,20
90,23
90,32
91,8
91,86
92,78
93,39
94,26
94,65
95,42
96,19
96,88
97,38
99,76
