source,target
0,8
0,21
0,40
0,42
0,56
0,69
1,2
5,3
6,54
6,62
7,3
7,98
8,90
11,51
11,76
12,67
13,22
13,57
15,47
15,81
16,43
18,4
19,23
19,47
20,87
22,64
22,89
22,93
23,41
27,45
27,48
29,26
32,44
32,52
33,14
35,96
38,30
38,90
39,32
39,53
39,94
40,88
44,49
45,75
45,88
46,16
50,64
51,58
54,2
54,13
55,49
55,61
55,95
57,91
58,80
59,78
61,31
62,10
62,98
63,16
63,18
65,84
66,35
66,60
66,97
67,63
68,23
68,34
68,36
69,34
69,55
70,77
71,99
72,66
73,33
73,62
73,92
74,28
74,72
77,6
77,24
78,0
78,9
79,18
79,25
79,42
80,33
83,59
84,40
86,17
86,37
86,73
87,74
87,82
88,99
93,26
93,39
93,85
96,56
