source,target
1,66
2,4
2,74
3,34
3,58
5,67
7,98
10,73
11,24
12,67
16,46
17,54
18,30
18,56
19,35
20,87
21,0
21,72
22,37
25,13
25,33
27,29
28,40
31,5
31,53
31,69
32,76
33,21
33,73
33,90
37,85
39,6
39,26
39,44
40,75
40,83
41,66
42,1
43,16
44,22
45,29
47,52
47,62
47,91
47,95
48,8
48,90
50,12
50,27
50,55
51,46
51,70
55,1
55,60
55,88
56,76
57,24
58,15
58,80
59,49
59,50
60,25
61,81
64,47
64,54
64,98
68,51
68,87
70,27
70,96
72,2
73,92
74,85
75,35
77,6
78,9
78,62
79,18
80,75
82,3
83,14
83,57
83,97
84,65
85,84
86,19
86,61
89,86
90,23
90,71
91,59
93,26
94,32
94,63
95,36
97,38
97,64
98,56
99,93
