source,target
0,51
0,96
1,63
1,98
2,54
2,92
3,46
4,35
4,79
5,31
5,58
6,62
8,90
10,33
11,24
15,23
15,43
15,81
16,50
16,92
18,30
19,47
21,42
22,56
23,83
24,25
25,13
25,48
26,78
29,27
29,78
30,97
31,14
33,56
33,73
34,69
34,89
36,68
36,93
36,95
37,22
38,17
39,93
40,0
40,84
42,79
43,32
44,36
45,67
45,80
47,31
48,15
49,89
50,12
50,59
50,87
51,7
51,20
57,6
58,76
58,80
59,10
61,30
61,66
62,1
64,63
64,71
66,46
66,57
68,18
69,65
69,88
70,28
70,77
71,27
71,34
71,52
71,70
74,4
76,29
78,9
79,41
80,72
80,91
82,8
82,60
83,94
86,74
88,40
88,73
88,75
90,38
90,53
90,61
90,99
94,64
94,85
96,35
97,55
