source,target
0,174
1,99
4,102
4,183
5,197
6,178
9,232
10,285
11,172
13,0
13,141
13,154
17,116
18,63
20,275
22,272
23,136
24,171
25,120
27,139
29,217
31,127
31,259
31,260
32,245
33,223
34,5
34,60
38,147
39,290
40,9
41,134
42,85
42,184
42,211
42,284
43,69
43,213
44,5
45,77
47,220
48,80
48,105
49,14
49,81
49,106
49,118
49,124
49,191
51,126
52,67
53,21
54,72
54,192
54,256
54,287
55,184
56,287
57,86
57,262
58,111
58,138
59,55
59,122
60,17
60,79
61,75
62,71
62,73
65,3
65,160
67,254
69,98
72,34
72,220
73,8
73,94
75,199
75,234
75,296
78,188
78,228
79,132
79,276
83,298
84,280
84,294
85,62
87,189
89,128
89,163
91,246
92,37
92,288
93,123
93,241
93,242
94,89
95,266
96,134
98,65
100,82
101,157
103,109
103,121
103,164
104,148
105,270
107,166
110,202
111,135
111,145
113,209
114,156
114,195
114,267
116,140
117,271
118,100
120,216
121,12
121,66
121,130
121,167
122,115
123,19
123,176
123,258
125,253
126,46
126,143
127,6
127,238
129,149
131,237
131,244
131,277
133,109
133,203
136,2
136,49
137,200
138,15
140,61
141,29
142,165
142,207
146,40
146,261
149,274
150,278
151,35
151,177
152,30
152,125
153,76
155,11
155,32
155,38
156,283
157,114
158,86
159,74
159,79
159,121
160,139
160,202
160,218
160,289
161,96
161,222
162,279
166,90
168,299
169,16
169,78
169,144
169,270
170,137
170,229
174,169
174,282
177,106
178,117
179,197
180,218
181,161
181,206
183,64
183,93
184,243
185,22
186,260
186,293
187,39
189,15
189,119
189,133
191,190
191,193
192,36
196,112
197,68
201,194
201,251
202,279
204,108
204,126
204,245
205,286
207,249
207,289
209,240
210,193
211,24
211,146
212,28
213,273
214,26
214,28
215,31
215,45
216,181
219,25
219,113
219,198
220,112
221,151
222,103
223,54
224,155
224,231
225,76
225,199
226,97
227,48
227,99
228,101
229,142
230,137
230,268
233,87
238,286
239,68
244,56
246,21
246,255
247,143
251,91
253,175
253,191
253,211
254,152
254,160
254,182
255,263
257,219
258,42
258,252
259,236
262,30
262,248
263,20
265,64
266,131
267,264
268,173
269,208
269,215
269,296
271,297
272,113
274,7
274,27
275,84
278,233
280,10
280,104
280,235
281,111
282,97
283,70
283,250
283,269
288,11
290,13
290,212
291,208
294,224
295,83
296,292
297,4
297,32
298,168
299,43
299,50
299,63
299,88
299,107
