source,target
0,93
0,142
1,70
1,153
1,293
2,146
2,262
3,147
4,102
5,104
6,7
8,127
9,114
13,88
13,145
14,72
16,222
17,99
17,126
17,245
18,228
19,14
20,224
20,259
20,263
21,79
21,192
23,146
27,246
28,42
28,123
30,61
31,24
32,83
32,111
34,20
35,252
37,36
37,92
41,125
41,134
43,218
44,289
45,244
48,84
50,79
51,291
53,8
55,128
56,18
57,90
59,57
60,265
61,101
62,85
62,186
62,241
63,33
65,91
67,107
68,222
68,299
70,279
71,174
72,188
79,73
79,182
80,192
80,239
81,281
84,206
85,28
85,63
85,225
87,95
88,83
89,49
89,195
90,215
90,236
90,295
91,157
94,78
94,207
94,270
96,27
96,231
97,26
97,152
97,181
98,59
98,112
100,135
101,151
101,183
102,2
103,80
106,0
106,71
106,84
107,6
107,175
108,69
108,130
109,164
109,267
111,266
112,133
115,210
115,249
116,143
116,290
119,152
121,166
122,12
123,298
124,106
126,142
127,221
129,24
129,132
129,282
130,117
130,170
130,199
131,76
131,193
131,237
134,1
135,60
135,179
136,149
136,172
137,64
137,214
138,9
138,97
139,34
139,148
140,208
141,186
142,221
142,229
145,58
146,40
147,133
150,35
154,38
154,82
158,52
158,206
159,167
160,139
160,155
161,213
161,259
162,203
163,96
163,120
166,284
168,277
169,78
170,202
170,251
171,63
171,217
173,36
173,226
176,7
176,197
177,95
177,129
178,56
180,98
180,105
180,113
180,204
180,218
183,238
183,274
184,62
185,26
187,75
187,77
187,242
188,272
190,189
191,201
192,154
194,261
195,194
195,257
196,198
197,47
197,190
198,76
200,5
200,118
200,161
203,145
205,177
205,185
205,243
208,108
209,46
209,256
209,294
210,223
211,184
212,213
215,25
215,103
216,15
216,293
218,122
219,199
222,29
222,189
222,226
223,54
223,196
224,248
226,110
227,30
228,32
228,136
230,267
230,292
232,87
232,264
233,278
235,4
237,168
238,296
239,140
239,297
241,240
245,21
245,188
246,10
246,258
246,292
247,23
251,100
251,167
251,201
252,53
252,165
253,207
254,172
255,91
255,273
257,22
258,94
259,220
259,276
261,211
262,154
263,39
265,205
266,131
268,115
268,263
270,68
271,288
273,136
274,224
275,253
277,209
278,169
279,271
280,11
280,187
280,250
280,287
281,82
282,86
282,178
283,187
284,77
285,231
286,66
286,122
287,163
288,256
289,254
290,227
290,244
291,43
293,260
294,128
294,137
295,269
297,156
298,74
298,280
299,126
299,144
299,234
