source,target
0,88
1,97
2,102
2,210
3,39
3,84
3,212
4,297
5,206
6,46
6,126
6,252
9,260
10,223
10,247
11,214
12,266
13,6
13,248
14,49
15,85
15,138
15,150
15,266
16,238
17,10
20,32
21,246
24,256
25,258
25,276
29,30
29,96
29,129
29,217
37,45
40,8
41,99
42,11
42,73
42,292
44,5
44,189
44,299
45,91
48,98
49,27
52,143
54,136
55,66
59,98
59,199
59,244
60,135
60,269
62,192
63,35
63,226
64,220
65,18
65,73
66,237
67,107
67,148
69,245
70,82
70,138
72,5
73,131
73,208
73,264
74,29
75,58
75,100
77,42
77,284
78,178
78,188
79,71
80,164
82,25
82,272
83,163
84,52
84,275
87,95
88,195
90,44
90,108
91,28
93,21
93,198
94,78
95,4
96,40
96,229
99,175
102,101
102,114
103,121
103,215
104,77
106,184
107,41
107,236
109,222
110,1
110,193
111,70
111,146
112,260
112,286
114,151
114,203
114,296
116,256
117,291
118,157
120,50
120,112
121,111
121,190
122,17
124,126
127,7
127,142
128,89
128,221
129,223
129,290
132,155
133,154
135,179
137,90
141,23
141,153
144,172
144,294
145,13
145,53
146,291
147,93
147,196
149,60
150,239
151,142
153,137
154,38
154,151
154,262
155,279
157,132
157,188
158,110
159,34
159,57
159,200
159,270
159,280
160,158
161,208
161,213
162,43
162,295
163,287
165,22
167,75
167,91
168,69
169,24
169,250
169,299
170,130
171,270
173,191
174,104
175,58
176,81
176,152
179,197
180,113
181,51
181,253
183,170
183,251
184,14
184,144
185,166
186,61
186,76
186,185
187,16
187,160
187,180
189,80
189,109
189,119
189,183
191,118
192,136
193,119
194,211
197,190
197,220
198,56
198,156
199,274
201,51
203,19
204,50
205,177
205,209
206,249
209,36
209,240
210,182
211,150
214,147
218,198
218,216
219,263
220,47
221,219
222,49
222,173
223,140
224,204
225,176
226,68
226,125
226,187
226,195
227,185
227,262
228,224
230,267
232,38
233,34
233,115
234,65
234,277
235,86
235,134
237,131
240,241
240,244
242,97
245,186
246,167
247,169
252,156
252,165
254,122
255,24
256,62
256,253
256,281
260,31
261,183
263,273
265,277
266,32
266,123
268,216
270,105
271,288
273,162
275,33
275,92
275,225
276,231
276,283
278,218
279,202
279,234
280,79
280,106
280,235
282,72
283,2
283,207
284,230
285,206
286,26
287,139
287,265
288,71
289,255
292,243
293,26
293,80
295,264
296,159
296,199
297,227
297,257
298,259
298,282
299,92
