source,target
0,97
0,141
1,182
4,117
5,130
5,206
6,91
7,45
8,99
9,138
9,191
9,271
10,294
11,69
11,93
13,101
14,5
14,19
18,65
20,32
21,53
21,72
21,160
23,127
23,136
24,18
24,31
24,267
26,286
27,94
27,246
32,78
32,178
32,199
33,231
35,81
35,262
36,189
36,255
37,36
37,298
40,162
41,89
41,125
42,3
42,163
42,266
43,76
43,133
44,289
46,212
46,299
48,98
48,113
48,210
50,112
50,268
51,142
51,291
51,292
54,49
54,273
55,68
55,233
56,220
58,175
59,12
59,209
59,266
60,169
60,247
61,152
61,236
63,25
64,47
65,69
65,242
69,120
69,146
70,85
70,221
71,26
72,282
72,295
74,109
74,164
75,100
76,23
76,153
76,185
79,60
80,180
83,135
84,34
85,31
85,272
89,46
89,94
90,44
90,108
90,159
91,201
91,244
92,37
94,30
95,188
99,41
99,175
100,64
100,251
102,58
106,71
106,193
107,297
109,103
110,1
110,250
111,296
114,157
114,203
115,128
115,241
116,11
117,86
118,25
118,148
119,223
119,238
119,278
122,166
122,218
123,176
126,43
126,177
126,200
126,243
126,254
127,7
128,226
130,119
132,172
132,219
134,107
134,181
135,60
135,157
135,189
136,259
137,170
140,87
141,186
142,165
143,16
147,105
147,208
147,277
148,67
148,111
149,56
149,172
149,228
151,232
151,261
154,10
154,38
155,90
155,168
155,271
156,281
158,110
159,57
159,270
160,150
162,151
163,276
164,48
167,191
169,29
170,118
171,63
172,95
172,202
172,231
173,66
173,74
176,190
177,82
179,125
179,285
180,2
180,204
183,126
184,275
185,214
186,61
187,163
189,161
189,215
192,65
192,101
192,215
192,217
194,52
194,115
196,121
196,198
196,220
197,149
200,28
201,202
204,50
204,248
205,39
207,34
207,96
207,142
210,265
211,276
215,237
216,92
216,195
218,216
222,16
222,79
222,104
223,7
223,10
223,22
223,54
224,183
225,124
227,13
229,228
230,114
234,139
234,192
236,39
236,158
236,190
237,131
240,254
242,283
245,21
250,27
250,42
250,62
251,197
252,51
252,88
253,168
255,17
255,105
255,245
256,283
257,73
257,145
257,274
260,154
261,155
261,249
262,200
263,284
264,295
265,169
266,87
266,174
268,227
269,56
269,230
270,68
270,137
273,78
273,106
273,117
273,239
274,234
275,59
279,83
280,298
281,15
282,0
284,224
286,15
286,122
287,139
288,225
288,279
290,129
290,235
290,269
292,97
293,96
294,128
295,213
296,75
297,144
297,257
298,77
298,258
