source,target
0,88
1,70
1,86
2,180
2,210
5,206
6,252
11,221
13,6
18,4
20,259
21,170
21,174
22,210
23,141
25,69
25,82
27,130
27,242
27,245
28,123
29,96
29,169
30,29
31,215
33,95
33,205
34,140
35,181
36,140
36,192
37,94
37,236
39,118
39,261
39,298
41,117
41,125
42,286
42,299
43,227
43,230
44,39
47,64
48,167
49,78
49,161
54,246
56,32
58,38
58,50
58,75
59,209
62,84
63,131
63,243
64,137
65,147
67,19
68,0
69,65
70,151
70,162
71,26
71,80
71,257
72,229
73,1
73,90
74,120
75,79
76,23
76,212
77,189
78,109
80,102
80,108
80,191
81,83
82,114
83,177
84,159
84,190
89,24
89,294
90,94
93,11
95,126
95,280
96,127
97,138
98,112
99,114
100,68
101,292
101,298
106,18
107,166
107,175
109,54
109,77
109,216
112,133
112,220
114,9
114,40
114,195
117,108
118,49
118,173
119,202
119,277
120,93
121,12
122,255
122,284
123,85
124,200
126,0
127,271
128,55
128,115
129,74
129,225
131,223
131,228
132,188
133,203
134,26
134,52
134,55
135,282
136,54
137,20
137,297
138,1
139,97
139,272
141,71
142,2
142,17
143,154
144,20
145,10
145,185
146,264
148,67
152,104
152,254
153,156
153,183
154,195
155,196
156,247
156,281
159,280
159,287
160,158
160,289
161,116
161,214
163,101
163,148
164,36
167,133
168,28
170,105
171,110
171,248
172,132
172,165
174,69
176,251
178,21
179,213
181,186
181,262
182,81
182,265
182,275
183,175
183,274
184,99
184,209
184,211
184,233
185,61
186,62
186,185
187,27
187,79
187,256
188,157
188,193
189,60
189,153
189,229
190,237
191,155
191,190
192,44
193,73
193,231
194,67
198,56
198,76
198,92
198,219
198,260
199,98
199,103
199,269
200,28
201,194
202,66
204,3
204,218
206,41
206,249
207,52
213,161
215,33
217,250
218,226
220,267
220,287
221,216
221,278
222,60
223,7
223,129
223,254
226,293
227,89
227,90
227,282
231,121
231,182
232,264
233,163
234,45
234,198
235,30
235,113
238,16
239,137
239,150
239,164
239,250
242,200
242,234
244,91
248,13
248,53
251,217
252,240
252,258
253,65
258,16
258,246
261,146
263,15
263,256
264,149
266,87
266,135
267,239
268,91
268,230
270,155
271,59
272,8
273,106
277,176
279,37
281,46
282,224
283,2
284,219
285,222
286,57
286,276
287,111
288,56
289,235
290,17
290,83
290,204
291,43
291,208
292,51
292,241
293,35
295,202
296,14
296,197
296,199
297,4
299,126
