source,target
0,132
1,110
6,13
6,22
6,127
6,282
7,9
7,176
9,271
10,175
10,203
11,116
15,78
16,222
17,122
18,250
19,165
20,275
21,83
21,111
21,141
21,178
22,185
22,210
24,246
25,3
26,232
27,174
27,242
27,245
28,41
28,123
28,288
29,190
30,128
30,186
32,97
32,105
34,184
34,207
35,148
36,277
39,87
40,99
41,3
41,206
43,133
43,214
43,218
43,227
44,165
44,250
44,289
44,296
45,223
48,105
49,191
49,199
51,292
53,257
55,68
56,111
57,86
58,55
58,57
61,30
61,63
63,243
64,14
64,281
66,40
68,231
68,282
69,146
70,85
71,26
72,5
72,48
72,104
72,204
72,229
73,65
73,109
73,131
75,103
76,66
77,118
78,143
78,273
80,74
80,192
84,50
85,264
89,161
90,75
91,140
91,154
92,160
93,200
97,208
98,136
99,201
100,82
100,249
101,134
101,270
102,4
102,67
106,233
107,53
107,67
107,69
108,80
110,71
110,145
116,17
116,292
118,81
119,209
119,278
120,112
121,24
121,217
122,100
122,286
124,129
125,253
126,144
126,266
126,290
127,8
128,44
129,39
129,74
131,34
131,237
131,280
132,245
135,12
136,172
137,89
137,298
138,1
142,11
144,93
147,16
147,33
147,38
147,244
150,15
150,35
151,23
151,195
151,265
153,112
154,114
154,195
154,262
158,58
160,150
161,124
163,120
163,258
164,91
166,14
168,299
169,98
170,21
170,159
172,280
174,31
174,69
175,183
176,12
177,266
178,32
178,126
179,125
180,6
182,108
182,200
183,157
183,181
184,155
184,211
186,2
187,239
188,193
191,167
192,103
192,226
195,88
196,64
196,94
196,180
197,170
198,54
198,234
198,252
200,248
202,197
202,233
203,114
205,63
205,152
209,46
209,64
209,294
210,73
210,84
210,115
211,194
211,230
211,261
212,213
215,61
217,96
217,274
219,182
220,20
221,119
222,228
223,176
225,76
226,60
226,125
226,215
226,254
227,13
228,92
229,241
230,268
231,162
232,251
234,36
234,79
235,113
235,267
236,28
237,59
238,47
238,117
238,220
239,142
240,29
240,57
243,224
247,169
248,118
248,171
249,166
250,62
251,287
255,149
255,186
256,156
256,276
256,283
257,219
258,45
262,40
262,221
264,163
266,42
267,287
267,295
268,216
268,290
269,56
271,127
271,297
272,52
272,188
273,95
273,121
273,193
274,27
274,168
274,173
274,260
275,101
275,263
277,77
277,189
279,37
279,213
279,255
283,187
284,206
284,270
285,96
287,139
287,167
291,248
293,185
295,90
296,130
296,238
298,259
