source,target
1,57
2,101
2,217
2,290
2,298
3,215
4,19
6,158
9,271
10,186
11,258
12,86
12,135
14,126
16,105
17,256
19,165
21,170
22,142
24,246
25,118
26,23
26,289
27,69
27,231
27,246
29,96
30,227
31,127
31,174
35,141
35,150
36,109
38,175
38,232
41,83
42,138
43,162
45,29
45,33
45,112
47,64
48,167
49,222
50,8
50,58
53,8
53,252
54,131
58,106
60,16
61,75
61,203
62,283
63,205
63,280
65,54
65,183
65,198
65,231
65,242
67,194
70,1
70,22
71,24
72,99
75,54
76,225
78,15
78,188
78,270
78,273
79,34
79,243
80,103
80,190
81,249
82,114
82,148
83,88
84,3
84,176
84,177
86,282
87,221
89,41
89,76
89,244
92,143
92,228
93,46
94,157
95,62
97,161
98,169
100,121
100,140
101,116
103,6
103,36
103,173
104,5
105,48
107,43
108,69
109,250
110,1
112,133
113,272
114,267
116,209
116,292
117,204
119,55
119,74
120,93
121,152
121,175
122,166
123,265
124,23
126,20
126,46
126,68
126,184
128,115
129,39
130,239
130,241
132,295
134,52
134,235
135,100
137,276
138,102
139,78
139,160
141,153
142,11
142,51
142,262
144,294
145,0
145,257
146,61
146,185
147,214
148,118
151,70
152,128
153,17
153,137
153,233
153,247
154,91
154,166
157,37
157,114
159,207
160,12
163,196
163,278
164,280
164,299
165,287
168,85
168,97
168,163
169,255
171,3
171,90
172,244
177,123
178,81
178,132
179,125
179,213
180,64
180,162
181,4
183,216
186,218
187,27
189,33
189,44
189,289
189,290
192,49
192,293
193,189
194,261
195,73
195,151
196,7
196,94
196,147
197,149
199,256
200,137
200,236
200,263
201,182
202,201
202,266
204,159
206,84
208,18
208,97
208,156
210,73
210,170
211,267
212,225
216,195
216,221
219,143
219,148
220,266
220,298
221,9
221,55
222,191
222,236
223,234
224,77
224,248
226,63
226,125
227,13
227,43
227,60
229,5
229,193
230,269
233,59
233,87
233,294
234,79
235,18
235,113
236,39
237,14
237,66
238,86
238,286
239,111
239,297
240,252
244,204
245,0
246,37
246,91
247,127
248,40
248,72
250,110
250,177
250,239
251,201
253,275
254,180
255,106
255,149
255,186
257,71
259,108
260,154
260,274
261,146
262,30
262,248
263,28
264,203
267,230
268,164
271,288
275,200
276,283
277,130
279,271
280,56
280,102
280,121
280,126
281,15
284,65
284,155
285,10
287,42
291,79
291,264
292,32
292,284
296,136
296,268
299,81
299,88
299,107
299,255
