source,target
0,45
0,52
0,54
0,80
0,85
1,6
1,46
3,4
3,27
3,73
3,98
4,15
4,56
5,16
5,58
7,84
8,18
8,61
10,90
11,43
13,92
14,0
15,93
17,38
17,65
19,8
21,44
21,94
22,82
23,30
25,57
26,86
28,72
29,6
30,9
30,34
31,91
32,14
34,49
36,50
38,59
38,70
38,86
40,95
41,17
41,68
42,80
43,32
43,35
43,90
44,91
45,7
45,76
45,79
48,75
50,64
53,22
53,29
53,78
55,29
56,49
57,37
58,28
62,10
62,74
63,51
63,89
66,98
67,28
67,48
67,71
68,12
69,51
70,47
75,33
75,63
77,60
77,96
79,20
79,77
81,52
82,4
82,25
83,12
84,97
88,2
88,24
88,55
89,62
90,47
92,41
94,88
95,39
95,72
96,18
96,53
98,87
99,19
99,36
