source,target
0,54
1,46
1,73
1,93
2,62
2,88
2,90
3,47
3,98
4,36
4,56
6,8
8,61
9,94
10,62
10,76
10,87
13,38
14,44
14,91
15,4
16,32
17,31
17,39
18,89
19,35
20,7
21,44
21,59
22,6
23,19
27,20
27,64
28,43
28,69
29,55
31,6
32,5
33,57
34,26
34,58
34,71
34,96
35,18
35,29
36,99
37,73
38,10
38,17
38,84
40,95
42,41
45,24
47,9
47,57
49,82
50,36
50,92
51,41
51,63
53,29
57,83
58,11
58,30
59,10
59,63
59,69
62,52
64,12
64,50
65,16
65,20
66,1
66,25
67,48
68,67
68,86
70,42
71,67
71,78
71,79
72,98
78,24
80,66
82,0
82,22
82,79
89,48
89,85
92,13
93,3
93,95
94,21
94,74
95,60
96,77
97,27
97,75
97,81
