source,target
0,52
0,66
1,42
3,7
3,15
5,15
6,22
6,93
7,45
7,55
9,30
10,87
12,83
13,14
14,51
14,61
15,92
16,65
17,56
19,2
19,23
19,73
21,59
21,94
24,27
24,50
25,57
29,6
30,8
30,84
30,96
31,97
32,57
33,75
35,18
35,63
36,4
36,99
37,11
38,13
38,70
38,98
39,37
40,60
42,28
42,33
42,41
42,91
43,11
45,24
46,67
47,46
47,63
47,78
48,10
49,16
49,82
50,9
50,36
51,3
52,58
53,22
56,49
57,37
58,41
58,79
59,10
59,69
60,95
62,74
62,90
63,40
65,20
65,21
65,44
66,54
70,59
71,67
72,44
73,46
73,93
77,25
78,85
79,31
80,0
83,47
84,64
85,80
85,89
86,25
86,26
86,38
86,68
88,19
88,76
89,62
96,34
97,81
97,84
