source,target
1,48
1,93
3,51
4,15
4,36
5,58
6,1
6,8
7,33
8,61
9,20
12,83
13,38
13,54
15,5
15,39
15,55
15,90
16,65
17,48
18,89
19,8
20,27
22,53
23,19
24,13
25,57
25,82
28,20
28,67
29,55
30,84
34,49
37,11
37,52
40,6
42,7
43,39
44,35
44,71
45,76
46,50
49,16
49,56
49,69
50,92
51,16
53,10
55,7
57,32
58,70
58,96
60,40
60,41
60,73
60,95
61,14
62,2
63,28
63,57
64,84
64,87
65,31
67,83
67,92
69,26
69,64
71,47
72,67
74,62
75,63
77,85
78,25
80,0
80,66
81,97
82,4
82,22
82,52
83,47
83,79
85,80
86,68
87,77
88,76
88,94
89,59
89,62
89,90
91,44
92,13
93,75
93,99
94,21
94,35
95,68
96,34
97,30
98,42
