source,target
1,6
1,41
1,66
3,93
4,15
4,32
4,82
8,61
9,46
10,2
10,62
11,75
13,45
14,51
15,89
16,5
17,21
19,23
20,25
20,65
22,52
24,7
24,44
25,88
27,64
27,95
28,43
28,70
30,8
31,65
31,91
34,96
35,29
37,39
39,95
41,92
43,11
44,91
45,17
45,76
45,79
46,50
46,67
47,37
47,83
50,47
50,93
52,82
54,0
54,51
56,4
57,83
58,5
58,28
58,42
59,2
60,59
61,14
62,90
63,35
63,57
64,12
64,69
66,98
71,78
73,1
74,69
75,33
75,48
75,73
77,87
78,53
78,85
79,71
80,42
81,97
82,49
84,86
84,97
85,0
85,77
86,20
86,26
86,38
86,68
87,9
87,10
88,19
88,22
88,55
89,10
93,36
94,35
95,40
95,72
96,18
96,58
98,38
99,3
