source,target
0,42
1,53
2,47
3,46
3,59
3,73
3,99
4,32
6,8
10,87
10,90
11,58
15,12
16,49
17,56
18,26
18,74
19,23
20,79
22,53
23,30
25,80
27,64
30,9
31,93
32,43
34,9
35,19
37,11
38,17
38,86
40,89
42,38
42,70
43,28
43,39
44,14
44,72
45,7
45,38
45,57
45,76
45,92
47,33
47,39
47,67
47,70
47,71
47,78
49,27
51,3
51,13
51,30
51,48
51,63
52,81
58,5
58,52
58,54
60,68
60,95
61,14
62,2
64,7
64,69
65,16
65,21
66,1
66,36
66,50
66,96
67,83
67,98
68,41
72,28
73,25
73,75
74,62
74,94
78,24
79,55
79,77
80,0
82,4
84,21
88,22
88,55
89,29
89,46
89,85
90,59
91,44
92,41
93,1
93,6
93,15
96,18
97,31
97,81
