source,target
0,82
1,53
3,24
5,32
8,19
8,61
9,50
10,59
11,58
12,68
14,0
15,90
16,49
16,75
17,65
17,83
19,2
19,23
24,78
25,77
27,20
28,40
28,43
28,72
30,79
30,96
31,6
31,17
31,91
34,26
34,76
38,42
38,84
40,63
41,10
42,18
42,98
44,35
44,72
45,7
47,46
47,67
47,70
48,39
48,51
49,56
50,24
50,46
50,66
52,22
52,37
52,81
54,8
55,15
56,4
57,33
58,5
58,28
59,17
59,21
59,92
60,3
61,14
62,89
63,20
64,7
64,84
66,36
66,54
67,57
68,60
68,95
69,26
69,74
71,44
73,19
75,48
75,93
76,88
80,13
80,85
81,97
82,52
85,77
86,25
87,9
88,55
88,94
89,41
89,63
89,85
90,62
93,99
94,29
96,34
97,30
98,1
98,51
98,87
