source,target
0,85
1,41
1,42
1,46
1,53
1,73
3,98
4,2
4,3
4,32
6,1
7,33
7,42
7,84
8,6
8,61
9,87
10,9
10,76
11,37
12,20
12,83
15,5
18,26
19,23
19,75
20,7
20,65
22,62
22,88
24,45
27,78
28,43
29,53
30,97
31,93
32,8
32,57
33,47
34,26
34,30
34,71
39,48
39,69
40,89
41,59
43,39
43,90
44,14
45,13
45,92
46,9
46,15
49,16
49,56
50,92
54,51
54,66
56,4
56,17
57,37
58,13
58,34
59,21
59,70
62,74
63,35
66,80
67,3
67,95
68,52
68,73
70,28
72,44
72,67
73,60
75,10
77,96
78,24
78,85
79,25
79,55
79,82
80,15
82,22
86,25
87,64
88,2
88,94
89,48
89,63
91,14
93,44
93,99
96,58
97,81
97,84
98,38
99,36
