source,target
0,66
0,85
1,6
3,4
3,99
4,2
4,56
5,16
6,8
7,45
8,19
8,30
8,54
8,61
9,30
9,46
10,2
10,59
10,87
12,50
12,68
14,32
15,55
15,89
16,51
18,74
18,94
20,9
20,65
22,53
22,62
25,73
25,79
30,23
30,96
31,91
31,97
32,5
33,42
34,26
34,71
35,44
35,94
36,99
38,70
38,86
39,37
39,69
40,60
40,95
41,13
41,58
42,28
43,35
44,13
45,79
45,88
47,15
47,92
48,69
49,82
50,24
50,25
50,66
53,29
57,33
58,5
58,11
58,75
59,17
59,41
59,90
60,77
61,14
63,28
63,40
66,80
67,71
68,52
70,47
72,67
75,93
76,10
78,53
79,83
82,22
84,7
87,64
87,98
88,76
89,62
89,63
92,21
95,24
95,39
95,67
97,27
97,81
97,84
