source,target
1,70
1,95
2,21
2,121
2,196
3,54
4,50
5,97
6,84
6,87
6,127
6,181
6,190
8,10
8,66
8,118
8,162
8,163
10,62
11,195
13,139
14,23
18,24
19,168
19,174
20,48
21,25
22,45
22,152
23,57
23,179
25,105
25,194
26,40
26,91
27,46
27,73
27,78
28,41
28,59
28,122
29,54
30,171
33,144
34,71
34,132
34,182
35,75
35,136
36,129
36,166
40,149
41,126
41,158
42,99
43,51
44,135
46,31
46,125
48,19
49,167
50,146
51,136
54,15
55,122
56,181
60,55
60,105
62,185
63,76
63,110
64,75
65,103
66,53
66,173
68,157
70,153
72,66
72,170
73,5
74,80
74,143
76,9
76,116
79,26
79,58
81,39
83,189
85,90
86,88
86,135
88,161
89,194
90,119
92,186
93,0
93,155
95,43
97,52
97,60
97,148
98,6
98,160
99,193
100,82
102,96
102,137
103,131
105,51
106,7
106,67
106,68
106,191
108,17
108,175
109,98
109,137
109,152
110,37
110,123
110,128
111,56
111,164
113,153
114,14
114,178
115,24
115,49
118,29
119,114
120,11
120,154
121,104
122,197
123,166
124,16
124,70
127,63
129,156
130,0
130,33
134,41
136,32
137,112
138,142
139,179
141,28
141,101
142,13
142,187
142,188
142,198
144,132
145,55
145,85
145,115
145,146
147,89
149,69
149,118
150,106
150,184
151,57
153,39
157,138
161,163
161,180
162,165
163,74
164,117
165,172
168,145
169,92
172,109
172,139
175,10
175,38
175,131
176,61
176,130
176,159
177,44
179,12
179,192
182,20
182,140
183,11
183,86
183,133
184,47
186,35
188,77
189,94
189,196
190,99
192,107
196,171
199,82
199,143
