source,target
1,70
2,114
3,151
4,40
5,19
6,80
6,84
6,151
8,76
8,91
10,20
10,52
12,85
14,128
15,130
16,154
16,172
21,44
21,142
22,190
23,120
27,46
27,78
28,112
29,172
30,165
32,75
32,101
32,166
32,180
34,169
36,134
38,65
39,187
40,41
42,113
42,117
43,0
43,37
43,94
45,16
46,83
46,108
47,98
47,198
48,122
51,35
51,103
51,105
53,118
54,173
55,40
55,162
56,170
57,191
58,140
59,116
59,153
60,34
60,171
65,193
66,91
68,27
68,81
69,159
70,167
70,175
71,179
72,29
73,156
74,135
76,100
78,17
80,12
81,26
83,9
85,15
85,139
86,103
87,143
88,150
90,141
90,178
93,121
94,19
96,49
96,55
97,72
97,148
100,39
100,107
102,164
103,113
104,32
105,30
105,89
106,22
106,59
106,64
107,74
107,102
107,192
109,120
109,140
111,56
112,35
114,34
114,51
114,92
114,127
115,145
115,155
116,11
116,132
116,174
119,13
119,77
119,178
121,181
123,110
123,158
124,25
125,75
126,18
127,138
128,124
128,198
130,197
131,38
132,82
132,122
134,63
134,94
136,160
136,193
137,188
141,147
141,157
141,185
142,50
142,68
144,54
145,55
145,168
145,186
146,8
147,199
152,22
152,99
154,31
154,88
154,106
156,53
156,109
156,121
156,161
158,49
159,18
160,10
160,24
160,70
160,115
161,62
162,61
163,7
163,90
165,39
165,79
170,73
173,129
173,166
173,184
174,33
174,111
176,162
177,62
179,81
182,58
183,6
183,43
183,133
184,42
185,136
186,146
188,1
189,82
191,33
191,83
191,159
192,45
192,149
194,25
194,108
195,71
196,126
197,67
197,69
197,87
199,95
