source,target
1,188
3,58
3,150
4,111
6,2
6,109
6,123
7,144
7,174
10,62
11,169
14,135
15,49
15,91
15,143
17,78
18,72
19,63
20,165
21,64
21,133
23,38
23,120
24,12
24,73
24,160
28,94
30,56
31,22
33,135
33,159
34,179
37,193
38,66
40,50
41,67
44,98
45,0
45,33
45,100
46,83
46,171
47,52
48,181
50,19
51,114
51,167
53,66
57,23
57,102
59,106
60,130
61,74
62,172
63,107
63,134
66,9
68,28
68,34
68,157
72,105
74,10
74,69
74,118
74,146
76,8
76,140
77,84
77,196
78,27
80,40
81,97
82,95
82,129
82,199
83,176
85,29
85,52
85,186
87,197
88,67
89,194
92,61
93,0
96,7
96,153
97,11
97,76
98,94
99,27
99,190
102,25
102,149
105,173
107,55
110,123
111,48
112,155
113,118
116,63
116,136
117,42
118,65
118,101
119,1
127,88
127,124
129,109
129,116
129,156
130,69
130,79
131,26
131,85
132,13
132,82
132,122
135,30
136,24
136,152
137,192
138,31
138,68
138,75
141,140
141,150
141,170
142,77
144,35
145,15
145,126
147,141
148,93
148,106
149,162
150,184
150,198
153,21
154,178
155,142
156,42
156,54
157,90
157,103
159,15
159,70
159,81
160,131
160,180
161,45
161,125
161,168
162,175
163,83
163,139
165,16
165,28
165,39
165,197
166,36
166,38
166,72
167,156
170,32
170,115
171,132
172,177
174,128
175,104
175,185
177,186
178,5
178,161
179,71
179,191
181,17
181,121
181,164
183,43
183,86
183,88
183,133
183,151
183,158
185,8
185,113
185,158
186,182
187,71
188,18
189,127
190,23
191,57
192,194
193,6
194,108
196,37
197,195
199,89
