source,target
0,27
1,119
1,146
1,188
2,93
2,94
2,174
3,118
6,54
8,24
8,91
9,47
9,156
11,78
12,135
13,71
13,126
13,163
16,45
16,143
17,117
17,133
18,185
20,82
20,98
20,130
21,44
21,120
22,28
23,107
23,183
25,73
25,179
28,108
28,171
29,40
29,157
29,162
29,177
30,46
30,154
32,180
32,190
33,129
33,192
34,27
36,82
37,56
37,123
38,69
39,34
39,153
40,175
41,63
41,110
41,134
42,111
42,140
47,95
48,88
49,115
51,114
52,67
52,181
53,38
55,130
57,151
59,187
60,99
61,48
61,165
64,75
66,199
67,183
69,80
70,18
73,103
73,105
73,141
74,61
75,58
76,165
78,8
78,26
78,113
79,10
79,191
80,7
81,35
83,9
84,77
85,193
87,1
88,151
89,147
90,15
90,50
90,138
91,186
92,102
94,21
96,49
97,72
98,116
99,2
99,42
99,58
100,39
101,127
102,126
103,51
104,121
104,158
106,34
106,47
107,0
108,194
109,88
109,152
109,164
110,68
110,128
111,4
114,87
115,85
115,98
115,124
119,77
120,11
120,128
120,169
125,19
125,25
125,101
128,136
131,176
131,178
138,31
138,142
139,166
141,137
142,198
143,3
143,80
143,155
144,14
146,144
147,148
148,105
150,106
152,43
152,59
155,23
155,86
156,109
156,123
158,70
158,180
159,12
159,62
159,81
159,83
159,146
160,10
161,29
162,197
163,74
165,149
166,5
166,173
168,19
168,54
168,145
170,30
171,129
171,167
171,189
172,15
172,122
173,33
173,184
176,182
178,42
183,133
185,12
186,85
186,159
189,46
189,125
191,55
191,97
195,176
196,44
197,65
197,172
198,112
198,119
199,89
199,132
