source,target
0,191
2,54
2,152
2,174
3,150
4,50
4,69
4,125
6,34
6,184
7,80
8,38
9,35
9,187
11,102
12,52
12,160
13,95
15,40
15,159
16,113
17,168
18,172
19,189
20,115
20,175
22,45
23,57
23,194
24,139
26,78
26,130
29,177
31,29
31,104
33,62
33,144
33,149
34,71
34,132
35,179
37,116
38,186
39,63
39,100
42,186
43,157
47,52
48,10
51,101
51,135
52,67
52,139
53,124
55,40
57,151
61,81
69,15
70,117
72,18
73,65
73,136
73,170
76,97
77,14
78,75
78,92
79,182
80,173
81,71
82,19
84,125
85,44
85,131
87,1
87,94
88,86
89,143
90,21
91,70
91,133
92,12
93,59
94,2
94,64
97,60
97,146
97,148
98,36
98,85
99,58
99,190
100,10
102,127
103,153
104,32
105,5
105,25
105,89
105,102
105,154
106,39
106,51
106,68
108,17
109,189
110,122
110,180
110,196
111,11
114,116
114,119
114,193
117,6
117,140
118,110
120,72
123,32
127,107
128,88
128,127
128,198
129,28
129,54
131,118
132,109
132,134
132,137
133,16
134,99
134,166
135,14
135,30
135,59
135,155
137,112
137,192
141,18
141,90
141,103
141,185
142,28
142,121
143,87
143,177
145,91
145,126
147,148
149,46
149,61
150,184
151,163
153,167
155,108
155,199
156,41
156,124
156,163
157,38
157,141
158,41
159,13
159,22
159,130
161,113
162,39
164,111
166,31
166,115
167,73
168,98
168,138
169,187
170,164
171,27
171,106
172,49
172,83
173,96
173,105
174,26
176,74
176,79
176,165
177,97
178,5
179,96
181,21
182,4
183,88
188,165
191,133
191,151
193,56
193,152
195,199
196,114
197,13
197,66
