source,target
0,107
5,88
5,189
6,23
6,103
6,190
6,196
7,92
7,174
10,130
11,183
13,44
13,90
14,77
14,155
16,106
18,163
19,39
19,94
19,168
22,99
22,109
24,49
24,131
28,142
29,54
29,108
29,158
30,13
31,134
31,154
31,167
31,170
32,113
33,55
34,132
35,144
37,19
38,186
39,43
39,66
40,33
42,76
43,45
44,177
46,41
47,187
48,35
48,173
50,125
51,101
51,136
52,160
53,61
56,83
56,193
57,79
58,170
59,9
59,164
60,169
61,118
62,176
63,126
64,76
66,128
67,63
67,86
68,4
68,22
70,1
70,172
73,27
73,157
80,53
80,182
81,29
82,17
82,197
83,26
83,130
86,129
87,152
88,48
88,148
88,151
90,12
91,55
91,153
92,83
92,149
92,179
93,60
97,129
97,135
99,75
99,100
99,111
101,100
102,82
103,117
104,123
105,89
107,23
107,36
109,133
111,42
111,56
112,104
113,118
114,95
114,169
114,171
115,157
116,11
116,59
119,1
119,114
119,120
121,178
122,30
122,89
122,110
124,25
124,32
125,46
125,84
125,140
126,102
127,6
128,2
128,24
128,71
131,160
131,185
134,32
134,150
135,74
137,140
138,50
138,72
140,178
143,15
143,188
143,196
145,3
145,115
146,116
150,198
152,124
152,181
153,96
153,103
155,199
156,141
158,166
158,180
159,20
159,138
159,175
161,37
161,69
161,123
162,51
163,85
163,156
163,161
165,16
165,57
165,159
172,34
173,184
175,78
176,147
177,115
177,139
177,143
180,18
180,98
183,67
184,47
185,31
185,65
186,8
186,42
187,81
188,142
188,154
191,57
192,8
194,21
194,151
197,65
197,125
197,176
197,195
198,68
198,119
199,194
