source,target
3,63
4,6
4,61
5,1
5,32
6,43
6,72
7,31
8,0
8,53
11,97
13,11
13,73
13,91
15,23
16,31
16,62
17,67
17,85
17,95
18,7
18,52
19,59
21,74
24,8
24,57
24,89
25,40
29,26
31,20
32,12
32,28
32,90
33,48
35,21
35,44
36,19
36,79
38,10
38,92
39,99
40,14
41,29
41,58
43,26
45,94
47,46
47,50
47,88
48,9
49,70
51,50
53,87
54,98
55,95
56,2
57,86
59,41
59,60
63,27
63,84
64,56
66,25
66,78
67,5
67,37
68,71
70,2
71,73
72,75
72,81
73,77
73,82
74,47
75,17
75,30
75,92
76,11
78,93
80,62
83,22
84,78
86,34
87,66
88,9
88,39
88,64
88,96
90,24
90,65
91,16
91,23
94,4
95,42
96,69
98,16
98,22
98,33
99,45
