source,target
4,98
5,99
6,76
9,39
9,87
11,52
11,74
11,94
14,21
15,24
15,64
16,18
16,67
16,91
19,82
22,25
23,66
24,17
26,11
31,35
31,71
33,12
33,61
34,53
35,16
35,21
35,27
35,65
36,65
36,79
37,7
37,28
37,91
38,89
40,58
40,66
41,2
41,29
44,56
44,59
44,81
45,32
45,48
47,88
49,40
49,70
49,80
50,33
51,46
52,84
54,44
54,72
57,52
58,86
59,24
60,47
61,4
62,16
63,85
67,43
67,46
68,63
69,50
73,45
73,67
75,8
75,30
75,42
76,7
77,96
78,27
82,3
82,97
83,25
83,92
85,13
85,54
86,0
86,15
86,20
86,53
86,90
88,95
89,49
92,10
92,38
92,55
93,29
94,5
95,9
95,42
95,83
97,1
97,2
97,71
97,77
98,36
98,68
99,80
