source,target
0,63
0,64
2,10
5,97
6,43
7,18
7,81
8,15
8,38
8,53
10,8
12,13
12,32
12,84
15,23
19,73
20,25
20,31
20,34
21,61
24,90
24,92
25,55
27,96
28,74
28,78
29,35
29,94
30,75
32,51
32,62
33,65
34,1
34,39
35,9
35,16
35,67
36,29
39,76
41,5
41,44
41,58
44,14
45,56
45,94
46,47
46,98
47,83
49,40
52,84
53,45
55,11
58,49
58,57
58,87
59,44
62,80
63,77
63,93
65,36
66,37
67,4
67,6
67,26
67,68
67,82
68,17
68,63
69,20
69,74
70,43
71,12
73,22
74,21
75,7
75,73
76,54
76,68
79,54
80,99
81,27
81,72
82,48
82,91
83,25
83,66
84,88
85,0
89,24
90,86
92,95
93,3
95,18
95,42
96,41
96,50
96,91
97,60
99,49
