source,target
1,5
3,61
4,32
4,79
8,18
9,39
9,75
12,2
12,13
12,71
13,10
13,11
13,64
14,2
14,40
15,22
17,27
17,67
17,68
19,82
20,25
20,42
23,15
23,66
26,79
28,51
28,74
29,41
29,46
29,93
32,0
32,12
32,38
32,49
34,57
35,9
35,16
35,81
36,23
37,91
44,97
45,48
45,56
45,72
45,99
46,45
48,68
48,90
51,41
52,18
52,24
52,96
54,5
54,19
55,37
59,60
59,84
60,73
62,60
62,80
63,77
65,9
65,43
65,70
72,6
76,7
76,29
76,94
81,11
81,21
81,36
81,61
84,63
84,88
85,35
85,69
86,20
86,53
86,57
86,58
87,53
88,95
90,44
90,89
91,76
92,30
92,38
92,78
94,31
95,20
95,55
95,83
96,27
96,33
96,50
97,4
97,19
97,47
98,26
