source,target
0,60
0,91
3,29
3,61
3,88
4,6
4,71
5,1
5,46
5,97
7,37
9,93
10,2
12,26
13,56
14,33
14,44
15,53
15,95
16,63
18,8
18,38
19,13
19,59
19,98
20,42
20,90
21,24
22,31
24,14
26,65
27,17
30,15
31,7
31,33
34,18
34,57
35,9
35,44
37,28
37,55
37,66
40,11
41,6
45,4
47,83
48,75
49,87
50,96
50,99
51,50
52,12
52,57
55,20
56,64
60,2
60,47
60,59
62,3
62,16
65,35
68,19
68,54
69,25
69,74
71,73
73,81
75,67
75,72
75,82
76,11
76,39
78,23
79,17
79,21
79,43
80,89
81,43
83,25
84,78
85,0
85,36
87,58
88,39
88,84
89,49
90,89
92,78
92,86
94,45
94,67
95,9
96,84
96,94
97,47
97,70
97,77
98,22
98,32
