source,target
0,91
1,38
2,63
3,32
3,68
4,79
5,26
5,82
9,77
10,13
12,96
14,11
14,21
15,8
16,81
17,64
19,36
19,68
20,34
21,62
21,79
22,98
24,12
25,53
25,55
25,92
26,63
27,10
27,46
27,48
28,89
29,60
30,57
31,94
34,15
35,16
36,23
36,48
36,71
37,99
38,25
38,51
38,78
40,24
41,29
43,9
43,33
43,70
44,59
44,61
45,1
49,86
49,87
52,84
54,5
54,71
54,85
55,17
56,44
59,67
60,73
61,76
63,93
64,8
64,18
64,22
65,43
65,90
66,80
69,0
71,94
73,77
74,21
74,28
75,92
76,7
76,35
80,74
81,54
81,72
82,47
83,66
86,57
86,83
88,9
88,37
88,39
88,95
89,40
89,58
92,84
94,6
94,91
95,42
96,88
97,82
98,2
99,50
99,85
