source,target
0,81
0,86
1,62
2,72
3,63
4,56
8,38
9,43
9,91
9,95
10,13
10,34
11,68
16,31
17,95
18,30
21,24
21,62
22,82
23,85
23,91
25,22
27,71
27,75
27,98
28,37
29,13
30,75
31,54
31,73
31,94
32,45
32,69
32,74
34,57
35,21
35,76
36,39
37,99
38,53
38,78
39,88
41,12
42,20
42,96
43,5
43,26
43,33
44,2
47,83
50,0
51,28
54,36
54,67
55,20
57,52
57,86
58,40
59,2
59,32
60,6
61,4
61,60
63,26
64,18
66,23
66,87
67,61
68,90
69,14
73,48
76,7
76,68
78,23
78,58
78,59
78,84
79,27
79,65
81,7
81,46
82,5
82,15
82,19
83,25
87,49
89,12
89,58
89,80
91,60
92,84
93,3
94,77
96,33
97,41
97,70
98,32
98,35
99,50
