source,target
0,12
0,96
2,29
2,56
2,65
4,54
7,72
8,18
8,47
9,39
9,93
10,97
11,2
11,74
12,41
13,10
16,63
18,7
18,38
19,35
21,35
21,62
21,79
22,25
23,9
23,27
23,28
24,40
24,84
24,92
26,11
26,59
31,33
33,12
33,43
34,83
35,61
36,90
38,15
38,57
39,99
40,66
41,46
42,95
43,73
44,76
46,50
48,82
49,58
49,70
49,87
51,16
51,32
54,7
55,30
55,95
56,13
57,24
59,69
59,98
60,81
62,74
62,80
64,8
65,1
67,4
67,5
67,37
68,6
70,97
73,48
73,67
74,63
75,15
75,20
75,34
75,42
77,45
77,48
78,59
79,17
79,71
81,75
82,22
82,68
82,76
84,78
85,14
85,94
86,53
88,3
88,64
89,80
89,86
90,86
94,6
95,52
96,91
99,88
