source,target
2,37
3,1
3,6
3,58
6,22
6,60
7,18
7,73
8,41
9,22
12,26
13,26
14,23
14,55
16,66
17,52
19,40
19,58
20,27
21,9
24,15
24,29
24,82
28,87
30,51
31,65
32,47
32,76
33,42
37,31
37,88
39,36
39,63
44,42
44,57
44,77
44,93
45,25
46,81
48,83
52,57
53,10
53,13
53,91
54,8
54,75
55,90
56,64
56,87
60,4
60,11
60,84
61,20
61,36
63,35
64,39
64,86
65,68
66,31
67,48
69,12
70,3
70,45
71,25
71,34
72,59
72,96
73,32
75,0
75,43
75,62
75,78
76,74
79,8
80,44
81,33
82,65
83,79
84,95
85,49
85,92
86,38
88,20
88,50
89,70
90,80
92,43
92,61
93,94
94,2
94,5
94,13
95,14
96,16
97,30
97,56
97,76
98,97
99,23
