source,target
0,16
2,1
6,3
7,37
9,33
9,88
12,69
13,92
14,23
15,24
15,67
16,15
16,64
17,99
18,65
20,36
20,61
20,83
22,6
24,7
24,25
24,55
24,91
26,42
27,20
28,89
29,25
31,68
31,85
35,51
36,39
36,84
37,48
37,59
37,74
38,57
39,63
39,78
41,64
42,60
43,10
44,57
44,77
44,80
46,45
47,4
47,19
47,32
47,66
49,11
49,28
53,62
54,95
58,9
60,11
60,53
62,21
62,65
62,91
66,82
70,49
71,29
72,96
73,33
75,56
76,17
76,34
76,52
77,72
78,0
78,94
79,8
81,46
81,47
82,59
84,22
84,43
84,50
85,13
86,38
87,68
88,12
88,30
88,41
90,27
91,40
92,54
92,84
93,2
93,44
94,5
94,8
96,87
97,51
97,56
97,70
98,97
99,23
99,26
