source,target
1,70
4,12
6,22
7,8
7,18
11,49
12,26
12,60
14,69
16,0
19,86
20,83
20,88
21,62
22,87
22,97
23,3
23,14
23,15
25,71
25,75
25,96
27,20
28,67
29,73
29,84
29,95
31,0
31,24
31,34
32,13
32,54
33,9
34,58
37,74
39,9
41,94
42,4
42,5
44,77
44,80
44,93
46,45
47,66
48,50
51,6
52,51
53,10
53,11
53,13
53,71
53,78
57,44
60,84
61,45
61,64
62,54
63,50
64,39
64,56
65,31
65,87
65,90
66,8
67,15
67,82
69,36
70,17
70,25
71,40
74,99
75,72
76,38
76,52
78,39
81,33
81,55
84,30
84,43
85,31
87,68
88,37
88,41
88,79
89,30
89,35
91,53
91,63
92,19
92,61
93,2
93,65
94,78
95,14
95,40
96,47
96,59
97,98
98,63
