source,target
0,16
1,2
3,33
6,51
6,60
7,8
7,18
8,41
9,39
9,58
12,14
12,42
13,20
13,39
13,92
16,54
16,92
20,27
20,88
22,84
22,98
24,15
24,29
25,65
25,71
27,61
29,28
29,43
30,51
33,70
33,73
34,0
37,7
38,57
39,17
40,49
41,24
42,26
43,85
43,93
45,46
47,4
48,50
49,62
49,91
50,88
52,34
52,57
53,10
53,59
53,68
55,90
55,94
56,96
59,21
59,31
60,82
61,45
61,47
62,75
63,91
63,98
64,85
65,23
65,86
66,19
66,47
66,53
66,82
69,12
70,17
75,87
75,89
76,83
77,13
77,44
77,72
79,9
80,90
81,69
82,11
82,36
82,86
83,79
89,25
89,35
90,74
93,67
93,77
94,5
94,37
94,78
95,14
95,32
95,40
96,59
97,1
97,30
99,26
