source,target
0,78
1,97
2,93
3,26
3,33
3,58
4,30
4,83
5,42
6,3
7,24
8,20
9,79
13,39
13,53
14,23
14,55
14,59
17,52
18,0
19,40
22,60
24,25
25,28
29,7
29,53
29,95
30,70
31,68
33,9
33,72
34,0
34,71
35,63
35,89
37,67
37,90
38,21
38,76
39,36
39,99
41,8
41,16
42,12
43,84
43,92
44,77
45,38
45,46
47,32
49,62
51,35
52,57
52,76
53,10
53,15
54,19
54,91
57,44
57,81
59,31
59,54
60,12
60,82
61,20
61,45
62,92
62,96
63,98
64,61
66,24
66,31
69,14
70,1
72,73
74,33
74,37
75,56
75,72
81,69
82,11
82,65
82,86
83,48
84,50
86,66
86,85
87,6
88,39
90,27
90,80
91,49
91,63
92,32
93,43
94,2
96,87
97,22
97,71
