source,target
0,31
1,2
1,22
3,23
5,94
7,24
7,29
8,96
11,82
14,69
16,36
16,49
16,64
18,0
19,40
19,54
19,92
20,13
22,84
23,15
26,27
29,32
30,4
31,7
32,76
33,3
35,63
37,59
38,21
39,99
42,33
42,44
43,85
43,93
46,45
47,4
48,67
48,83
48,93
49,10
49,66
50,48
51,6
51,52
52,17
52,34
52,57
53,16
53,71
53,78
54,59
54,89
56,96
58,9
58,34
58,70
60,11
62,55
63,98
65,18
66,19
67,28
68,53
69,36
73,46
73,51
74,37
75,72
75,86
75,87
76,38
76,97
77,13
78,8
80,90
81,52
82,86
85,10
85,25
87,6
87,68
88,12
88,20
88,39
88,79
89,30
89,35
90,27
90,55
90,65
91,75
93,23
94,41
94,78
95,43
95,61
95,84
97,81
99,74
