source,target
1,3
1,22
3,58
6,22
8,66
9,58
10,45
10,85
11,82
12,60
13,32
14,59
15,53
17,99
18,0
19,28
19,54
19,92
23,93
24,55
27,20
28,67
29,7
29,24
30,84
31,66
32,47
35,63
35,89
36,20
36,69
37,2
37,94
39,13
39,61
41,64
41,94
42,26
42,33
44,57
45,38
45,97
46,81
47,4
47,19
49,11
49,62
50,88
51,35
51,73
52,34
52,76
53,59
53,68
53,71
54,8
59,21
60,10
62,0
62,16
62,36
62,87
64,61
65,56
65,87
67,49
68,78
69,12
69,81
70,1
72,75
73,50
74,33
76,57
76,83
78,25
78,43
78,54
79,9
80,90
81,52
86,38
87,29
88,48
88,79
89,30
90,27
91,25
91,40
93,48
93,77
94,5
95,29
96,72
96,92
97,51
98,63
99,26
99,41
