source,target
0,34
0,86
4,12
8,24
9,22
9,39
11,53
13,16
13,99
14,59
14,69
16,36
16,64
17,52
17,99
18,7
19,40
19,92
20,27
21,59
23,3
23,93
24,29
24,66
25,65
25,91
26,42
27,90
29,43
29,71
30,51
30,88
31,37
33,72
33,81
33,94
35,89
38,76
39,63
41,85
43,10
43,84
44,77
44,80
45,25
45,46
45,76
49,28
52,57
53,15
53,25
53,68
53,85
53,96
54,19
54,78
55,81
56,64
60,4
60,6
61,45
62,49
62,89
63,35
69,36
70,1
70,17
70,58
72,73
72,77
73,7
74,33
75,72
79,8
81,47
82,60
82,65
82,67
82,86
83,79
84,50
87,28
88,48
90,55
92,32
93,10
93,15
94,2
94,5
94,13
94,37
95,14
95,48
96,16
96,19
96,62
97,56
98,97
99,26
