source,target
0,68
4,10
4,190
5,78
6,193
9,44
9,91
10,187
11,87
13,54
13,172
14,160
16,162
17,81
17,100
19,91
20,66
21,61
22,147
23,164
24,1
24,23
27,53
28,18
29,112
30,98
32,43
33,69
34,85
35,145
36,74
37,135
38,15
40,83
40,159
43,150
45,199
48,37
48,119
48,133
49,5
50,4
50,12
50,41
50,118
50,184
51,29
51,161
53,88
53,99
56,3
59,57
59,66
59,129
60,100
62,18
63,70
63,149
63,179
64,113
67,127
67,162
68,27
70,173
72,30
74,0
74,141
75,116
76,22
77,88
77,111
77,163
78,70
78,80
79,38
79,126
79,132
81,153
83,35
84,117
84,136
85,33
86,104
86,167
87,110
88,56
89,177
90,199
91,82
91,170
93,73
93,165
94,25
95,59
97,107
98,77
98,171
99,177
101,109
101,176
103,191
104,197
105,71
105,108
107,128
107,140
107,176
108,183
110,80
110,166
110,178
111,93
112,24
112,42
113,9
113,48
113,90
113,174
116,47
116,86
117,7
117,120
118,14
118,21
118,92
119,2
121,7
122,99
124,182
124,193
125,35
126,95
127,3
127,138
128,168
133,106
134,187
135,143
136,13
137,115
139,55
139,103
143,17
143,25
144,192
145,131
147,198
149,46
150,57
150,146
150,185
151,125
151,155
152,39
153,8
153,11
153,185
154,75
156,32
156,39
157,47
157,96
158,55
159,50
159,120
164,28
164,124
165,195
166,31
168,148
168,180
168,194
169,197
170,58
173,115
175,83
176,26
176,33
176,123
176,198
178,97
178,183
182,52
182,76
182,102
184,130
186,1
186,86
188,133
189,45
190,114
190,142
192,196
194,40
194,103
195,181
195,188
196,63
198,65
