source,target
1,17
1,56
1,85
1,133
1,154
5,177
6,16
6,32
6,161
7,146
9,44
9,169
9,176
10,148
15,112
17,78
17,136
19,44
20,81
20,97
22,143
23,15
23,89
27,114
27,142
29,39
29,51
29,131
30,123
31,171
32,128
35,125
36,74
37,159
39,132
39,139
40,11
40,36
40,108
41,55
42,6
43,67
45,2
45,76
45,104
46,124
47,77
47,138
48,3
52,175
53,25
53,99
53,140
55,95
57,82
58,62
58,99
58,189
58,197
61,21
62,48
63,147
64,166
65,105
66,122
67,115
68,50
68,72
68,186
69,108
69,157
70,87
70,173
70,199
73,42
73,59
74,14
74,76
75,107
77,102
78,21
78,109
81,54
81,170
82,38
82,91
82,130
83,65
85,33
85,100
87,86
88,56
90,43
91,10
91,180
91,198
92,34
92,94
92,195
93,26
95,156
96,130
98,120
99,37
101,178
102,30
103,101
105,23
105,66
105,127
107,43
107,49
107,70
109,79
109,87
109,187
110,29
110,80
111,58
113,10
113,129
117,97
118,134
121,98
122,152
123,53
124,116
124,182
125,92
126,158
127,1
128,83
130,24
132,40
132,60
132,71
132,150
134,196
135,26
138,55
138,177
140,92
140,183
141,88
143,35
144,74
144,185
145,12
145,155
146,100
148,119
150,165
150,174
155,73
158,122
160,168
162,16
163,111
164,28
164,149
165,101
166,118
166,137
168,8
168,84
170,47
170,106
171,151
172,31
173,27
175,22
175,160
176,141
177,18
179,126
181,50
182,113
183,64
184,0
184,129
185,149
185,199
186,135
188,63
188,136
188,167
190,4
190,98
190,145
191,174
192,153
192,186
192,190
193,119
196,57
198,144
198,171
198,194
199,13
