source,target
1,90
3,63
4,21
4,50
5,93
6,71
6,139
6,191
7,84
7,87
8,120
8,143
8,189
10,196
12,143
13,17
14,129
15,82
17,76
20,66
21,13
22,53
22,88
23,46
26,99
29,115
29,124
29,131
30,98
30,186
32,23
33,69
34,14
34,104
34,195
37,138
37,181
38,15
38,184
39,115
40,159
41,43
41,57
42,28
42,162
43,137
43,155
43,156
44,19
45,35
46,174
47,60
47,133
48,11
48,64
49,40
51,55
52,147
53,7
53,130
53,173
55,15
55,154
55,158
56,45
56,116
57,29
58,125
58,142
59,95
60,74
61,141
62,157
64,72
64,92
65,117
66,59
67,109
68,118
69,127
71,103
72,70
74,20
74,117
76,113
78,191
79,9
79,16
79,41
81,22
85,54
85,58
86,47
88,146
89,28
90,177
91,180
92,102
93,105
95,79
97,43
98,34
101,73
102,30
102,77
102,180
103,161
104,96
104,190
105,42
105,109
106,27
106,48
107,149
107,185
108,24
108,183
111,25
111,176
113,106
113,165
114,127
115,36
116,75
116,86
118,134
120,148
120,176
121,2
121,128
122,73
123,171
123,186
127,112
130,3
130,72
131,107
132,32
132,152
135,144
135,192
136,89
138,121
140,197
141,83
141,166
142,179
144,10
144,68
147,198
148,119
148,135
149,8
149,100
150,39
153,185
154,2
157,171
159,26
159,37
160,85
161,18
161,51
162,6
163,160
163,199
164,38
164,151
165,80
169,111
169,178
170,175
171,126
172,182
176,101
176,114
177,165
177,174
179,4
179,94
179,175
180,168
182,62
183,110
183,140
185,44
186,0
188,12
190,114
190,154
192,187
193,16
194,195
195,167
197,31
197,83
197,91
198,128
198,145
