source,target
0,17
1,40
4,17
4,75
4,140
7,61
8,128
9,19
11,109
14,156
14,181
17,13
17,81
18,103
20,153
20,177
21,140
22,78
23,46
23,156
23,164
24,154
28,6
28,139
28,152
29,15
29,51
29,101
29,124
29,132
33,134
34,88
36,113
37,121
38,176
40,5
40,90
41,87
43,29
43,41
44,43
45,0
49,107
49,155
49,161
50,169
50,198
51,119
52,16
52,77
55,28
56,116
57,82
57,196
58,68
60,132
61,165
62,65
62,68
64,86
65,93
66,20
66,23
68,91
69,147
71,119
72,24
72,67
72,166
73,59
73,191
74,98
74,143
75,52
76,19
76,22
76,27
76,127
76,138
77,186
78,109
78,126
80,185
82,15
82,183
85,54
86,120
86,144
86,172
88,47
92,168
93,25
93,108
93,159
95,179
96,38
98,40
98,117
98,123
99,137
100,118
102,108
103,55
103,191
104,106
105,3
107,44
109,26
109,116
110,89
110,94
110,105
110,106
110,167
111,33
113,8
114,194
117,84
120,33
120,104
120,170
121,163
122,148
122,197
123,130
124,18
124,162
126,49
126,149
127,112
128,32
128,64
128,83
128,97
128,141
128,177
129,12
130,3
131,146
133,62
135,35
135,129
135,145
136,7
137,41
138,10
140,189
141,79
142,34
142,180
145,167
146,70
146,136
147,97
149,115
149,190
150,39
151,4
152,39
152,92
152,158
159,37
159,63
162,42
163,173
164,125
165,31
165,158
166,102
168,74
170,30
170,157
173,9
174,73
175,11
176,48
176,115
177,47
177,118
178,161
179,96
182,14
184,76
185,149
186,135
187,54
187,66
188,170
192,50
192,171
193,162
194,192
195,100
196,2
197,56
198,53
198,58
199,45
199,160
