source,target
0,134
0,170
1,35
1,133
2,48
2,119
3,21
6,67
7,120
7,147
8,128
9,111
10,47
11,160
12,94
12,175
12,187
13,36
13,199
14,118
14,181
15,174
16,20
17,196
18,96
20,46
20,121
20,135
21,114
22,99
23,66
24,154
26,10
27,63
27,68
29,41
31,13
31,106
31,157
34,175
36,32
37,85
37,102
37,160
38,15
38,132
39,105
40,99
40,149
41,55
42,65
42,112
42,162
43,126
44,97
47,92
47,146
47,163
48,7
48,74
48,113
48,138
48,141
49,185
50,14
50,81
50,170
51,162
52,157
53,1
58,81
58,142
60,0
61,70
62,142
64,173
65,80
66,76
68,153
69,135
71,89
73,16
74,171
76,144
78,95
78,108
78,168
80,40
80,109
80,169
82,38
82,183
83,62
84,116
84,148
86,64
87,28
89,87
90,44
91,129
91,195
92,172
95,155
96,83
97,60
98,53
98,130
98,184
100,14
101,139
101,178
102,25
102,77
102,138
103,193
104,45
105,3
105,23
108,21
108,64
108,93
108,107
110,101
116,124
116,177
116,188
117,78
120,33
120,50
122,127
122,158
123,125
123,143
125,61
126,176
127,1
127,3
129,100
131,91
131,199
132,55
132,79
134,72
137,112
144,198
145,165
147,87
148,75
149,185
149,194
152,28
153,158
154,57
154,136
154,150
154,182
156,39
156,59
156,88
158,67
159,19
160,30
164,15
164,190
165,61
165,79
165,131
166,141
167,145
169,8
169,9
173,151
175,121
176,123
177,37
178,169
179,63
179,159
180,94
182,27
185,103
186,140
186,171
187,92
187,167
188,115
191,5
191,26
191,161
192,30
194,6
194,56
194,189
196,4
196,98
197,104
197,122
198,12
199,54
