source,target
0,26
1,47
1,102
1,106
1,160
6,52
7,199
8,128
9,147
9,169
10,120
11,87
12,104
13,136
14,34
14,156
14,192
16,41
16,103
16,105
18,96
19,60
19,116
19,145
20,46
21,118
22,27
23,18
25,117
25,129
26,165
27,184
31,100
32,95
32,150
33,70
33,86
35,146
35,186
36,40
37,50
38,89
39,29
39,137
40,49
40,90
40,148
40,149
40,176
41,82
41,158
43,161
45,2
48,7
48,65
53,135
53,172
53,193
54,109
54,179
55,41
57,138
58,130
59,77
59,191
61,107
62,11
62,50
63,5
63,190
63,196
67,43
67,73
68,56
69,72
70,66
70,142
71,119
72,78
74,0
76,62
76,112
79,109
79,132
80,153
82,15
83,188
83,197
85,171
86,19
86,94
86,98
89,136
92,24
92,82
95,154
96,157
97,6
97,44
101,3
101,57
101,139
101,178
104,45
104,110
105,42
105,71
105,108
107,133
108,115
108,126
110,183
111,53
114,75
114,194
115,173
117,10
117,84
118,48
120,8
120,152
121,20
121,31
123,30
126,28
126,67
126,87
127,1
128,168
130,3
133,143
135,68
135,80
135,192
138,25
138,88
138,198
141,78
141,115
141,189
142,140
143,123
143,129
144,79
144,85
145,131
145,175
150,185
152,124
153,81
154,29
154,51
154,76
154,182
155,89
155,151
157,69
158,6
158,99
158,155
159,4
159,93
159,195
161,101
162,16
164,181
165,113
165,158
166,162
167,94
168,36
168,160
169,85
174,17
174,81
174,187
175,63
177,44
181,35
181,180
182,134
183,178
184,74
186,12
187,45
189,125
190,54
190,166
191,164
194,40
195,92
196,64
197,31
197,33
199,91
199,122
199,163
199,170
199,180
