source,target
0,160
1,85
1,92
2,48
2,65
2,72
2,78
3,112
3,140
5,49
5,102
6,103
9,11
10,117
10,127
11,109
11,179
12,181
13,99
14,60
15,6
16,155
18,23
18,71
19,60
19,69
19,99
19,147
19,188
20,104
20,174
21,81
21,162
22,198
26,13
27,34
27,76
28,139
29,43
29,115
30,56
31,62
33,176
33,191
34,0
35,37
38,18
38,100
38,105
39,137
41,152
42,55
46,100
46,158
47,119
47,157
48,7
50,75
50,197
51,46
53,172
54,98
54,163
56,175
57,29
59,57
59,156
61,58
61,82
63,70
65,42
65,73
65,97
68,20
68,93
72,64
73,177
77,128
77,148
79,39
79,67
80,42
81,52
83,17
83,36
84,136
84,173
85,175
85,181
86,145
87,26
87,126
87,141
87,159
88,186
89,82
89,193
90,126
90,131
90,199
91,35
91,76
92,22
92,187
94,180
95,41
95,154
98,106
100,47
101,108
101,151
102,74
103,107
104,123
105,110
106,1
106,118
107,16
110,29
110,87
110,89
111,116
111,129
113,8
117,150
118,182
120,2
120,17
121,85
123,12
123,178
124,199
127,114
128,32
130,53
130,96
132,96
133,14
133,24
134,63
135,134
137,95
140,10
141,70
142,34
142,190
143,8
143,142
143,146
144,171
145,194
148,141
149,83
149,114
151,66
153,165
154,75
155,3
155,151
155,164
159,40
159,196
165,158
167,130
167,143
168,48
169,28
171,138
171,170
173,31
175,166
176,9
177,31
177,146
179,4
179,19
180,138
182,125
183,178
184,0
184,25
184,161
185,44
185,122
185,153
186,192
187,45
188,113
188,170
189,18
192,54
192,169
194,90
195,167
197,169
198,33
198,81
198,102
198,111
