source,target
0,198
1,35
1,90
6,161
6,194
7,4
7,143
7,190
10,148
10,182
11,179
11,197
12,30
12,68
12,129
12,140
13,168
16,79
19,62
21,172
22,26
23,24
23,39
23,73
24,187
28,89
28,137
31,165
36,104
37,144
40,11
40,115
40,186
41,137
43,67
43,150
47,74
49,68
49,144
50,81
50,191
52,20
53,27
53,196
54,45
54,142
54,163
55,41
56,80
58,61
61,125
62,65
63,7
63,22
65,73
65,81
66,84
66,155
68,94
69,36
70,66
72,10
72,30
72,170
72,194
74,48
75,58
75,102
76,1
76,184
77,47
77,76
78,71
78,108
79,55
79,165
81,174
82,15
83,17
83,64
83,156
86,8
86,91
87,131
88,64
88,122
89,42
89,82
89,164
90,43
91,99
91,146
93,25
95,32
95,154
97,16
97,139
99,40
100,38
100,60
100,129
100,181
101,46
103,18
103,185
104,192
106,96
106,98
107,44
108,9
108,69
109,101
109,153
110,183
111,23
112,18
113,9
114,176
116,33
117,102
119,10
120,78
120,169
123,33
124,29
124,162
125,35
126,132
126,157
127,67
130,128
131,29
131,145
135,159
135,198
138,25
138,28
138,152
140,105
140,107
140,183
141,145
142,120
143,167
147,13
150,3
151,31
151,51
151,101
151,128
154,2
154,152
154,156
155,178
156,57
157,56
157,116
157,171
159,63
160,118
160,143
162,6
162,21
163,121
164,124
164,150
164,193
165,52
165,134
165,136
165,158
166,177
168,84
170,135
171,34
171,98
171,138
172,92
173,56
175,133
175,182
176,126
178,169
180,110
182,14
183,59
185,199
186,0
187,54
188,86
189,46
190,149
190,166
192,12
192,85
195,26
196,83
199,5
199,53
