source,target
0,60
1,23
3,99
5,40
6,10
6,25
6,76
7,18
7,97
8,14
8,35
9,57
9,70
11,62
12,21
12,28
14,42
15,17
17,13
17,63
18,58
19,33
20,98
22,87
24,55
26,31
29,24
29,67
32,29
32,40
34,20
36,50
38,26
39,66
41,70
42,26
42,49
42,75
44,38
46,30
47,59
47,68
48,2
48,4
48,65
49,5
49,16
49,88
51,0
52,22
52,81
53,6
53,43
53,78
54,7
55,22
55,54
55,63
56,96
57,73
60,77
63,33
64,61
65,23
65,69
65,91
67,12
67,66
70,83
71,53
73,74
75,84
76,45
76,75
77,1
77,61
77,73
77,80
77,89
79,47
79,98
80,68
82,43
82,85
86,79
90,11
90,12
90,37
90,72
93,39
94,15
95,32
95,46
95,92
96,27
96,67
97,36
97,51
99,71
