source,target
0,60
0,73
2,24
2,82
3,78
5,92
6,10
8,63
10,21
10,22
10,49
10,55
11,46
11,59
12,64
14,89
15,7
16,30
17,57
17,75
18,12
18,74
20,45
21,12
21,28
24,90
26,91
26,94
28,95
30,5
30,46
33,38
34,25
35,23
36,14
36,50
36,81
37,68
38,44
39,80
40,25
40,39
42,37
42,80
43,84
44,60
45,52
46,96
48,2
48,16
49,47
49,57
51,19
51,31
51,90
52,41
52,66
53,43
53,78
54,7
55,69
56,79
56,82
59,58
60,86
61,1
61,49
62,13
63,33
65,2
65,13
67,56
70,41
71,4
71,99
73,27
73,54
73,66
76,53
77,1
77,37
77,72
82,85
83,36
84,61
87,22
88,97
89,23
89,54
91,83
92,98
93,69
95,9
95,32
95,65
97,74
98,0
98,29
99,3
