source,target
4,71
5,40
5,54
5,82
5,93
6,53
7,29
7,87
7,98
11,39
11,59
11,80
16,69
17,13
19,33
19,77
20,48
21,12
21,28
22,47
23,17
23,58
27,7
27,66
28,42
29,67
29,94
30,73
34,20
36,81
36,83
40,79
41,52
43,31
43,82
43,84
44,38
45,25
46,14
46,30
47,73
48,4
49,10
49,27
49,42
49,88
50,55
50,62
51,90
52,45
53,78
57,8
57,9
57,75
58,66
61,91
62,11
63,55
65,46
66,24
67,96
69,94
71,99
72,44
72,51
72,64
73,18
73,68
74,32
74,64
74,70
75,44
75,61
75,76
76,1
76,45
77,0
77,35
77,60
78,50
79,56
79,86
80,36
81,34
82,85
84,72
89,54
90,2
90,15
90,37
90,60
90,65
92,10
94,26
95,9
96,5
97,74
99,3
99,43
