source,target
2,48
2,65
5,56
5,96
6,38
7,10
7,18
7,29
10,9
12,66
14,33
15,55
16,0
17,23
17,59
18,2
18,41
18,64
21,32
22,52
23,19
23,58
24,2
24,72
25,40
26,12
29,94
31,51
34,20
34,25
35,8
35,23
35,63
36,50
36,81
37,77
37,90
38,44
39,13
39,30
40,28
41,70
42,37
42,87
43,45
45,20
45,76
46,14
46,27
48,4
49,14
49,31
50,22
50,78
51,79
51,90
53,69
54,57
55,24
57,1
57,12
57,73
59,47
59,68
60,44
62,11
65,61
67,27
71,99
75,32
76,53
76,97
77,60
77,73
78,53
80,0
80,42
80,72
80,92
82,56
82,85
83,46
84,61
86,54
89,17
89,75
90,11
90,59
91,65
92,30
93,74
95,79
96,49
97,88
97,98
98,7
98,93
99,3
99,43
