source,target
0,80
0,90
1,97
2,61
3,99
6,38
6,76
7,10
7,90
8,14
11,62
11,84
12,21
12,35
15,55
16,39
16,48
17,13
17,63
18,64
22,87
23,12
23,29
23,58
24,96
26,94
27,47
27,54
28,95
29,18
29,59
30,5
31,26
32,74
33,15
33,46
33,63
35,89
37,19
38,33
40,5
40,6
41,93
43,45
43,53
43,82
43,99
44,24
45,25
46,42
48,2
48,4
48,20
49,31
50,36
51,92
52,57
54,57
54,61
54,73
55,36
56,67
57,9
61,64
65,7
65,11
65,14
65,44
65,51
65,91
66,65
67,28
69,16
70,41
74,40
76,45
76,75
77,37
77,60
77,98
78,50
79,51
80,68
81,34
81,52
82,85
84,72
86,60
87,7
88,49
90,41
91,83
94,32
95,30
96,46
97,54
97,88
97,98
99,71
