source,target
2,65
4,48
5,33
5,82
7,29
7,87
8,14
8,46
10,98
11,62
12,97
18,32
18,54
20,45
23,94
25,40
26,89
29,32
30,16
30,38
32,21
34,25
36,57
36,92
38,42
40,28
41,93
42,26
42,54
42,72
43,84
44,18
45,43
46,15
46,30
46,51
46,83
46,96
47,79
49,16
49,31
49,88
50,22
50,55
53,6
53,71
54,97
55,15
56,5
56,67
57,8
57,28
57,52
59,17
59,58
60,86
60,90
61,37
61,64
63,17
64,12
65,0
65,13
65,27
65,48
65,74
65,91
66,24
66,72
68,49
69,39
70,83
71,99
74,73
75,67
76,61
77,19
77,60
77,98
78,50
81,34
82,2
82,85
83,80
84,11
84,66
86,79
86,95
89,35
89,69
89,77
90,59
91,69
93,7
94,90
95,9
97,1
99,3
99,4
