source,target
0,29
1,97
2,23
5,16
5,33
7,10
7,93
9,6
9,70
10,21
10,95
11,46
11,59
11,62
12,23
12,37
12,66
14,73
17,15
20,34
20,45
22,10
22,50
22,87
23,30
24,44
24,72
25,40
27,65
29,69
31,9
32,8
32,61
33,15
33,46
33,63
36,83
36,92
37,90
38,26
38,42
39,13
40,39
40,74
40,79
41,20
42,7
42,28
42,57
43,84
48,65
49,5
49,31
50,36
50,55
52,81
54,2
57,27
60,90
61,1
61,75
61,77
65,91
66,24
66,58
68,37
69,16
70,41
71,4
72,47
72,64
72,80
73,68
74,18
74,49
74,51
74,93
75,67
75,84
75,89
76,45
77,19
78,3
78,50
78,53
79,56
80,39
81,36
82,5
82,85
86,35
86,79
94,26
96,67
97,12
97,88
98,0
99,4
99,43
