source,target
2,49
2,82
2,94
2,98
3,99
4,48
4,71
6,25
6,38
7,93
10,6
10,21
13,62
16,24
16,63
16,69
20,34
22,10
23,1
23,2
26,38
26,42
26,91
27,12
27,57
27,66
27,67
29,98
31,26
33,15
33,92
35,8
35,73
36,57
39,13
39,40
39,72
41,95
42,28
42,37
42,65
42,77
44,72
45,20
45,76
46,58
46,61
47,22
48,20
49,31
49,88
50,78
51,80
52,66
53,69
54,86
54,89
54,94
55,15
58,18
59,11
60,44
60,56
61,1
62,50
65,13
65,14
65,27
66,16
66,84
69,0
70,9
70,74
73,16
73,33
73,68
73,95
74,29
74,64
74,87
75,7
75,17
75,54
75,90
76,75
77,19
79,51
80,83
81,36
82,85
83,70
84,11
88,97
94,32
96,5
96,30
96,40
99,4
99,43
