source,target
3,51
6,26
6,38
6,174
7,14
7,36
7,124
7,168
8,43
8,98
11,146
12,52
12,76
12,165
13,177
15,89
16,70
16,135
16,153
18,139
20,155
21,47
22,40
23,93
23,118
23,121
24,5
25,3
26,55
26,140
26,187
28,19
28,86
28,128
29,87
31,116
32,157
33,40
33,151
35,19
40,29
42,119
42,122
43,2
43,58
43,104
43,166
44,69
44,74
45,86
48,17
48,23
49,11
49,59
49,75
49,154
50,24
51,125
53,25
57,100
60,41
61,0
61,49
62,138
63,30
63,83
65,64
65,99
65,120
65,141
67,196
68,90
69,20
69,77
70,17
71,12
73,4
73,32
73,101
77,10
78,150
78,184
80,66
80,162
80,185
81,76
82,34
85,71
94,8
95,189
96,28
97,102
97,149
99,18
99,114
99,167
100,32
101,31
101,179
104,115
105,107
105,176
106,36
108,129
109,82
111,130
112,84
113,6
113,142
115,105
118,144
121,53
121,170
123,182
125,195
127,55
127,117
128,170
129,39
130,95
131,78
131,133
133,9
134,54
134,65
136,108
136,183
138,67
138,110
140,79
143,7
144,91
145,1
145,168
146,56
146,88
146,97
146,165
146,199
149,62
149,126
149,188
151,163
152,88
155,92
156,29
156,41
156,147
156,186
158,137
158,143
160,15
161,33
161,148
163,37
163,171
164,42
164,89
164,169
166,159
167,172
168,5
168,27
168,183
170,10
170,72
171,16
171,47
171,112
171,180
172,156
173,75
175,13
175,132
175,142
176,194
178,82
178,111
179,94
179,103
181,63
181,190
182,186
184,22
186,68
187,61
189,135
189,169
190,46
190,85
191,52
192,180
193,140
195,7
195,152
196,31
197,175
198,141
199,80
