source,target
1,74
2,51
2,57
2,108
3,53
4,88
5,166
5,183
7,34
7,71
7,196
7,199
8,109
10,58
10,79
14,1
16,10
17,56
19,14
20,171
22,46
23,103
23,126
23,194
24,188
25,80
26,48
28,178
29,139
29,144
30,68
31,64
33,136
33,150
36,37
36,145
39,67
39,148
40,29
41,106
43,26
43,56
47,27
48,181
49,154
50,66
53,170
55,104
55,127
60,41
61,81
62,70
62,87
62,138
62,192
63,82
64,2
64,169
65,32
66,187
69,77
71,11
71,47
71,95
71,97
74,20
75,49
76,8
76,12
76,127
78,159
80,157
82,33
83,174
85,22
85,140
89,32
89,101
90,189
90,198
91,133
91,172
92,136
93,92
94,83
104,142
104,176
105,112
108,23
108,48
108,74
110,77
111,7
111,130
111,164
112,21
112,182
113,55
113,129
115,157
116,20
117,107
117,144
118,102
118,146
120,119
121,31
122,149
123,137
125,0
125,42
125,50
125,69
125,98
126,13
126,39
126,197
132,81
132,175
133,131
134,125
135,165
137,179
137,182
139,4
139,180
142,45
142,96
143,195
144,153
145,9
146,114
146,124
146,128
146,156
147,167
148,134
149,6
150,140
152,194
154,42
155,190
158,18
158,84
160,15
161,36
162,15
162,152
163,91
165,181
166,43
166,89
167,68
167,69
168,38
168,151
168,169
170,118
172,25
173,75
174,35
174,52
174,85
174,90
175,52
176,54
177,97
178,111
179,54
179,145
180,121
180,149
180,184
184,72
184,141
186,155
187,100
187,123
187,188
188,79
188,159
189,40
189,185
190,84
190,162
191,86
192,78
192,191
194,73
194,99
194,106
195,5
195,59
195,124
195,193
196,44
196,120
196,129
196,133
