source,target
2,24
2,100
3,125
4,169
5,59
7,34
7,146
8,80
8,97
8,199
10,111
11,71
11,108
12,124
12,162
13,133
14,7
15,158
15,185
16,84
16,153
17,183
18,148
23,145
25,104
28,172
29,88
29,139
30,89
30,112
31,26
31,36
31,95
33,84
33,179
35,43
35,78
39,12
39,52
39,110
39,144
41,46
41,106
42,137
45,142
47,68
50,30
51,151
52,183
55,144
55,174
56,1
57,2
57,56
57,177
58,35
59,10
59,32
61,141
63,115
63,181
63,191
65,37
65,44
65,101
65,148
67,33
68,192
71,64
71,85
72,163
72,186
73,107
73,194
74,99
76,8
77,134
78,138
79,186
81,76
86,45
89,13
90,189
92,136
94,70
94,179
96,41
96,135
96,143
96,149
97,152
98,102
98,164
101,79
104,57
105,80
107,20
108,52
112,103
112,187
113,62
113,82
113,180
114,72
118,28
119,116
120,51
121,155
122,74
122,87
122,178
123,103
124,54
125,65
126,39
126,113
128,49
129,0
129,22
129,33
129,50
130,166
130,190
132,42
132,127
133,126
136,83
136,196
137,162
138,69
138,176
139,31
139,188
140,96
141,198
142,123
145,160
145,168
146,19
147,7
147,167
149,180
150,48
151,71
152,73
152,113
152,141
155,12
156,5
157,70
159,131
161,54
163,154
163,171
164,111
165,135
165,158
169,61
169,100
169,168
170,128
171,21
171,198
172,15
172,167
175,32
175,132
176,77
176,93
178,16
178,49
180,27
180,68
181,147
182,53
182,105
182,109
183,66
184,118
186,38
186,150
188,58
188,91
188,159
188,166
189,25
189,40
193,165
194,29
194,117
195,56
196,39
196,60
196,75
196,116
197,175
198,9
199,6
199,173
