source,target
1,74
1,163
2,4
2,5
2,100
2,133
2,161
2,186
3,42
4,189
6,37
6,57
8,53
10,63
11,155
12,26
13,197
15,92
15,185
17,183
18,154
19,65
19,199
25,88
25,148
28,86
30,112
32,160
33,150
35,196
40,22
43,16
43,61
43,192
44,11
44,24
44,73
46,188
49,169
50,27
50,61
50,66
51,8
52,123
52,130
52,152
53,64
53,110
54,39
54,98
55,62
56,14
56,21
56,43
57,18
57,177
58,35
59,31
59,179
60,131
62,80
62,171
63,47
63,131
66,44
67,119
67,147
67,166
68,54
69,59
72,114
73,128
75,5
76,36
77,69
77,143
78,121
78,139
79,140
80,38
81,76
82,21
82,29
83,74
83,198
85,71
85,117
86,95
86,97
87,28
90,40
90,85
90,189
93,176
94,36
94,174
95,124
96,89
96,97
96,140
99,172
101,87
102,72
103,170
104,142
105,92
108,136
109,45
109,58
111,33
112,99
113,163
113,170
115,96
115,165
118,53
118,164
119,120
121,68
122,38
122,83
125,0
125,3
125,157
127,117
127,132
129,46
131,159
134,73
134,168
134,191
135,41
135,176
135,195
136,10
136,12
137,89
138,42
140,108
140,150
142,158
142,175
143,91
144,34
144,77
145,106
145,153
145,160
145,164
146,56
146,194
148,136
149,37
149,126
152,96
153,90
154,30
155,39
155,184
156,7
157,95
160,15
161,156
163,72
163,84
165,90
165,162
166,6
167,78
169,64
172,20
172,178
173,75
174,23
174,48
174,181
175,13
175,32
178,122
179,119
180,192
181,9
181,146
182,7
183,143
184,115
185,141
187,9
188,104
190,107
190,111
195,125
195,151
195,193
196,116
196,129
198,70
198,94
199,124
