source,target
0,126
1,74
2,57
2,82
4,111
6,62
6,119
7,147
7,158
8,124
11,35
13,177
15,61
18,168
21,84
21,180
22,40
23,88
23,121
24,150
25,10
25,138
27,24
27,42
28,25
28,79
28,97
29,113
32,30
32,59
33,67
34,81
35,7
35,72
35,155
37,36
37,53
37,134
38,48
38,137
38,151
39,161
40,9
40,33
40,189
43,98
44,66
44,172
45,154
46,41
47,78
47,116
49,159
51,117
52,90
52,96
52,112
52,175
53,3
53,64
55,188
56,8
56,17
58,103
58,148
59,38
61,0
61,169
62,14
63,160
63,198
68,49
69,125
74,129
77,134
77,143
78,50
78,100
78,118
80,157
80,185
83,63
83,71
83,94
84,130
86,49
86,122
86,178
87,101
87,174
88,53
88,89
89,110
90,153
92,136
96,41
97,26
99,145
100,20
100,79
100,120
100,187
104,133
104,142
105,15
105,176
106,143
107,105
109,99
110,193
111,91
111,136
115,137
119,4
120,128
124,96
124,199
127,51
128,170
129,139
130,91
130,135
131,178
132,175
133,196
134,125
134,182
135,145
137,19
138,172
141,12
141,152
143,140
144,31
144,34
144,77
144,194
144,195
146,5
146,114
146,171
146,198
147,68
147,107
149,86
150,180
151,25
152,76
152,190
154,191
156,65
156,68
156,102
157,22
157,95
159,60
163,37
164,161
165,146
166,6
166,181
167,23
168,47
169,54
170,58
170,93
171,141
173,75
174,113
175,197
177,17
179,33
180,108
180,139
184,97
184,162
186,2
186,27
188,11
189,39
189,52
189,135
190,51
190,55
190,85
190,98
190,174
191,156
191,183
192,123
192,176
193,165
195,73
196,75
196,186
198,16
198,70
199,103
199,167
