source,target
0,23
0,126
3,147
7,19
7,34
7,195
9,16
9,145
10,125
10,158
10,167
14,104
17,82
19,49
19,155
19,170
20,37
20,190
23,189
26,48
26,74
26,108
28,195
29,136
30,97
30,154
31,78
32,10
32,175
36,153
38,103
41,46
42,99
42,132
42,176
43,182
44,66
44,89
45,42
45,57
45,86
49,178
50,163
51,2
51,186
52,12
52,96
52,196
53,68
54,108
54,113
55,127
56,4
56,82
56,135
58,43
59,2
61,1
61,14
61,123
61,141
65,120
66,7
67,116
67,122
68,77
68,90
70,198
72,119
73,166
74,57
78,24
78,53
78,168
79,11
79,32
79,63
79,159
80,8
80,115
81,34
83,121
84,105
84,114
85,39
90,40
90,162
91,50
91,69
91,111
93,109
93,170
94,151
94,179
94,191
95,31
95,118
95,122
97,37
97,130
97,177
99,65
101,174
105,15
106,118
107,104
110,138
110,193
112,88
112,187
115,181
116,39
117,22
117,51
118,180
119,171
119,184
120,100
120,139
122,83
124,41
126,9
126,197
127,117
128,30
128,75
129,55
131,5
131,63
133,13
133,131
134,48
135,160
136,33
136,147
136,183
137,45
137,130
139,18
139,129
139,150
141,44
143,138
143,140
143,169
143,172
144,35
144,60
145,100
148,23
148,25
148,47
149,6
149,142
152,71
152,194
153,76
155,27
155,165
156,189
158,15
158,95
159,87
160,92
160,125
161,59
162,115
162,152
162,165
163,35
163,46
163,72
165,146
166,21
166,103
166,181
167,199
169,56
169,62
169,149
169,157
169,164
171,102
171,153
171,198
174,58
174,64
174,188
182,137
183,84
187,94
189,185
191,29
192,27
194,101
195,98
196,133
196,171
199,173
