source,target
0,61
2,24
2,113
2,161
3,35
4,119
6,73
6,149
7,15
7,154
7,183
10,167
11,3
11,101
11,155
12,71
12,106
12,146
14,150
15,87
15,199
16,70
23,97
25,121
26,16
26,48
27,145
28,32
28,33
28,178
29,118
30,91
34,82
35,151
37,65
38,122
40,189
41,124
43,58
44,108
45,42
46,22
46,29
47,71
50,40
51,79
52,130
52,147
52,191
54,169
54,176
57,137
58,174
58,184
59,37
59,179
60,131
62,25
63,10
64,68
65,88
65,166
66,80
68,54
69,59
71,83
74,104
75,49
75,61
76,12
77,26
77,81
78,21
78,99
78,121
79,101
80,67
82,98
82,109
83,18
83,86
84,114
87,120
89,183
90,198
92,123
95,64
97,39
97,163
97,175
97,189
100,78
101,31
103,42
103,95
103,185
105,156
106,90
107,160
107,166
107,190
108,38
110,77
113,53
114,14
114,112
116,20
116,67
116,84
117,9
120,16
120,103
122,69
123,8
124,144
124,181
125,116
126,13
126,115
127,81
127,132
129,196
130,9
130,135
131,159
135,96
135,157
139,129
139,168
142,172
145,36
145,153
147,118
147,158
148,28
149,104
149,142
150,180
151,98
151,136
151,141
151,188
153,76
156,7
156,115
158,39
158,143
159,100
159,128
159,164
161,72
161,148
162,152
162,165
163,1
163,11
163,17
165,94
168,123
168,125
170,4
172,44
172,138
173,75
173,199
174,30
174,85
175,133
176,111
176,192
177,17
178,5
178,141
180,6
180,152
181,63
181,102
182,55
182,57
184,63
186,27
186,99
188,107
188,134
188,187
190,181
190,186
192,171
193,111
194,130
195,4
195,43
195,56
195,57
195,93
195,140
197,13
198,197
199,19
