source,target
1,159
3,138
4,130
5,29
6,73
6,180
7,2
7,68
7,139
9,73
9,181
10,7
10,147
11,79
11,101
12,47
13,197
14,1
14,170
15,28
15,84
16,26
16,56
16,63
17,82
17,147
18,23
19,122
19,131
20,69
22,117
23,54
23,135
23,161
24,67
25,80
25,89
28,129
28,184
29,46
30,90
30,128
32,148
36,148
37,31
37,59
38,186
39,11
39,120
39,126
42,119
42,154
43,104
44,66
44,110
45,57
46,41
49,61
50,27
50,163
51,32
52,58
52,146
53,88
53,98
55,127
56,91
57,109
59,177
59,182
59,191
61,123
62,25
62,48
63,102
65,101
66,37
67,54
67,158
70,62
71,85
71,192
72,71
75,5
77,150
77,199
78,136
79,44
79,140
80,166
83,42
83,94
88,152
89,13
94,105
94,145
95,33
97,177
97,189
99,21
99,120
100,191
103,141
103,179
104,14
104,74
104,133
106,41
107,20
108,90
109,93
114,183
115,20
118,10
118,35
119,116
120,76
121,78
122,53
123,52
123,168
124,8
125,3
127,132
128,121
128,134
129,0
129,113
130,9
130,96
130,157
132,81
132,198
136,47
136,195
137,109
137,162
139,155
139,186
140,193
143,108
144,34
144,36
144,111
145,100
145,124
145,125
146,160
148,33
150,64
151,178
152,80
155,40
155,92
155,103
156,142
156,157
157,22
158,39
158,62
158,86
158,92
158,149
159,60
159,87
162,15
165,12
167,172
170,52
170,188
171,153
171,185
172,83
172,169
174,55
175,110
176,27
181,24
181,115
182,30
182,112
184,72
185,97
186,114
187,143
188,118
188,164
190,168
191,63
191,178
192,32
192,194
194,174
195,176
196,4
196,5
198,167
199,173
199,196
