source,target
1,27
1,157
3,138
4,89
5,181
6,55
6,187
7,71
7,139
8,67
9,64
10,65
10,98
12,119
13,133
14,1
14,72
16,144
18,148
19,14
20,33
22,117
23,0
23,93
24,199
26,12
26,55
28,129
29,17
29,97
31,103
32,28
32,51
33,86
33,148
33,161
35,118
38,58
38,136
39,67
40,126
41,46
42,25
42,120
42,164
42,189
44,73
44,108
49,61
50,30
50,101
51,127
53,15
53,83
53,125
54,5
54,108
57,4
57,182
58,96
59,5
59,52
60,82
62,154
64,191
66,1
66,170
68,143
72,35
72,131
74,53
74,104
75,61
76,80
76,81
76,126
77,69
78,21
79,159
80,158
80,185
82,10
83,142
84,56
84,99
84,163
84,166
85,190
87,170
88,29
90,162
93,45
94,105
94,116
97,8
97,41
97,177
100,184
101,26
101,79
101,89
101,140
102,22
104,63
106,194
106,198
108,139
110,193
111,156
112,172
113,54
114,150
115,113
116,74
117,37
117,85
118,95
118,122
119,42
120,100
122,167
123,52
124,103
125,62
125,180
126,133
127,76
128,30
128,134
130,2
130,91
130,111
132,81
133,147
135,169
136,3
137,182
138,16
138,122
142,45
143,167
144,34
144,36
144,104
145,106
146,171
149,77
149,115
151,99
151,141
155,40
155,121
155,165
155,178
155,195
156,110
156,146
158,15
158,48
158,176
160,135
161,32
162,102
166,43
167,109
168,47
168,50
168,92
169,168
169,192
169,199
170,11
171,90
171,107
171,152
172,78
172,183
173,75
174,151
175,13
175,153
176,39
178,98
179,44
180,21
180,150
184,130
184,180
188,187
190,84
191,49
191,59
191,94
191,124
194,73
196,129
196,186
197,198
198,70
