source,target
3,11
3,58
7,14
7,32
7,78
9,52
9,107
10,16
10,194
11,101
13,197
14,114
14,138
14,139
16,190
19,102
21,166
22,129
23,144
23,189
25,196
27,72
27,150
29,120
30,61
30,90
30,186
31,26
31,49
31,107
33,157
36,76
40,126
41,60
42,45
42,132
43,19
44,4
44,89
45,93
47,21
47,106
48,149
49,28
49,154
49,159
49,161
55,108
56,42
59,145
62,70
62,122
63,184
65,86
68,53
68,167
69,77
69,91
69,140
71,20
71,74
71,85
72,4
72,29
72,55
73,30
74,99
75,5
76,153
78,24
78,64
78,66
79,130
79,188
80,67
80,105
81,34
82,118
82,178
83,121
84,56
84,170
86,71
87,12
88,8
88,96
89,15
91,181
92,15
93,109
94,161
96,105
96,146
97,53
97,95
97,185
99,24
102,63
104,35
105,115
108,119
108,129
108,143
108,180
111,10
112,114
113,54
115,98
117,125
122,118
123,54
123,59
123,127
124,192
125,116
126,133
127,81
127,198
128,120
129,0
129,46
130,162
133,2
133,13
133,104
134,77
135,176
137,158
138,25
138,42
138,69
138,110
138,122
141,90
142,37
142,88
144,182
145,39
145,116
145,144
146,156
148,68
151,18
151,163
153,141
154,50
155,57
155,103
155,196
156,17
156,29
158,7
158,33
158,166
159,60
159,79
160,195
163,1
163,17
164,111
164,121
164,179
164,188
165,31
166,5
167,199
168,123
169,149
169,172
169,189
173,75
174,35
174,87
174,152
174,171
175,142
177,97
180,6
180,168
181,147
181,160
183,61
183,136
184,198
186,38
186,51
186,194
188,187
189,100
189,135
190,174
191,32
192,27
192,101
193,110
195,12
195,124
196,131
199,23
