source,target
3,5
3,58
4,183
5,108
5,173
6,59
7,103
8,66
10,11
11,18
11,84
12,10
15,53
15,97
17,43
17,78
18,35
21,24
21,94
21,157
26,115
27,149
28,55
28,80
28,154
28,162
29,48
29,54
30,176
32,15
32,175
38,16
38,138
40,72
40,93
40,118
41,27
41,30
41,46
41,150
42,64
44,3
44,107
45,68
49,139
49,196
51,65
52,69
53,61
53,168
55,182
56,106
57,130
58,28
59,23
59,123
59,180
61,25
61,132
65,153
67,62
67,63
68,147
69,20
69,197
70,7
70,185
71,1
71,67
71,136
71,152
71,190
72,5
72,10
74,86
74,155
74,169
75,141
75,174
77,70
80,127
81,2
81,14
82,54
82,64
82,161
85,17
87,187
88,114
88,122
89,82
89,197
91,50
91,165
95,164
96,16
99,49
99,128
100,90
100,133
102,56
103,26
103,151
105,147
105,177
106,41
109,21
110,119
110,132
111,189
112,22
112,40
112,92
118,198
119,117
119,170
122,32
122,101
123,9
123,31
124,154
125,74
127,89
127,160
129,176
130,174
131,99
133,102
134,77
135,34
135,45
137,136
138,112
139,191
141,25
142,195
143,91
144,1
145,162
146,113
151,52
151,73
151,116
151,165
152,42
153,76
155,81
157,118
157,181
158,36
158,39
158,192
159,19
159,178
161,33
161,105
161,180
162,98
163,144
164,55
164,140
165,47
167,85
167,134
169,113
169,114
171,44
171,60
171,76
171,199
172,8
173,66
173,121
173,186
175,104
175,120
175,148
175,156
175,166
177,37
177,88
178,131
179,173
183,155
184,30
184,33
187,171
189,184
192,83
192,140
193,179
194,79
194,95
195,159
196,109
196,188
197,0
197,13
197,126
