source,target
3,45
3,183
5,2
5,173
7,166
8,59
9,122
9,164
10,197
11,1
11,96
12,63
18,21
18,47
18,64
18,73
24,190
30,59
30,176
30,187
32,106
32,177
35,96
35,110
35,130
36,88
36,139
37,112
37,194
38,16
38,138
39,99
40,65
40,87
42,179
43,127
44,184
46,15
46,86
47,147
48,108
48,151
51,89
52,180
54,26
55,85
55,140
56,8
58,80
58,124
59,199
60,3
61,18
62,67
64,57
66,166
67,113
68,15
68,66
68,104
68,186
68,192
69,91
69,123
70,143
71,196
72,198
74,28
74,52
75,160
75,163
76,128
76,171
77,99
77,129
78,191
81,43
83,9
83,107
84,11
84,144
85,3
85,70
85,153
87,90
93,188
95,25
95,121
96,98
97,183
99,185
102,69
102,137
103,0
103,76
104,77
105,134
105,170
105,177
106,30
106,74
109,192
110,119
110,172
111,36
112,68
112,162
114,92
115,126
116,20
116,120
118,103
119,141
119,170
120,13
120,136
121,118
123,13
123,181
124,49
124,189
125,33
125,159
126,135
127,167
128,22
129,101
131,132
133,14
133,56
135,34
135,153
136,94
137,19
137,67
138,26
138,37
139,145
142,175
143,111
144,4
145,46
145,120
146,133
148,55
150,41
150,74
150,82
151,95
152,42
152,79
154,29
154,158
155,184
158,83
158,149
161,180
163,61
164,115
164,124
167,47
168,155
168,194
169,132
169,189
170,90
171,12
171,21
171,142
173,89
174,141
175,6
175,125
175,140
175,156
176,148
178,182
179,52
180,157
180,165
180,188
181,195
182,32
188,23
190,53
190,71
190,100
190,117
191,125
191,173
193,92
193,131
194,17
196,50
196,58
197,0
197,27
198,31
198,38
