source,target
0,115
1,174
2,116
3,5
3,93
3,184
4,60
6,199
7,61
11,24
11,151
13,59
13,77
13,115
13,162
15,21
15,132
17,43
17,78
18,144
18,163
19,100
20,66
23,170
25,141
28,3
28,139
28,187
29,72
30,167
35,84
36,155
37,191
38,99
39,93
39,129
40,164
40,175
43,90
43,105
44,29
44,176
46,20
46,88
48,47
48,121
50,45
53,169
53,190
58,10
58,196
60,12
60,27
64,168
66,7
66,28
66,49
66,51
66,54
67,62
68,48
68,123
69,41
69,147
71,136
72,63
72,101
73,172
74,86
74,140
81,180
82,64
83,191
84,77
85,6
85,80
86,133
87,16
87,75
91,98
92,42
94,18
94,149
96,60
96,67
96,113
96,130
97,9
97,180
98,32
98,119
99,52
101,149
101,193
102,9
102,150
103,7
104,102
105,118
106,74
106,102
108,83
110,35
110,146
111,124
111,142
113,137
114,46
115,26
117,11
117,152
118,58
119,1
122,88
123,8
123,59
123,181
124,128
125,99
125,157
125,159
126,188
127,79
127,86
127,189
131,38
131,178
132,13
132,89
134,56
134,177
135,22
135,100
135,103
137,50
137,57
137,136
138,58
138,120
139,40
140,55
142,33
145,153
145,197
147,198
148,175
149,85
150,155
151,22
151,172
152,42
154,17
155,23
155,109
157,171
157,173
158,55
158,179
159,76
161,15
162,112
164,95
165,81
166,40
167,2
167,45
167,124
167,127
168,176
171,44
174,0
174,141
175,156
175,160
177,14
177,31
177,37
180,70
181,195
182,89
183,111
183,126
184,30
184,118
185,39
186,34
186,68
187,198
189,134
190,71
192,8
192,87
193,185
194,65
194,135
195,69
195,107
197,36
197,143
