source,target
1,152
2,73
3,0
4,60
4,86
7,45
7,139
8,6
8,65
9,49
9,119
13,115
13,197
17,66
17,81
17,185
18,144
20,37
20,116
20,124
20,170
22,128
24,99
25,141
26,76
27,52
29,30
29,154
30,161
31,198
32,33
32,85
32,98
34,186
35,110
37,155
38,118
38,138
39,43
39,78
40,2
41,58
43,120
44,38
45,175
47,82
48,22
48,91
50,196
52,3
53,64
53,168
54,138
54,172
55,46
55,93
56,8
56,106
58,16
59,12
61,18
63,131
64,57
65,194
66,51
67,63
67,71
68,10
68,28
69,124
70,30
70,77
70,121
70,180
72,40
72,109
73,12
73,55
74,43
74,133
76,105
79,35
79,42
80,127
80,164
82,150
82,162
84,149
84,193
86,88
87,90
89,41
89,118
89,178
94,21
95,25
95,53
95,121
96,113
96,174
97,9
98,7
98,165
99,39
100,14
100,19
100,76
100,89
100,117
101,21
102,134
103,140
104,24
104,28
106,23
107,49
107,126
111,36
111,162
112,123
114,4
116,100
116,146
116,189
120,199
121,5
122,171
123,44
125,90
125,161
125,166
129,188
132,61
132,101
133,15
133,56
134,48
135,13
136,137
137,57
143,167
144,84
144,130
147,81
150,41
150,74
150,83
150,127
150,188
151,62
151,159
152,71
153,145
153,182
157,101
157,134
157,140
158,92
158,149
159,111
160,75
168,93
168,190
169,114
171,183
172,163
173,27
173,179
173,187
174,75
174,84
174,129
175,142
175,143
175,156
175,192
176,69
177,142
183,88
183,102
184,80
185,20
186,68
188,126
190,11
191,173
192,50
192,95
193,108
194,72
194,79
194,153
195,47
195,181
197,3
197,32
197,148
198,131
198,191
