source,target
0,54
0,174
1,39
1,71
4,15
4,97
7,61
7,182
9,28
11,18
12,160
13,10
13,59
13,115
13,127
13,135
15,182
17,52
18,163
19,116
22,103
23,14
23,106
24,21
26,126
27,49
28,95
31,177
34,135
35,18
36,197
37,30
38,138
40,166
40,173
41,16
41,66
41,143
43,39
43,81
44,3
44,148
44,184
45,155
47,82
48,118
50,70
51,26
52,151
53,190
55,156
56,32
58,109
59,6
59,89
60,98
61,25
61,75
61,101
61,130
64,6
65,100
65,124
66,7
66,183
67,63
68,46
68,90
68,139
68,186
70,83
72,38
73,11
74,106
74,142
75,87
76,178
77,129
78,108
79,42
80,162
80,165
81,17
82,43
83,31
83,88
83,192
84,77
85,40
86,164
87,125
88,24
90,72
92,63
92,184
93,153
93,171
97,37
98,59
99,24
100,109
100,175
102,56
102,137
103,0
103,145
104,68
105,76
105,168
107,44
108,169
111,36
111,41
112,185
113,92
113,146
114,88
117,199
119,110
119,152
120,136
125,13
125,121
125,124
125,161
125,191
127,5
127,104
129,183
130,96
131,74
132,114
133,116
133,140
134,46
134,86
136,94
137,113
137,136
141,119
144,4
147,195
147,198
148,55
148,86
150,194
151,11
151,62
151,147
152,1
154,33
157,2
157,12
157,74
158,192
159,78
160,79
160,85
162,69
162,107
162,118
162,145
164,51
164,180
165,20
166,155
167,140
167,189
168,91
168,93
169,90
170,131
171,95
171,123
171,149
172,55
173,50
174,57
175,154
176,180
177,123
177,134
179,149
181,10
181,122
185,133
185,193
187,27
188,121
189,157
190,100
190,196
194,8
194,143
195,27
198,5
198,128
199,29
199,69
