source,target
0,103
0,115
1,39
2,139
2,172
5,13
5,150
7,101
8,65
8,178
9,49
9,97
10,72
11,84
11,117
13,48
13,73
13,99
13,161
14,196
15,21
15,69
16,58
18,35
18,64
18,94
19,119
20,124
20,191
22,48
22,68
26,8
26,126
27,149
28,198
29,154
30,116
30,133
30,182
32,5
33,30
33,171
34,186
35,96
38,46
40,29
41,3
41,189
41,197
48,108
50,47
50,173
52,3
54,0
54,82
59,12
59,89
61,25
61,130
63,195
64,42
65,51
66,175
67,113
67,137
69,169
70,125
70,184
71,136
71,190
72,76
73,11
73,24
74,6
76,171
78,133
80,74
80,187
81,17
81,37
81,115
81,151
83,121
85,109
85,167
86,114
87,159
88,21
88,53
88,185
89,74
90,121
90,125
91,176
95,28
98,199
100,105
102,158
103,135
105,147
106,127
107,194
108,179
110,132
110,146
111,36
111,60
111,128
112,20
112,45
112,139
112,185
114,123
114,134
116,19
116,81
116,137
117,152
119,1
119,141
123,31
123,77
123,97
123,143
123,147
125,46
127,17
127,104
129,188
130,57
134,56
136,120
137,50
138,58
139,7
139,93
140,56
141,174
142,63
143,155
143,164
145,40
148,27
150,69
151,62
152,42
152,160
153,15
153,167
154,107
154,118
155,81
155,175
155,187
156,169
157,2
157,180
158,192
160,79
160,162
162,26
162,166
162,177
163,75
163,144
164,4
164,27
165,151
168,53
170,37
170,131
171,16
174,129
176,180
177,14
180,55
181,122
183,112
184,92
184,95
184,111
186,140
188,23
188,150
189,90
190,100
192,61
192,83
192,87
193,44
193,99
193,181
194,65
195,75
195,86
198,33
198,132
199,43
199,145
