source,target
1,144
1,152
1,174
2,167
4,86
5,100
5,108
6,0
6,199
7,61
7,154
8,194
9,122
11,117
12,132
13,48
13,171
16,96
16,101
17,123
17,140
18,57
18,163
19,137
20,102
20,169
23,170
24,21
25,95
26,187
30,47
30,79
31,193
32,5
34,186
35,18
38,114
38,131
40,45
40,72
40,177
41,30
41,121
41,173
44,188
46,40
46,89
46,148
46,166
47,82
48,176
50,180
51,165
52,140
53,190
54,26
54,75
56,102
58,28
58,53
58,189
59,85
60,75
61,141
62,67
64,6
65,60
66,49
66,59
66,111
67,174
68,46
68,70
71,196
74,167
74,195
75,35
78,173
78,179
79,24
79,160
80,162
81,72
82,105
84,11
85,32
86,27
86,151
88,158
88,185
89,133
90,76
90,87
95,22
97,4
97,159
98,91
98,96
101,129
102,137
103,7
104,68
104,77
105,168
109,179
112,138
112,197
113,146
115,58
117,119
118,143
118,184
119,14
122,8
122,107
123,114
123,157
123,181
124,164
125,55
125,124
127,17
127,106
128,198
130,61
132,110
133,74
134,3
134,52
134,178
135,22
135,143
136,94
139,36
139,125
139,142
142,15
142,63
145,90
145,111
145,120
145,162
147,69
147,161
149,94
149,158
151,172
152,42
152,79
153,27
154,192
157,41
157,99
158,39
158,83
160,93
161,40
164,9
164,73
165,116
165,191
168,112
169,113
169,132
170,115
171,10
171,12
172,12
172,54
173,126
173,150
174,43
175,66
175,156
180,97
182,80
183,181
184,44
185,56
186,135
187,139
188,127
189,37
189,118
191,98
192,29
192,50
193,78
193,92
194,14
194,74
194,91
194,175
195,155
196,28
197,145
198,31
198,33
199,120
