source,target
3,162
8,182
9,122
12,74
12,172
13,5
13,46
13,70
13,192
14,60
14,133
14,196
15,154
16,58
22,6
22,112
23,155
24,11
26,126
28,66
29,13
29,78
30,50
30,80
31,29
32,85
33,65
34,186
36,88
38,114
39,131
40,198
41,153
41,194
42,64
42,92
43,89
45,177
48,68
56,8
57,64
59,2
59,93
59,155
59,199
61,18
61,192
63,92
65,51
67,96
68,9
68,10
68,164
70,85
70,140
70,176
71,1
71,136
71,190
72,109
73,54
74,101
74,124
74,134
75,35
75,87
76,90
84,144
85,27
86,4
86,41
91,7
93,80
93,81
94,21
95,25
96,6
97,9
97,123
98,73
100,135
100,190
103,138
104,175
105,87
105,117
106,21
106,40
107,159
109,118
109,139
112,59
112,114
112,158
113,24
114,83
114,88
114,187
116,20
116,146
116,189
117,100
118,82
119,141
120,3
120,137
124,28
124,52
125,55
125,168
126,115
127,56
127,188
129,148
130,57
130,71
130,174
131,23
132,60
133,53
133,89
134,102
134,151
138,19
138,26
138,166
141,67
142,40
143,33
145,139
146,110
147,26
147,171
148,197
149,77
149,84
149,99
150,184
151,58
151,62
151,133
151,186
152,119
152,160
152,174
154,54
156,169
157,188
162,0
164,165
164,178
165,47
165,116
167,45
167,161
169,93
170,105
171,44
171,191
172,163
175,37
175,73
175,125
175,127
175,162
176,129
176,159
177,31
179,78
179,108
180,49
180,173
181,183
181,193
182,134
184,65
184,86
185,38
185,99
185,180
189,111
189,142
190,24
191,118
191,198
192,95
193,172
194,79
194,90
194,91
194,106
194,167
195,69
197,12
197,17
198,121
198,128
199,69
199,120
