source,target
2,81
3,133
3,197
4,86
5,79
6,8
6,54
7,154
7,166
9,159
10,107
11,190
14,74
14,89
14,119
17,90
18,94
18,163
20,33
21,18
28,16
28,66
30,33
30,41
30,138
31,123
32,178
33,122
36,158
36,185
37,177
40,149
41,3
42,64
43,146
44,83
46,15
46,55
46,148
47,82
48,91
49,180
50,97
51,26
51,52
52,99
53,133
54,138
55,156
56,198
57,64
59,30
59,58
59,194
60,96
60,196
61,25
62,151
65,51
65,184
67,174
68,22
68,48
68,121
68,129
69,182
70,32
70,192
72,154
73,11
73,124
74,106
75,35
75,37
81,115
81,116
81,180
82,43
83,184
84,104
84,172
85,80
86,191
87,173
88,113
88,134
90,76
91,98
93,23
93,59
94,136
94,149
95,49
97,9
99,101
101,77
101,164
103,22
105,118
105,150
106,162
108,48
109,85
109,112
109,179
111,68
111,69
111,128
111,161
111,173
112,187
113,71
115,0
116,19
116,137
119,1
119,100
119,152
123,17
123,27
123,107
125,13
125,29
127,90
127,188
130,61
131,39
131,132
131,170
133,102
133,114
134,58
135,34
135,194
137,120
139,175
140,125
142,63
143,12
143,28
143,86
143,167
143,199
144,84
145,121
149,61
150,78
151,165
153,155
155,7
155,28
155,150
157,5
157,104
157,181
159,68
160,36
161,38
161,147
162,65
162,85
164,143
165,38
167,47
167,120
168,93
169,179
170,160
171,13
171,60
172,75
172,110
174,57
174,144
175,40
175,55
175,70
176,46
177,40
177,45
182,171
183,187
185,193
186,140
189,161
190,24
190,67
192,109
193,31
193,92
195,63
195,141
196,14
196,195
197,27
197,111
197,126
198,128
199,117
