source,target
2,59
2,81
4,15
4,87
8,6
9,74
10,8
10,68
10,192
11,10
11,96
12,60
13,120
14,23
14,157
14,196
15,53
16,38
18,35
21,109
22,47
22,100
26,144
27,149
27,167
28,138
30,134
30,177
31,9
35,1
35,84
38,93
39,36
40,70
40,90
40,153
41,46
42,64
43,3
44,115
44,129
46,148
47,147
48,29
48,121
52,179
53,160
56,106
56,140
57,130
57,137
60,111
61,99
61,101
64,18
65,184
66,54
66,154
68,104
68,112
69,22
71,67
72,3
72,28
72,154
73,165
75,71
78,29
79,152
80,189
83,36
84,130
85,153
86,187
86,194
88,113
89,4
90,145
91,143
91,168
92,42
94,98
95,33
95,88
96,132
97,50
98,91
98,191
98,199
99,13
99,49
102,158
103,76
105,65
106,131
107,37
108,193
109,48
111,173
112,80
112,123
112,158
113,146
114,86
116,19
116,24
116,30
116,137
118,82
118,89
119,195
122,33
123,99
124,185
126,197
131,170
133,72
134,56
134,58
134,77
135,13
135,186
136,120
138,166
139,179
140,16
140,103
140,164
141,25
141,119
142,97
142,121
143,32
144,1
145,139
145,142
146,110
150,41
150,147
151,62
151,103
152,174
155,5
155,7
155,59
155,124
155,148
155,161
156,55
159,19
159,178
160,17
160,79
162,198
164,45
164,118
164,125
165,51
166,155
167,2
168,105
169,108
171,123
171,127
172,8
173,55
173,133
174,0
174,39
174,50
174,75
174,129
175,125
176,26
179,108
179,163
180,122
180,165
181,176
182,27
182,157
184,92
185,88
185,162
186,34
187,171
187,183
187,195
188,196
189,74
189,116
190,11
191,20
195,63
196,107
197,177
198,40
198,128
199,117
