source,target
0,126
1,71
1,144
2,95
2,157
2,172
3,51
3,111
4,114
5,173
5,188
7,157
8,65
9,4
11,24
11,190
13,169
15,63
15,142
16,101
17,185
19,138
22,73
24,79
24,116
26,54
27,86
28,58
28,85
28,127
29,115
30,68
31,17
32,171
33,143
34,135
36,132
37,128
40,20
43,74
44,188
47,168
47,195
48,49
49,9
50,47
52,179
54,66
58,16
58,93
59,98
60,4
60,152
61,25
61,75
61,110
61,130
64,42
64,57
65,95
65,184
66,99
66,116
66,166
68,104
68,139
68,148
69,15
69,106
70,180
71,136
71,196
72,63
73,18
74,118
74,131
74,175
75,163
77,114
80,151
81,2
82,64
82,170
85,109
85,162
87,192
88,102
89,133
91,161
91,165
92,158
96,6
96,11
96,67
98,94
98,199
99,108
100,5
102,198
103,100
106,194
107,147
111,134
112,122
112,177
113,67
116,137
117,105
119,75
120,193
121,83
123,8
124,52
125,187
126,60
126,115
126,183
129,140
130,35
130,96
132,85
133,30
133,105
134,151
134,189
135,22
139,145
139,185
140,56
140,186
143,90
146,113
148,3
148,21
148,140
149,84
150,27
150,182
151,14
151,45
151,62
152,119
154,7
155,23
157,41
158,39
158,83
158,89
158,149
160,10
160,36
160,38
160,53
161,93
162,73
164,112
166,46
166,125
166,138
167,153
168,91
169,88
169,156
170,23
171,76
171,139
171,199
174,43
175,59
176,26
177,32
177,107
178,128
179,42
179,92
180,13
180,55
180,97
180,173
181,176
187,28
187,159
189,58
189,167
189,182
189,184
191,20
191,29
192,48
192,78
193,104
194,127
195,37
195,141
195,196
197,0
198,121
198,143
199,12
