source,target
1,152
3,183
4,97
4,140
4,176
6,64
7,173
8,172
9,122
10,13
12,74
12,199
14,131
14,194
15,4
16,38
16,132
18,11
18,24
18,57
20,124
22,73
23,170
24,21
24,99
24,146
28,27
28,83
29,166
30,33
30,50
30,171
31,9
32,82
35,79
35,84
35,96
37,81
37,128
37,189
41,85
42,179
43,146
44,193
45,7
46,139
51,65
52,134
56,16
56,127
58,53
58,151
59,58
59,80
59,106
59,123
61,110
62,67
63,12
64,53
66,148
67,141
67,174
68,186
69,22
69,111
70,13
70,30
71,113
72,150
72,161
74,6
74,101
74,129
75,160
76,26
77,181
79,21
80,54
81,165
85,32
85,45
87,27
88,133
90,15
90,76
93,5
93,48
94,98
94,136
98,20
102,125
104,77
104,86
104,131
105,87
107,196
109,49
110,119
111,149
112,168
112,197
113,92
113,137
116,19
116,66
116,100
118,164
124,112
125,99
125,177
126,51
126,115
127,89
127,140
128,90
128,178
130,71
133,28
133,107
133,184
134,114
135,34
135,190
137,100
138,103
139,2
139,36
139,189
139,191
140,167
141,25
141,75
141,119
142,37
143,135
143,180
147,69
148,39
148,153
148,175
149,185
151,52
151,190
152,42
154,78
156,55
157,123
157,150
158,40
159,28
159,158
160,88
160,93
160,152
162,0
162,109
162,145
162,167
163,61
163,144
164,51
164,154
165,172
168,47
168,91
169,108
170,44
173,55
173,78
173,93
175,120
175,158
176,29
176,95
176,159
177,107
181,122
181,195
182,80
184,30
184,59
184,121
185,36
185,155
187,142
188,196
189,17
189,169
190,117
191,198
192,29
193,104
195,187
196,60
197,109
197,183
198,68
199,138
