source,target
0,174
4,89
4,114
4,115
5,100
6,45
6,64
6,165
7,46
7,101
8,65
13,14
13,125
14,161
15,39
17,31
18,11
19,159
21,94
21,133
22,100
22,128
26,115
27,123
28,93
28,127
29,3
30,116
30,133
31,101
33,192
35,75
36,158
36,197
37,114
37,139
38,131
38,194
41,23
42,152
44,176
45,135
46,55
48,22
48,93
48,176
49,159
51,126
52,27
54,80
55,40
55,156
55,180
58,16
58,140
61,25
66,85
67,141
68,147
68,186
69,124
70,143
71,1
71,130
72,48
72,154
73,2
74,6
74,132
75,61
76,103
78,150
79,35
79,42
79,99
79,160
80,2
80,28
80,29
80,165
81,151
82,54
82,105
83,118
85,68
86,74
86,151
86,180
87,97
88,149
88,183
90,40
93,63
95,72
96,98
96,113
97,15
97,109
98,191
99,39
99,111
102,9
102,157
104,24
104,198
106,59
106,149
108,193
109,112
111,41
111,145
113,92
113,146
114,56
114,77
116,81
116,146
117,11
117,119
117,152
118,43
118,189
123,8
123,9
123,107
124,164
126,134
127,58
127,79
129,36
131,88
132,60
134,32
134,167
136,137
137,57
138,166
138,184
138,199
139,49
143,82
143,120
144,18
145,37
145,121
145,147
146,110
147,171
151,62
151,190
153,194
155,153
155,198
157,7
157,188
158,70
158,185
161,33
161,89
161,150
162,13
162,148
163,61
164,173
165,91
167,47
167,182
168,53
170,125
172,84
172,110
173,10
173,175
174,84
177,33
178,32
178,76
179,92
180,122
180,175
181,136
181,195
182,30
183,20
183,129
184,142
184,187
185,169
186,34
187,29
189,90
190,67
190,168
193,44
193,181
196,38
196,50
196,71
199,12
