source,target
1,206
2,13
2,246
3,160
3,221
4,69
4,298
5,85
7,142
7,285
9,87
9,151
9,183
9,194
10,106
10,139
11,170
13,25
15,12
15,98
16,9
16,137
17,235
18,86
18,134
20,40
21,77
21,280
22,268
23,20
24,4
25,37
27,59
27,226
29,82
29,162
29,251
30,6
32,272
33,22
34,203
38,55
38,186
39,173
39,204
39,260
40,216
40,270
42,252
44,263
47,136
49,267
51,119
51,164
52,220
53,64
54,210
58,144
58,189
59,28
59,37
59,150
60,83
60,286
61,41
62,193
63,113
66,175
69,104
69,218
70,90
73,219
74,266
75,179
76,107
77,33
77,274
78,74
78,130
79,231
80,78
83,50
83,175
84,105
85,171
86,1
86,71
86,125
89,121
89,138
90,36
90,116
91,79
91,117
92,228
92,252
93,43
93,127
93,290
94,157
94,227
94,272
95,21
96,38
96,155
99,192
103,81
103,281
105,173
107,157
108,169
108,180
109,31
110,259
111,245
111,247
111,262
112,106
114,218
115,51
115,60
115,159
116,131
116,224
120,14
120,181
122,5
123,50
124,176
124,212
124,284
125,187
128,210
128,287
128,299
132,148
133,143
133,279
134,264
135,265
136,72
137,255
139,11
139,297
140,53
141,84
145,18
145,170
147,236
148,26
148,224
149,292
150,168
150,225
150,276
151,163
152,171
152,177
153,242
156,194
157,219
157,231
161,166
162,296
163,129
163,249
166,185
167,48
167,239
170,191
173,46
176,153
176,202
177,158
177,284
178,80
179,206
180,240
182,0
182,283
183,19
183,45
183,67
183,278
184,289
185,197
186,83
186,200
187,294
188,223
190,61
192,180
194,193
196,8
197,174
199,138
199,213
201,205
203,154
203,233
204,232
206,56
208,134
209,63
211,88
211,253
213,145
214,172
214,274
216,27
216,109
217,115
219,190
220,277
221,29
223,297
225,95
227,111
227,298
228,30
228,124
228,196
228,198
229,1
230,44
230,158
231,195
232,65
232,102
232,142
233,63
233,135
233,215
235,195
237,152
238,47
238,222
239,35
239,222
241,101
241,233
242,10
242,118
244,100
244,256
249,146
251,131
251,282
254,282
259,169
259,280
261,67
261,108
262,144
262,217
266,275
268,7
268,253
271,198
272,250
273,128
273,196
274,57
276,257
277,159
280,165
281,133
281,241
281,289
282,126
283,103
283,234
285,199
285,243
286,49
286,97
286,109
286,181
287,248
288,299
289,269
291,72
291,182
291,258
292,68
292,172
294,74
294,140
294,291
295,15
295,214
295,293
296,100
296,120
296,147
297,185
298,205
298,290
299,207
