source,target
0,52
3,210
3,293
4,70
6,158
7,53
8,95
9,152
9,162
10,106
10,180
10,240
10,242
14,148
15,98
21,86
22,150
23,273
24,146
25,13
26,114
28,242
28,245
29,10
29,112
29,299
30,202
32,3
33,232
33,246
36,118
37,258
40,12
40,64
40,287
41,118
43,67
46,48
46,153
46,173
48,209
48,249
49,185
49,286
52,175
53,263
54,1
54,8
56,34
57,6
58,105
58,188
59,283
60,47
60,183
60,217
62,139
62,278
63,45
64,143
64,252
65,43
66,11
66,238
67,200
68,135
69,115
70,84
70,90
70,100
70,155
71,135
71,184
73,42
74,121
76,298
78,265
79,182
80,144
81,17
81,41
81,103
82,241
83,141
85,171
86,58
87,46
88,209
89,215
90,30
90,67
90,164
90,233
91,188
92,56
92,61
92,128
93,235
93,261
94,227
95,179
96,116
98,18
98,134
99,122
101,38
103,136
103,170
103,223
106,119
106,133
106,228
106,251
107,92
110,18
111,214
111,247
112,72
116,83
116,176
116,218
117,44
120,211
121,107
121,184
121,189
121,292
122,68
123,173
125,288
128,80
128,101
128,140
130,78
130,237
131,4
131,69
131,97
131,104
131,132
134,1
134,89
134,125
134,161
134,169
138,274
140,294
141,87
143,216
144,229
144,263
146,217
147,16
147,113
147,165
149,42
149,236
151,193
152,14
156,11
157,94
158,44
158,214
159,152
160,126
160,198
161,145
162,62
162,267
163,50
163,244
164,66
164,194
165,280
166,264
167,212
167,291
168,15
168,193
170,137
171,31
171,79
172,255
173,154
174,41
175,199
175,206
177,2
177,230
177,284
180,16
180,45
181,210
182,77
185,266
186,5
186,178
187,9
191,250
194,96
194,163
195,285
196,253
197,20
198,60
198,85
201,182
203,243
204,235
205,174
205,248
206,55
206,158
206,160
208,262
213,77
215,57
216,20
216,268
219,283
220,74
220,219
220,264
222,239
223,102
224,196
225,172
225,201
226,108
226,109
227,222
229,272
230,21
234,255
235,35
236,105
238,114
238,196
239,14
239,190
240,192
243,124
246,25
246,233
249,138
250,49
250,258
253,120
257,66
257,276
259,39
259,191
259,261
260,170
261,268
261,290
262,186
262,225
263,19
263,27
269,127
269,161
270,7
270,78
272,0
272,102
274,220
277,28
277,273
278,124
278,131
278,271
279,81
279,142
280,71
280,86
280,181
281,58
281,82
282,186
282,254
284,256
285,5
286,51
286,129
286,297
289,140
291,22
291,93
292,75
292,207
293,221
295,275
296,51
296,231
297,109
297,166
297,275
298,75
