source,target
0,220
1,18
1,206
3,47
3,160
5,45
5,83
6,57
8,107
9,162
10,139
11,107
11,135
13,243
13,267
16,25
18,173
19,52
19,130
19,230
20,197
23,2
23,40
23,174
23,219
23,254
24,29
24,138
26,68
26,106
27,154
28,15
29,167
29,251
30,124
31,45
31,105
31,279
32,91
33,61
33,275
34,227
35,110
38,14
41,23
43,59
43,185
48,286
51,73
52,272
55,242
56,260
58,263
58,264
60,80
60,187
62,141
62,146
62,159
63,56
63,227
65,248
66,11
66,114
66,278
67,39
68,171
68,176
68,260
69,4
69,229
70,69
71,235
71,269
74,169
75,211
75,298
76,188
77,89
77,182
77,205
79,233
80,9
80,288
81,41
81,75
82,105
82,274
84,106
84,285
85,186
88,134
89,166
89,200
89,273
92,101
92,129
93,127
93,226
93,239
95,152
95,179
99,71
100,163
102,264
103,22
103,58
103,91
104,131
104,256
107,290
108,291
110,259
111,42
111,245
111,247
112,199
113,136
115,112
116,70
117,214
118,77
119,255
120,156
121,235
121,292
122,246
123,3
124,136
124,154
124,228
125,89
125,237
126,67
126,244
127,35
128,144
135,117
135,283
136,93
137,143
139,13
140,205
142,31
142,50
144,20
144,262
145,127
145,179
145,291
145,294
146,24
148,104
148,122
148,224
149,203
150,87
150,111
151,189
151,206
153,97
154,51
155,30
155,193
155,225
156,276
158,12
158,90
159,69
160,126
161,241
161,298
162,48
162,104
163,50
165,176
166,223
168,150
168,192
169,21
169,191
170,103
171,19
171,85
174,252
174,275
175,53
177,62
177,147
179,49
180,190
181,111
181,210
181,280
182,7
182,93
182,109
183,278
184,7
185,213
186,178
188,17
188,240
190,92
190,195
190,258
194,38
194,96
195,157
198,84
198,97
199,265
202,72
202,119
202,164
205,43
207,299
208,74
209,243
211,98
213,53
214,90
214,172
214,295
215,158
216,40
217,96
217,115
218,120
218,196
219,86
221,174
224,204
225,25
226,78
226,263
226,268
228,149
228,202
229,44
229,46
230,79
231,1
231,161
232,6
232,65
233,82
233,169
233,284
234,27
234,220
236,282
238,66
238,236
240,193
242,289
243,212
244,238
245,54
249,113
250,232
251,218
251,253
252,64
254,92
254,155
255,137
255,287
257,224
260,36
261,231
262,225
263,201
264,281
265,226
266,215
267,118
269,43
270,297
271,34
274,0
274,57
276,114
276,222
277,28
280,266
281,94
281,134
281,277
286,132
286,133
286,234
287,37
289,140
293,221
295,75
296,51
297,109
299,288
