source,target
0,102
1,179
2,13
3,168
3,227
3,293
5,146
5,265
7,184
8,224
10,234
11,120
11,156
11,187
12,40
14,196
15,98
16,9
18,157
18,173
18,215
19,211
21,8
22,257
23,234
23,254
24,155
24,160
25,225
25,246
26,104
28,10
30,28
32,61
32,286
34,124
35,20
36,55
36,118
40,216
42,183
42,222
43,57
43,142
43,190
46,100
49,131
53,64
54,164
56,172
56,212
58,5
60,27
60,163
60,236
63,153
63,233
63,261
68,265
69,36
70,218
71,99
72,112
74,75
74,208
75,135
75,182
75,292
75,295
75,298
78,33
78,197
79,214
79,275
80,144
81,17
82,59
83,29
83,38
83,66
83,162
84,167
84,185
85,54
85,131
86,108
86,220
89,133
91,81
93,235
93,239
96,284
98,12
98,92
99,243
100,6
100,87
101,5
101,122
101,177
102,73
103,81
103,108
104,277
106,133
106,180
108,7
110,18
111,247
113,34
113,63
114,198
114,256
116,129
117,157
118,194
119,237
120,41
121,213
122,104
123,33
124,136
124,154
125,88
125,242
126,228
127,93
128,39
128,41
129,244
132,22
132,249
134,122
135,58
135,102
136,18
136,158
137,299
140,67
140,227
140,294
147,62
147,115
148,224
149,45
149,292
150,80
150,111
151,189
154,105
154,203
157,52
157,143
157,229
158,165
159,196
159,296
160,9
160,38
161,21
161,95
161,214
162,51
162,113
164,112
164,152
165,69
167,50
169,74
170,65
171,139
173,48
174,42
174,166
177,56
178,90
178,279
181,111
181,297
185,94
186,217
187,1
187,137
188,19
190,21
190,59
190,169
190,219
191,170
192,119
194,164
195,65
197,130
197,250
197,263
198,126
200,97
200,147
200,245
201,174
201,225
202,10
202,251
204,109
204,173
205,20
205,43
206,1
211,289
212,85
213,76
214,185
214,272
218,4
218,163
219,170
220,121
220,283
221,191
223,44
225,150
225,259
226,107
226,281
227,288
228,116
230,147
230,175
230,223
231,6
232,53
232,272
235,273
236,2
236,47
236,176
236,199
237,44
237,174
237,189
238,267
241,180
242,3
242,210
244,238
246,241
246,258
251,150
251,267
252,64
252,262
253,48
255,287
257,24
257,171
258,205
258,209
260,68
263,77
263,275
264,274
265,199
266,78
268,25
268,37
269,230
270,117
271,142
273,210
273,290
274,229
276,46
276,148
276,240
278,193
278,254
279,262
281,134
281,289
282,8
282,186
284,260
285,213
285,243
285,268
285,280
286,31
286,181
287,138
287,201
290,145
291,35
291,141
292,207
294,11
295,248
296,105
298,40
299,283
