source,target
0,145
0,275
1,65
1,95
1,221
2,24
4,225
5,85
6,57
7,229
9,256
10,132
10,267
11,104
11,193
11,206
13,238
14,251
15,28
16,87
16,150
18,289
21,209
23,32
27,43
27,197
27,216
29,181
31,180
34,56
34,159
34,224
34,241
34,271
34,278
35,239
36,101
36,149
39,139
40,64
40,88
41,211
41,274
44,258
47,96
47,124
47,251
47,282
48,50
48,107
48,173
49,250
51,162
53,292
55,29
56,25
58,130
58,216
59,45
60,187
63,169
63,200
63,261
64,53
67,30
67,294
68,277
69,42
69,209
70,155
71,89
73,219
75,0
77,232
79,231
80,117
80,295
81,7
81,153
83,252
84,48
84,236
87,141
89,93
91,125
92,36
92,178
93,283
94,0
94,234
95,138
95,201
97,54
97,113
98,18
102,168
104,140
104,228
105,58
106,119
107,93
107,136
107,157
108,263
109,27
110,47
111,98
111,247
112,164
115,62
115,100
115,176
117,20
119,146
120,26
121,76
121,175
121,255
122,26
122,128
123,33
124,222
125,8
125,19
125,266
125,281
126,196
127,35
128,172
129,100
131,180
131,212
133,106
133,137
134,74
134,91
135,233
136,235
138,269
140,254
142,173
143,211
144,297
146,24
146,249
147,16
148,112
149,3
149,47
149,63
149,114
150,73
154,296
155,109
156,120
158,6
160,126
161,74
162,9
162,38
162,196
165,88
167,50
168,66
168,137
169,108
169,290
170,37
171,60
171,68
172,5
172,56
172,86
174,186
174,217
175,83
175,127
179,206
181,60
182,94
183,87
184,133
186,45
186,182
186,242
188,213
188,214
188,237
189,270
190,22
190,61
190,79
191,23
191,54
191,221
192,99
194,90
194,118
195,261
197,44
197,174
198,122
201,17
202,62
202,72
202,148
202,177
205,12
205,265
207,71
207,299
210,82
210,273
211,158
212,51
213,151
214,52
214,295
215,158
216,28
218,271
219,191
220,102
224,257
227,194
228,115
228,163
231,248
232,135
233,103
234,7
236,13
236,203
237,1
239,253
240,75
244,67
244,84
244,116
244,164
244,291
245,195
246,233
248,144
249,147
252,2
256,70
256,230
257,202
257,276
259,134
260,39
260,111
261,226
262,287
264,250
265,10
265,37
265,135
267,49
267,105
267,286
268,65
268,78
269,171
269,192
269,223
270,272
270,285
273,259
274,235
276,46
276,123
277,8
277,41
280,34
280,166
280,234
281,279
285,190
285,199
285,204
285,293
286,152
287,205
288,167
288,243
289,184
290,298
292,189
296,4
296,69
296,194
296,236
296,284
297,154
297,185
298,40
298,208
