source,target
0,7
3,70
4,105
6,231
7,283
9,152
9,178
9,257
10,85
12,205
13,131
13,140
13,162
14,38
14,278
16,277
17,201
18,74
21,161
22,25
22,59
23,241
27,263
27,286
28,30
29,14
29,221
31,285
32,234
35,20
36,69
37,127
37,166
37,258
39,139
40,20
40,23
40,128
41,79
43,67
48,47
49,4
49,114
50,48
51,132
53,190
53,206
54,153
54,245
56,158
58,185
59,37
59,171
63,204
65,1
65,6
66,96
66,149
66,238
67,90
67,186
68,248
68,260
69,131
69,155
70,254
73,55
73,219
74,137
75,182
77,52
77,255
78,239
79,12
79,230
81,41
81,138
81,220
82,207
85,167
85,266
86,71
87,84
87,97
89,123
91,32
92,68
93,136
93,262
96,87
96,196
97,126
98,32
98,206
99,122
100,115
102,297
103,81
109,226
110,28
111,2
115,267
116,54
116,62
118,36
120,218
121,89
121,280
121,292
122,26
122,58
122,265
123,73
124,67
124,146
124,212
124,222
127,201
128,273
129,65
130,213
130,287
132,14
132,80
132,183
133,64
133,288
134,289
144,80
145,18
145,161
145,290
148,271
149,45
150,3
152,193
153,194
154,27
154,34
156,11
156,112
157,154
159,268
160,24
160,203
162,38
163,236
164,242
165,15
165,118
166,143
170,200
172,189
173,43
175,104
176,13
176,163
177,56
177,101
177,116
179,49
179,76
179,187
180,106
181,120
182,93
182,197
183,9
183,42
184,121
188,275
189,151
190,25
190,108
191,174
192,119
192,269
194,55
195,53
195,142
198,4
198,129
199,198
199,265
199,272
203,100
203,296
205,133
205,298
206,46
209,106
210,181
211,125
213,92
213,239
213,270
214,56
214,117
214,207
216,226
217,30
217,175
218,60
219,264
222,104
222,282
223,33
223,195
225,95
225,130
226,107
227,88
228,8
228,147
228,296
229,230
230,7
230,19
231,256
232,135
233,63
233,86
233,170
237,125
242,61
243,253
244,199
246,33
247,111
248,51
248,237
248,263
249,165
250,108
251,47
251,202
252,83
252,186
253,48
253,146
254,156
255,188
256,61
256,96
256,141
256,284
257,22
257,113
258,2
258,209
259,39
259,211
261,0
261,5
262,279
263,216
264,133
264,144
267,112
267,148
269,40
269,215
270,44
271,66
271,218
273,210
273,299
275,35
275,191
277,94
277,224
278,276
279,232
279,281
279,293
281,103
281,266
282,29
284,124
284,233
285,77
285,169
285,235
285,268
288,88
289,215
291,72
292,168
294,74
294,225
294,291
295,214
297,57
297,94
297,157
297,189
297,208
297,240
297,274
