source,target
0,79
0,269
1,95
4,155
5,74
5,276
6,217
7,230
9,56
10,109
12,15
12,197
16,137
19,209
19,219
22,107
23,24
23,41
23,254
23,263
25,13
25,65
25,177
26,166
26,240
27,22
27,154
27,240
28,110
28,248
29,118
32,248
34,224
34,267
35,239
38,83
38,206
39,12
40,128
41,2
42,149
45,149
45,183
45,200
47,163
48,126
48,167
50,106
51,115
52,185
54,10
54,153
57,22
57,215
58,287
59,82
60,164
61,205
62,159
63,105
65,291
66,96
66,113
68,101
69,4
71,1
71,18
71,94
72,30
72,236
73,102
76,108
77,0
77,53
77,89
77,274
78,33
79,135
79,187
81,279
82,38
82,233
82,241
83,175
84,120
85,49
85,126
86,235
88,40
89,145
91,255
92,91
92,101
93,171
94,20
97,286
98,17
98,191
98,293
99,192
103,250
104,156
106,81
107,121
108,21
109,216
110,212
111,129
112,72
112,100
114,26
114,148
115,116
115,141
116,131
117,98
117,125
117,199
117,246
120,60
120,211
122,68
123,3
124,34
124,67
124,105
125,223
126,97
126,160
126,282
127,249
128,20
128,35
128,92
129,63
129,116
130,97
132,217
133,88
134,98
135,75
135,213
135,235
135,277
136,47
136,108
138,74
139,226
140,46
140,53
150,50
150,271
151,239
152,51
153,186
155,62
156,246
157,52
159,238
161,89
162,244
164,175
167,38
168,66
168,292
169,190
169,259
170,137
170,200
170,260
170,290
171,109
172,206
172,243
173,241
174,42
174,189
175,11
179,49
180,18
182,103
182,263
184,181
184,195
184,289
185,85
185,264
187,8
190,268
191,221
192,168
193,11
193,80
194,83
196,48
196,162
197,214
197,283
198,196
199,198
202,14
203,47
203,204
204,87
204,194
205,64
206,55
207,27
207,58
208,298
209,61
209,258
209,262
210,273
213,59
214,19
215,158
215,275
218,163
220,264
222,124
225,201
225,280
227,165
228,282
229,157
229,237
230,102
230,269
231,256
232,7
232,142
233,170
233,284
234,188
234,220
236,147
236,150
236,202
236,291
237,272
238,90
238,222
241,28
241,171
245,28
245,242
246,56
246,176
247,111
249,113
249,146
250,78
250,232
251,13
252,186
253,14
255,261
256,84
257,152
259,295
260,36
261,86
262,77
262,144
265,43
265,226
265,237
266,117
267,266
268,25
268,37
269,281
270,234
272,119
273,143
273,277
275,144
276,57
276,123
276,165
277,44
278,296
279,133
279,178
280,181
282,29
282,66
284,70
285,161
286,31
289,1
290,6
294,140
296,228
297,32
298,225
299,207
299,288
