source,target
2,203
2,258
3,123
3,166
3,252
3,293
5,45
5,267
6,268
7,21
8,11
8,95
9,36
9,147
11,175
12,98
14,138
15,12
16,87
17,81
17,103
20,92
21,209
21,269
21,280
23,2
23,40
23,43
23,211
24,23
25,16
26,240
27,240
27,283
28,241
28,245
32,211
37,223
39,44
41,197
45,28
45,284
50,30
50,60
50,127
51,124
52,191
53,64
54,276
55,167
56,34
58,127
58,277
62,116
62,192
65,248
66,149
66,159
66,175
66,180
66,198
66,282
67,90
67,131
67,294
69,254
71,89
71,207
71,289
72,57
74,169
74,280
77,255
80,133
84,10
84,100
84,217
85,10
85,212
85,266
87,84
87,204
91,188
91,219
91,287
92,107
93,78
93,265
94,20
96,38
96,160
97,113
98,274
99,253
100,101
100,228
102,279
103,6
105,24
108,263
109,154
109,297
111,181
111,214
112,236
113,257
115,267
117,153
118,173
119,150
122,58
125,242
125,270
127,1
128,190
128,210
130,65
130,97
131,4
131,296
132,249
133,295
134,234
135,79
135,117
137,8
138,108
138,192
139,39
140,205
142,7
143,208
144,48
144,201
144,287
145,22
147,62
148,122
149,42
150,3
150,59
150,80
153,176
155,91
155,92
156,83
157,145
158,120
160,156
161,298
162,66
163,126
163,151
163,193
164,244
166,88
166,121
167,29
167,104
167,120
167,162
171,85
171,216
172,292
173,53
174,189
177,152
181,164
182,37
182,49
182,77
184,17
186,96
187,136
187,259
190,35
191,264
194,90
195,19
195,184
197,37
197,186
197,230
198,196
199,258
203,115
205,57
205,201
205,246
206,46
208,229
210,5
213,61
213,75
213,82
213,185
215,0
215,41
217,178
217,249
217,256
219,71
219,73
220,130
222,47
224,114
225,179
225,262
226,195
227,94
228,67
228,141
229,272
230,102
230,177
231,268
231,275
232,77
232,200
233,63
233,284
234,220
235,86
235,170
235,285
236,25
236,70
238,13
238,149
242,118
242,153
243,212
243,260
244,163
245,46
245,142
247,111
248,221
249,146
249,165
251,104
251,218
253,14
253,239
253,282
254,140
256,68
256,129
257,148
257,151
259,110
259,137
262,290
263,52
263,174
264,19
264,106
265,235
265,292
267,34
267,202
269,27
269,75
271,114
271,194
272,65
272,250
273,3
274,81
275,33
275,215
276,123
277,128
277,237
278,183
280,44
280,168
281,188
283,31
283,93
285,226
286,22
286,51
289,225
290,170
290,261
291,47
291,72
291,145
294,53
295,18
295,168
296,231
296,278
297,213
298,76
298,294
299,207
299,288
