source,target
0,147
3,70
3,221
5,58
7,31
9,67
10,51
10,122
10,242
12,248
14,48
14,148
14,267
16,115
16,137
16,149
16,236
17,98
18,110
20,117
21,95
23,15
24,139
25,16
26,176
27,197
28,153
31,21
31,171
32,3
32,91
34,111
34,280
35,107
37,261
38,13
40,17
40,263
42,244
43,33
43,258
44,255
45,146
48,167
48,256
49,85
49,286
51,66
53,93
54,165
55,56
55,73
60,13
60,48
60,104
60,183
60,217
61,92
61,128
62,141
63,105
65,206
66,62
66,181
68,281
69,131
69,254
71,219
72,30
72,57
73,11
73,123
75,275
75,277
77,89
77,118
78,201
78,266
82,105
82,280
83,60
85,30
85,241
86,79
87,20
88,205
89,142
90,101
91,188
92,9
92,36
92,213
92,248
93,127
95,11
95,143
95,179
98,134
99,109
101,194
102,279
103,59
103,93
103,223
104,140
104,175
106,251
107,22
109,186
111,247
111,296
112,156
112,238
114,178
116,83
118,41
119,202
119,284
120,132
120,158
120,167
121,103
122,74
122,99
123,222
124,196
125,32
125,117
129,61
129,233
130,97
130,215
130,225
133,80
133,297
135,144
136,232
138,81
138,269
143,64
144,128
145,65
150,36
153,176
155,256
156,194
157,294
159,112
159,113
159,114
159,162
160,24
161,169
161,298
162,173
163,47
163,126
163,267
166,259
167,100
167,239
168,3
168,211
170,43
170,52
170,157
170,290
172,154
172,209
172,243
173,195
174,191
177,116
179,1
179,265
180,108
180,192
181,29
182,33
182,186
184,18
185,130
185,166
185,272
186,45
186,197
187,86
188,58
188,185
189,121
190,77
190,170
190,219
192,251
193,240
195,285
196,198
196,228
197,268
201,17
203,149
204,235
206,46
206,151
206,193
209,227
209,245
210,54
212,120
213,28
214,39
214,161
214,262
215,0
215,274
215,289
217,51
217,84
217,282
218,69
220,86
220,102
221,191
223,199
223,229
224,148
224,257
225,4
226,216
226,290
228,8
228,50
228,286
229,44
229,69
230,177
231,6
231,214
232,168
233,260
234,78
235,136
236,2
236,84
237,119
237,152
237,230
239,207
240,26
241,182
243,208
244,129
246,56
246,108
249,113
250,272
252,42
253,104
253,139
255,287
258,7
258,44
258,200
261,5
264,234
265,54
265,68
266,49
267,164
269,75
270,40
271,218
271,293
273,23
273,227
273,299
274,94
274,153
275,135
276,278
278,132
279,19
279,88
280,173
281,125
283,233
284,96
288,243
291,22
291,72
292,53
295,133
295,174
296,237
297,76
298,18
298,19
298,190
299,88
