source,target
0,11
0,67
1,73
3,56
3,65
4,62
5,52
6,41
9,26
9,61
11,92
11,95
12,86
13,52
14,4
16,21
17,18
17,49
17,54
19,94
20,31
21,34
22,85
24,88
25,8
25,83
26,13
27,16
27,76
29,44
31,42
31,47
31,57
37,9
37,59
38,56
38,64
39,23
39,48
39,86
41,72
45,67
46,60
46,82
51,91
53,22
55,10
55,35
55,84
56,33
56,71
57,96
58,22
58,27
58,91
60,30
63,36
65,50
65,98
66,2
66,3
66,4
68,12
69,55
70,14
70,87
71,15
72,7
72,34
73,66
74,5
74,77
74,80
74,90
75,93
78,39
78,40
78,49
79,33
80,78
81,68
82,5
82,99
83,21
83,43
83,48
84,32
84,44
84,51
88,85
89,25
94,6
94,36
95,81
96,70
97,71
97,93
98,28
98,89
