source,target
0,3
0,79
0,90
1,94
2,63
3,65
8,77
9,6
9,26
9,78
12,35
12,68
13,4
14,0
15,9
15,57
15,71
17,1
17,46
18,79
20,3
21,16
21,41
21,64
21,91
23,53
24,65
25,89
26,13
27,29
29,41
30,47
30,60
30,75
30,90
32,15
33,36
33,89
34,28
34,72
35,51
37,59
37,73
37,74
39,23
40,54
40,83
41,44
41,70
43,84
46,30
48,12
48,86
53,76
54,43
55,10
56,42
57,96
58,27
58,43
60,81
61,8
61,99
62,38
64,18
64,38
65,45
66,39
66,98
67,33
67,82
69,32
71,49
71,50
72,11
72,22
72,80
73,17
74,5
75,52
75,56
75,98
76,7
76,48
78,8
78,31
80,19
80,63
80,66
86,55
87,44
88,24
88,85
90,97
92,11
93,37
93,67
95,86
99,20
