source,target
0,24
0,46
2,61
3,0
3,15
3,93
4,60
5,13
7,44
7,91
12,69
12,76
14,0
14,48
17,35
17,82
19,87
19,94
20,4
20,14
20,30
20,54
21,16
21,72
25,40
26,89
28,83
29,81
30,81
31,20
32,80
33,9
34,28
36,66
37,13
38,62
39,23
39,25
39,74
39,80
41,43
42,56
43,58
43,92
43,96
44,11
47,99
48,51
49,40
49,61
49,67
50,17
52,65
55,41
56,5
57,27
57,31
57,36
59,8
62,85
63,1
63,17
64,95
65,78
65,85
67,26
67,33
67,63
68,42
68,90
70,12
71,18
71,94
73,49
75,3
75,59
75,88
76,86
77,84
78,39
78,99
80,72
81,53
83,21
84,22
84,34
84,44
86,98
87,68
89,10
94,6
95,7
96,1
96,70
97,71
98,45
98,57
98,90
99,79
