source,target
0,33
0,73
1,46
3,41
3,78
3,98
4,14
4,67
6,72
6,79
7,70
8,7
9,13
10,48
10,55
12,68
12,92
13,5
13,96
14,0
14,1
15,57
15,67
16,76
17,31
17,63
18,11
21,32
21,41
22,53
23,12
23,53
24,3
26,73
27,54
27,89
28,98
30,9
30,20
31,13
31,47
31,99
34,15
36,94
37,79
38,40
38,56
39,48
40,18
40,25
40,74
41,7
41,55
41,62
42,80
42,87
43,84
44,29
44,87
45,24
46,82
48,93
49,90
49,94
50,78
51,44
55,35
55,91
58,91
59,4
59,52
61,37
61,56
64,38
65,45
65,85
66,17
66,80
69,2
75,0
75,88
76,43
77,5
78,69
81,93
82,18
82,49
84,51
84,60
87,68
89,33
90,65
90,97
92,83
94,71
95,11
98,19
98,86
99,50
