source,target
0,46
0,67
0,73
1,19
2,26
2,85
3,25
3,33
3,45
3,74
4,58
4,59
4,60
5,78
6,15
7,91
8,4
13,30
13,96
15,34
16,76
17,49
18,64
20,8
21,7
21,29
21,41
22,23
22,51
22,84
27,57
27,70
27,96
31,73
32,69
32,80
33,42
33,89
33,93
34,72
36,6
36,94
37,75
40,54
41,11
41,48
41,62
42,87
43,84
44,27
46,52
46,63
47,71
48,51
49,18
49,59
49,66
50,13
53,10
54,65
55,7
55,10
55,34
56,40
60,35
63,1
63,99
64,21
65,95
67,26
68,90
69,61
74,24
76,27
76,28
76,86
77,39
77,66
77,78
78,9
78,71
79,37
79,62
79,97
81,44
83,43
86,48
87,14
87,38
87,68
88,24
90,56
92,12
92,69
95,86
98,45
98,80
99,74
99,82
