source,target
0,37
2,20
3,98
4,87
5,40
6,36
8,12
8,59
11,0
11,30
11,44
13,58
16,21
17,1
17,54
20,71
22,23
22,53
22,94
25,61
26,9
28,34
31,27
31,73
31,74
32,21
33,9
33,50
34,15
34,84
38,19
39,66
39,77
41,11
41,14
41,48
41,70
42,20
42,33
42,65
43,55
44,29
48,83
48,86
49,17
49,57
50,8
51,91
53,10
55,22
55,35
55,69
56,3
56,38
61,2
61,37
62,67
63,36
64,7
65,5
65,24
65,54
65,56
65,95
66,50
66,87
67,31
67,97
72,41
72,64
73,45
75,26
76,22
76,28
76,51
78,8
80,32
80,39
81,60
81,82
82,18
82,73
82,90
85,95
88,85
89,33
90,46
90,49
90,52
90,68
90,79
90,99
91,72
92,69
93,47
93,53
93,58
96,57
98,6
