source,target
1,26
2,71
4,68
7,23
8,90
11,44
12,76
14,48
17,63
17,79
18,6
18,99
20,2
20,3
21,7
21,64
21,91
22,16
22,85
24,74
25,40
27,89
28,41
29,27
29,81
30,81
33,67
35,17
37,59
40,9
40,42
40,74
41,14
41,44
41,72
41,95
42,0
42,47
42,52
42,68
43,39
43,58
43,83
45,65
45,97
46,0
47,49
49,20
49,50
49,61
51,34
51,55
51,69
52,56
53,10
53,22
54,97
57,98
59,8
59,33
59,94
60,35
60,84
63,36
64,38
65,78
65,85
66,73
70,12
71,5
71,14
71,15
71,45
73,3
74,77
74,90
75,89
76,25
76,27
76,55
78,13
79,62
79,94
80,32
82,24
85,88
86,54
87,19
87,84
87,93
89,26
91,60
92,86
94,80
96,57
96,70
97,31
98,39
99,31
