source,target
0,80
0,97
3,98
4,53
5,9
7,91
8,12
8,77
9,40
10,29
10,35
14,42
17,1
17,63
19,38
20,13
20,61
21,22
21,28
22,55
23,39
24,3
24,88
25,71
26,59
27,20
28,76
29,27
29,48
31,8
33,89
36,52
37,75
40,50
46,18
46,78
49,52
49,81
50,99
51,15
51,34
51,44
53,16
53,23
54,83
55,69
55,91
56,13
57,12
57,24
58,92
59,66
60,84
61,40
61,49
62,85
63,96
64,7
66,54
66,62
66,87
66,93
67,4
67,63
67,82
67,93
68,60
69,32
71,2
71,15
71,33
71,67
72,64
73,45
73,54
74,5
75,30
75,38
75,79
78,57
79,6
79,11
79,33
80,47
81,87
84,43
84,51
86,95
87,41
87,42
87,70
90,65
90,80
92,69
92,83
95,11
97,73
98,86
98,94
