source,target
0,59
1,63
2,61
3,78
6,94
7,55
7,95
8,70
9,5
11,72
12,92
13,58
13,85
15,97
16,76
17,82
22,16
22,23
23,86
24,57
26,9
27,16
29,91
30,20
30,38
30,46
31,18
31,67
31,73
32,21
33,81
35,10
36,24
36,49
37,61
39,75
40,83
41,6
42,65
43,54
44,11
44,89
45,56
46,13
46,74
48,12
49,33
49,40
50,98
51,44
52,0
53,10
54,17
54,31
55,35
55,43
56,8
56,42
60,35
62,4
62,41
64,52
66,77
69,32
70,14
71,15
71,37
71,90
72,64
73,45
73,47
74,3
74,42
74,52
74,80
75,79
77,3
83,28
84,29
84,32
84,34
84,87
86,37
87,68
88,24
90,5
90,30
90,75
91,51
92,69
93,25
93,70
94,22
96,13
96,63
98,19
98,28
98,62
99,18
