source,target
0,42
1,80
2,13
3,73
3,78
5,8
7,29
8,25
10,48
11,92
12,57
12,76
13,9
13,33
14,4
14,31
15,32
16,53
17,18
18,82
19,75
20,0
20,3
20,97
21,28
21,34
23,53
25,23
25,77
28,98
29,81
30,46
30,71
31,57
33,36
35,55
36,6
36,24
36,59
39,83
41,69
42,87
42,90
45,3
45,15
45,98
46,49
47,93
48,39
49,5
49,40
49,47
49,59
51,15
51,44
56,38
58,91
60,91
61,9
63,67
64,52
65,56
65,95
66,79
68,70
70,87
71,26
73,54
74,37
75,89
76,86
77,43
77,66
77,86
79,17
79,50
80,47
80,72
81,60
83,43
84,51
86,22
86,37
86,55
87,41
87,81
88,85
89,21
89,27
90,30
90,52
92,12
93,67
94,65
95,7
95,85
96,63
98,62
99,20
