source,target
0,14
0,73
1,63
1,67
2,18
3,33
3,37
4,62
5,39
8,78
11,41
12,23
12,35
13,4
13,46
14,55
15,6
15,9
15,58
15,97
17,18
18,99
19,38
19,94
20,46
20,81
21,16
22,21
22,84
22,86
25,39
25,77
26,59
27,76
29,21
29,48
30,0
34,72
35,55
35,68
36,63
39,43
40,2
40,26
40,42
41,28
44,27
48,10
49,99
50,98
51,44
52,50
53,10
56,20
57,27
57,96
59,66
60,30
64,38
65,45
65,74
66,9
67,24
67,31
68,4
68,87
69,92
70,7
71,2
73,47
74,75
75,40
77,78
80,1
80,54
80,59
80,72
81,82
83,5
84,32
84,34
85,13
85,88
87,19
91,51
92,12
93,67
93,70
93,89
94,5
94,22
94,79
95,11
95,65
96,3
98,3
98,83
98,90
99,61
