source,target
1,19
2,25
2,40
3,5
5,82
5,83
7,8
8,59
8,65
9,52
9,66
9,79
10,21
12,93
14,4
14,60
15,32
16,27
16,53
17,1
19,98
20,80
21,83
22,72
22,76
29,81
30,9
30,38
30,89
30,90
31,97
40,61
41,28
41,44
41,69
42,14
42,68
45,24
45,65
46,20
48,89
48,98
49,18
53,6
53,10
54,99
55,51
55,84
57,31
57,78
59,0
59,13
59,26
60,91
61,6
61,69
63,96
64,72
66,54
66,62
67,15
67,31
68,35
70,87
73,15
73,71
74,37
74,39
74,46
75,0
76,16
77,43
78,50
78,74
79,11
79,33
80,36
80,42
80,47
81,26
81,30
81,95
82,67
83,23
83,86
84,29
84,34
85,64
86,77
87,38
88,24
90,56
90,93
91,58
92,43
94,22
96,57
99,18
99,63
