source,target
1,3
1,21
1,28
1,43
1,71
1,91
3,9
3,85
4,89
4,92
5,23
6,19
6,48
6,83
7,46
9,80
10,59
11,18
12,94
16,65
17,67
18,39
22,55
22,78
23,38
23,84
24,81
24,97
25,4
25,73
27,42
27,87
29,8
29,93
30,15
30,47
30,82
32,85
33,98
34,79
37,0
37,64
38,70
38,72
38,74
40,35
40,49
41,14
41,68
42,79
44,13
44,52
48,39
49,60
52,35
54,13
55,99
56,1
57,0
57,48
57,61
58,45
58,61
59,62
60,97
62,6
62,50
62,63
62,89
64,66
65,25
65,51
67,31
67,88
68,71
69,84
70,96
71,53
72,19
73,36
73,46
75,29
76,51
81,15
82,16
83,91
83,94
85,2
86,42
86,63
88,26
88,73
90,57
92,20
93,10
95,75
95,77
98,5
99,17
