source,target
4,23
7,94
9,14
9,63
12,65
17,67
17,75
18,39
19,2
19,83
22,9
22,80
24,97
27,5
27,6
27,8
27,75
27,95
29,48
30,26
30,46
30,70
30,82
30,90
32,56
33,19
34,79
35,10
35,25
36,61
37,72
39,11
39,22
39,99
41,20
42,95
43,0
45,91
46,7
48,43
49,28
52,26
53,2
53,12
53,71
55,47
55,99
57,88
58,33
58,45
61,58
62,17
62,50
64,37
64,81
65,21
66,81
68,71
71,1
72,57
72,89
73,13
73,44
73,87
74,28
74,38
74,54
75,59
76,40
76,41
76,44
76,51
77,59
78,18
79,42
79,93
81,15
82,16
83,6
85,32
86,31
87,4
87,25
87,36
88,85
92,68
93,3
94,34
94,69
95,43
95,86
96,27
96,84
97,60
97,80
98,5
98,63
98,72
98,74
