source,target
0,11
1,2
3,9
6,10
6,19
6,29
6,62
7,94
9,63
10,79
12,53
13,54
14,75
16,65
17,14
17,99
18,78
20,92
23,17
25,45
25,46
26,51
26,90
27,98
30,15
30,47
30,70
33,39
35,27
35,50
35,76
37,0
38,34
38,72
39,16
43,32
44,13
44,73
46,52
46,73
47,22
48,8
48,31
48,95
49,14
50,17
50,18
51,30
52,26
54,89
56,68
56,71
57,0
57,5
57,61
57,72
58,45
59,56
59,77
62,96
63,33
64,66
64,81
65,12
65,24
65,25
66,1
67,43
68,21
68,92
69,84
73,36
74,18
74,28
76,41
76,44
77,5
77,86
79,85
80,6
80,55
82,57
82,67
83,91
84,70
85,2
85,3
86,29
87,4
88,40
88,82
88,83
92,4
94,60
94,71
95,42
95,88
97,24
99,93
