source,target
1,5
1,71
2,53
2,73
3,0
3,1
3,9
6,22
8,47
10,76
12,94
16,65
17,36
18,39
21,73
22,11
22,16
22,78
24,65
25,46
26,40
27,35
27,42
27,58
28,74
31,14
33,37
33,98
34,60
35,40
35,52
35,82
39,11
39,25
41,93
45,58
46,7
46,14
46,30
46,84
49,66
50,38
50,55
51,44
52,44
52,86
53,12
54,74
54,89
55,54
56,43
56,64
57,33
57,90
58,4
59,19
59,72
59,99
61,87
62,6
63,75
64,47
64,81
67,57
68,87
68,92
69,3
71,15
71,56
71,99
73,13
73,33
73,80
73,88
75,70
77,75
79,2
79,10
79,48
83,48
84,23
84,96
85,67
86,8
86,49
89,62
91,43
92,20
92,21
92,32
93,29
93,79
94,60
94,69
95,0
95,77
96,27
97,24
99,17
