source,target
0,37
0,76
0,95
1,21
1,91
2,53
3,99
5,70
6,40
6,62
6,69
6,75
8,29
9,18
10,51
11,39
12,65
13,44
14,1
14,46
14,49
17,4
17,99
19,59
20,41
21,7
21,92
22,9
22,55
22,78
22,81
27,35
27,87
27,98
28,22
29,10
30,26
30,50
30,82
33,19
33,23
33,88
34,38
35,52
35,66
36,18
36,57
37,33
38,23
39,48
43,0
43,54
44,76
45,58
48,57
48,77
51,73
53,12
55,16
56,64
56,68
57,31
57,67
58,4
58,36
58,61
59,56
60,49
64,11
64,47
65,5
65,24
65,89
66,14
69,94
70,27
70,30
70,96
71,83
72,89
73,25
73,72
73,80
74,54
77,63
77,86
79,2
79,85
79,93
81,15
84,46
85,41
90,82
91,43
91,83
92,32
94,34
95,42
97,60
