source,target
1,14
1,71
1,91
3,85
5,57
5,84
6,5
6,89
8,4
10,6
10,93
13,53
16,70
17,36
18,28
18,40
18,78
19,80
22,11
22,28
24,81
25,39
27,8
32,66
33,98
34,60
35,30
35,50
36,18
37,0
37,64
39,48
39,63
40,49
41,76
42,79
43,95
45,58
46,25
48,31
50,62
51,10
51,27
52,0
52,26
52,35
53,2
53,12
54,89
56,1
57,47
57,61
57,70
57,88
59,56
60,94
61,58
61,82
62,72
63,9
63,38
63,77
65,44
65,92
68,41
68,92
71,15
71,68
72,73
73,21
73,51
73,87
75,27
76,40
76,52
77,75
79,34
80,9
80,55
80,97
83,24
84,23
86,67
88,2
88,29
88,83
90,44
92,20
92,32
94,7
94,13
94,69
95,42
95,74
95,86
96,69
98,59
99,3
99,49
