source,target
1,3
3,5
4,24
6,10
6,19
6,62
6,75
6,83
7,46
9,63
9,98
11,69
11,76
14,75
15,81
16,35
16,47
17,23
21,12
21,73
22,6
22,28
22,39
25,39
25,45
25,73
25,87
26,40
27,84
27,95
27,96
29,8
31,1
31,86
32,66
32,92
34,71
34,94
35,44
36,18
36,58
37,0
38,34
40,76
41,20
41,68
43,56
44,13
44,51
44,90
45,91
46,25
49,55
50,22
51,27
51,30
53,2
53,60
54,55
57,0
57,72
58,33
58,61
60,49
64,47
64,56
67,17
68,71
69,96
70,5
70,16
70,23
72,29
72,33
72,59
72,98
74,95
77,63
78,18
79,82
80,57
80,97
81,24
81,64
81,66
82,61
84,80
85,41
85,88
87,65
87,70
89,6
89,52
93,99
94,7
95,42
99,38
99,48
99,49
