source,target
0,95
1,28
1,81
2,4
3,99
4,8
4,58
5,22
5,47
5,77
8,47
9,98
12,69
12,71
12,94
14,41
16,52
17,23
17,59
18,78
19,31
20,41
21,65
22,18
22,28
22,50
22,80
23,5
24,68
24,83
25,45
26,90
27,33
27,51
29,93
30,15
30,26
32,66
33,73
35,40
37,72
38,39
38,72
39,11
39,22
39,48
40,29
42,86
43,94
44,13
44,35
45,58
46,7
47,16
48,57
49,14
49,66
53,12
54,13
56,43
56,64
57,0
57,36
57,84
62,17
62,74
63,6
63,77
65,55
65,87
65,92
67,31
67,85
70,30
71,62
72,89
72,98
73,88
75,70
76,11
76,14
79,19
82,46
82,67
85,2
85,3
87,25
87,61
91,1
91,83
93,10
93,79
94,34
94,60
95,27
95,75
95,86
96,70
97,80
