source,target
0,37
0,82
1,14
1,91
4,17
4,23
4,92
5,3
5,33
7,94
9,22
11,0
13,53
14,41
14,81
15,24
16,35
22,6
22,8
22,50
22,78
25,39
25,87
26,4
26,51
26,90
27,70
27,75
27,96
28,40
28,74
29,19
29,72
30,15
30,46
31,2
32,66
33,98
34,31
36,23
38,34
39,15
40,18
40,26
41,20
41,85
41,93
42,95
43,91
48,31
48,79
49,9
55,54
56,68
57,72
57,88
58,45
58,65
59,17
59,99
60,53
61,36
62,86
63,86
64,11
64,47
65,5
66,81
68,21
69,3
70,84
71,12
71,83
73,13
73,80
76,44
76,51
77,59
77,63
77,88
79,6
80,55
80,57
82,25
82,35
82,67
83,10
87,63
87,68
89,52
89,73
93,10
93,29
94,71
95,77
96,62
97,60
98,27
99,48
