source,target
0,52
0,275
1,34
1,96
2,109
5,142
6,147
8,43
8,85
9,212
10,69
12,26
12,291
13,182
14,83
14,152
15,28
15,143
16,170
17,201
18,22
18,98
20,153
20,169
21,56
24,215
24,251
26,107
27,205
28,66
28,197
30,298
31,187
32,194
33,229
34,129
37,243
38,285
39,268
40,29
40,109
40,262
41,196
42,51
44,264
45,117
45,229
45,271
46,3
46,168
46,185
47,273
48,200
49,70
50,145
53,137
54,13
55,181
55,244
57,130
59,31
59,80
59,247
63,82
64,193
64,216
66,198
67,78
69,23
69,74
69,265
70,55
71,208
72,168
72,220
73,152
78,141
78,190
79,212
79,235
81,58
81,87
81,144
82,131
82,259
83,0
83,91
85,154
85,163
86,77
87,227
88,110
88,295
89,32
90,199
94,244
95,165
96,41
97,132
98,36
98,175
100,263
100,288
102,276
103,40
103,177
103,202
105,21
105,50
106,81
108,191
110,156
111,46
111,178
112,119
112,206
113,199
114,251
115,1
115,147
116,214
120,211
121,95
121,162
121,179
122,3
123,41
123,75
125,45
127,253
127,282
128,125
128,249
129,60
129,90
129,164
129,238
130,189
132,7
133,90
136,124
137,108
138,4
138,257
139,61
139,227
140,101
141,132
142,174
142,195
142,243
144,286
147,242
148,93
148,156
148,217
149,210
151,22
151,287
155,23
156,26
157,47
158,59
160,133
163,183
165,30
166,14
166,68
167,245
169,254
170,176
172,19
173,283
174,76
174,272
175,5
175,205
175,209
177,116
178,161
179,11
180,121
181,224
181,277
182,139
182,240
183,252
184,232
185,234
186,187
189,113
189,126
191,62
191,279
192,250
194,184
195,56
196,207
197,104
198,290
198,293
201,295
203,219
204,19
204,246
210,24
210,99
211,149
214,150
215,15
215,283
216,103
217,49
219,100
221,35
221,118
221,281
222,158
224,68
226,200
226,266
226,297
227,266
230,223
231,213
234,146
235,128
235,140
236,171
236,176
236,184
237,208
238,134
238,185
238,292
238,299
241,25
241,102
241,231
242,188
242,233
243,77
245,4
245,180
246,84
247,120
248,162
249,206
249,299
252,53
252,135
254,261
254,298
255,63
256,38
256,65
256,228
259,8
259,35
259,236
260,172
260,225
261,65
261,166
264,48
265,0
266,136
267,38
268,134
268,218
269,27
270,150
270,237
270,278
272,137
272,203
273,260
274,190
274,263
275,284
278,54
280,42
280,61
280,148
280,213
282,92
282,172
282,256
286,159
288,115
289,195
289,258
290,67
292,20
292,230
294,122
296,92
296,192
297,239
