source,target
0,155
1,118
2,16
2,183
3,161
4,196
5,189
6,231
8,176
8,231
9,192
10,56
10,240
12,291
13,143
15,82
15,158
16,18
16,46
16,60
16,66
16,170
17,186
17,237
19,163
19,294
20,50
20,222
20,259
21,290
22,70
22,232
22,252
23,181
24,178
25,24
25,191
26,299
28,65
28,174
29,119
29,213
30,79
30,211
32,11
32,146
34,90
37,4
38,275
39,176
40,76
44,30
44,145
48,72
48,286
49,166
49,182
50,29
50,249
51,99
52,135
53,129
54,201
55,296
57,98
58,64
58,188
58,250
58,261
59,2
59,80
59,254
62,133
62,214
63,137
63,276
65,41
65,49
66,168
66,229
68,39
69,284
71,288
72,150
75,39
75,123
75,216
76,263
79,210
79,253
81,198
82,68
83,111
83,225
85,204
88,36
88,109
89,281
90,10
90,74
91,270
92,207
93,228
94,107
96,294
97,290
98,217
101,148
102,251
104,56
104,86
104,148
104,197
105,139
106,31
110,297
112,53
115,34
116,9
117,83
117,130
118,247
119,23
119,159
120,37
120,295
121,95
121,147
123,134
124,58
124,99
125,45
125,242
125,283
126,137
126,221
126,262
127,15
127,200
128,125
128,272
129,289
131,138
132,27
135,7
135,130
136,94
137,0
137,267
138,167
138,278
140,46
142,11
142,243
142,248
143,203
143,204
143,274
146,61
146,105
148,47
148,208
153,20
153,67
158,177
158,282
160,220
161,92
163,117
163,198
166,19
168,35
168,42
168,107
168,113
168,271
169,22
169,219
171,144
172,74
173,101
173,244
175,114
178,38
178,115
181,100
181,287
184,210
185,145
185,179
185,226
186,106
186,141
186,149
189,222
192,123
194,69
195,251
196,87
196,238
197,1
197,139
199,28
201,17
203,97
203,199
205,57
205,121
206,40
206,103
206,297
209,72
210,71
212,190
214,171
214,292
215,156
215,172
215,228
216,153
216,154
216,193
218,6
219,164
221,279
222,165
223,183
224,64
224,108
226,286
229,14
230,79
232,63
232,92
232,255
233,185
233,285
234,250
235,62
236,5
236,162
236,277
237,114
237,257
238,83
239,112
239,257
241,3
242,298
243,280
244,78
245,121
245,180
245,227
245,266
245,268
246,102
247,30
247,33
247,206
249,84
249,157
250,270
254,151
256,77
256,126
257,27
258,226
261,43
261,154
263,13
263,36
264,57
264,293
265,73
265,169
266,184
267,220
269,162
271,128
271,187
272,122
272,138
273,230
273,260
276,104
276,214
281,195
281,245
284,75
284,212
287,152
287,256
289,173
291,202
291,205
296,156
298,127
299,272
