source,target
0,277
4,259
5,249
6,152
9,280
10,179
11,62
11,134
11,148
14,43
16,275
17,13
17,133
18,7
18,205
20,281
22,57
23,115
23,192
24,145
24,294
26,199
26,238
27,132
30,59
30,91
30,214
32,258
33,64
35,30
35,64
35,163
36,256
37,123
39,55
39,131
40,19
40,74
42,44
42,291
44,207
45,101
45,195
45,229
45,298
46,38
46,213
47,127
49,260
56,215
61,45
63,125
65,266
66,69
67,78
70,40
70,153
70,189
70,284
71,210
72,12
72,48
73,14
73,29
73,168
74,149
74,279
75,175
76,3
77,108
77,181
77,262
78,141
79,78
79,237
80,193
80,220
81,31
81,252
81,273
82,41
82,165
82,234
82,256
83,2
84,211
84,219
85,223
87,53
88,245
91,140
92,70
93,53
93,228
93,240
94,287
95,121
95,138
95,255
96,95
96,137
98,18
98,117
99,209
100,172
100,179
100,189
101,173
101,218
102,17
103,22
104,233
105,146
109,174
110,155
110,275
113,242
114,241
116,201
118,1
119,21
119,47
121,157
121,243
122,57
124,204
125,144
126,234
127,120
127,175
127,254
129,170
130,135
133,11
133,226
135,224
138,106
139,242
142,299
144,143
145,216
146,25
146,119
146,191
147,225
148,34
148,120
148,129
148,246
149,211
150,202
151,166
152,264
154,268
155,23
157,194
157,286
159,295
160,253
161,28
162,176
162,248
162,257
163,52
164,4
164,266
165,139
165,212
166,49
166,126
167,39
168,107
170,283
171,51
171,197
174,54
177,269
180,65
180,212
181,109
181,196
181,224
183,20
183,110
184,15
184,89
184,183
185,289
185,292
186,66
186,164
187,50
187,68
189,22
189,27
190,296
192,101
195,269
198,293
200,238
200,286
201,60
202,274
203,112
203,225
203,265
204,129
204,188
205,97
206,247
207,168
207,206
208,232
209,7
209,76
210,160
212,128
214,5
214,58
214,162
215,1
215,26
215,244
217,198
220,267
221,279
222,82
222,169
223,2
223,81
227,61
228,37
230,79
230,239
231,112
235,292
236,46
236,48
238,8
240,66
241,159
244,182
245,76
245,96
245,270
246,186
247,195
248,111
249,77
251,55
251,104
253,177
253,250
254,178
255,86
255,180
259,171
259,190
261,32
261,142
262,156
263,10
264,99
264,136
265,85
266,68
268,162
271,106
272,143
272,185
273,28
273,122
274,54
274,102
274,267
276,217
277,229
278,27
280,260
282,24
285,90
285,200
285,201
287,227
288,113
289,158
289,282
290,203
293,187
294,46
294,93
294,131
295,121
296,79
296,92
297,88
298,157
299,208
299,285
