source,target
1,125
1,269
4,44
5,142
7,232
8,161
8,227
10,276
11,153
13,79
13,84
13,232
13,285
15,134
15,204
15,215
18,16
20,186
20,259
22,26
22,57
24,29
24,32
24,126
24,282
26,35
26,201
27,202
28,21
30,41
31,83
33,201
33,247
34,288
35,151
36,166
40,149
40,193
43,187
43,245
44,173
46,258
47,203
49,38
49,180
49,252
50,25
51,42
52,14
52,277
53,11
53,236
54,58
54,98
55,85
55,171
56,243
59,39
59,181
59,234
60,249
61,70
61,183
61,257
62,217
63,105
64,128
66,147
66,173
69,137
70,22
70,43
70,284
71,274
72,0
72,84
73,240
74,58
75,188
76,157
77,64
77,194
77,272
79,263
80,85
80,120
81,34
82,138
83,0
85,214
85,219
85,251
86,270
87,108
87,211
88,90
88,247
89,114
92,109
92,122
93,119
94,196
95,47
96,104
97,199
98,254
100,157
100,222
100,224
100,270
101,107
103,94
105,214
109,205
112,190
115,23
115,55
115,233
116,68
116,191
117,130
117,231
117,256
119,143
119,255
121,110
121,284
122,95
123,53
123,192
124,16
124,136
125,45
125,65
125,248
126,61
126,229
127,15
129,100
130,220
131,263
135,42
140,198
141,132
142,36
142,81
143,73
143,235
143,271
146,139
147,96
147,145
148,249
151,112
152,287
154,233
156,36
157,89
157,217
160,185
160,210
162,138
163,262
164,1
164,10
167,271
167,295
169,265
171,144
171,179
172,2
172,52
173,209
173,225
174,67
174,109
175,7
175,168
176,213
177,96
178,280
179,103
180,118
181,164
182,295
183,150
183,223
184,82
187,293
190,49
191,59
191,91
191,200
196,69
197,128
198,256
199,90
199,216
201,98
202,277
203,152
203,155
206,110
207,169
207,189
210,99
210,229
212,60
212,106
212,250
212,298
213,282
214,165
214,230
214,268
215,33
218,241
220,267
221,133
221,253
221,286
224,24
225,113
226,102
228,6
228,18
232,266
234,146
235,259
238,48
238,93
239,123
240,40
240,279
241,25
241,289
242,188
242,204
244,227
244,297
245,17
246,77
247,82
248,12
248,238
257,18
257,108
258,296
260,195
260,250
261,87
262,88
263,19
265,3
265,148
269,141
272,290
273,32
274,127
275,43
278,182
278,237
279,115
279,123
280,66
280,111
280,267
281,145
281,299
282,101
282,158
283,13
283,170
285,38
285,281
286,208
286,226
287,41
287,54
287,135
287,292
288,2
289,257
290,63
291,14
291,218
291,264
294,78
294,178
294,286
296,9
296,212
297,239
298,21
298,159
298,273
299,37
299,56
299,116
