source,target
1,293
2,73
2,223
3,56
5,268
13,17
13,117
13,281
15,97
15,204
16,172
17,40
17,176
18,16
18,236
19,52
21,28
21,215
23,37
23,87
23,128
24,13
26,201
29,10
29,121
30,44
30,258
31,65
31,148
31,270
33,67
33,186
34,283
36,98
38,239
39,62
41,31
42,26
45,78
45,161
46,153
48,10
49,63
49,184
52,40
53,159
53,285
53,295
55,143
55,154
56,105
57,264
58,54
61,240
62,115
64,112
64,203
64,219
66,44
66,125
66,289
67,216
68,59
68,164
69,280
70,22
70,93
71,209
72,0
73,152
76,113
77,142
79,25
81,15
81,158
81,258
82,131
82,139
83,109
84,178
85,104
85,169
88,294
89,257
90,246
90,261
92,243
93,29
94,124
99,14
101,114
101,126
105,69
105,91
105,215
105,259
110,111
111,145
112,33
112,190
112,288
113,297
115,1
115,96
115,129
118,282
119,50
119,267
120,70
121,179
121,234
122,96
124,58
125,123
126,130
126,229
127,19
127,245
129,249
129,286
130,12
132,7
133,210
133,232
134,286
135,151
137,90
138,272
139,197
142,36
142,60
142,213
143,193
143,219
144,214
145,39
145,176
148,100
150,250
151,99
152,264
153,195
155,120
156,24
156,276
157,228
157,252
158,4
161,75
161,275
162,114
163,136
163,263
165,138
165,225
166,152
166,203
167,8
168,22
172,2
173,83
176,7
176,141
177,181
177,218
178,81
178,171
181,53
182,85
183,151
183,244
184,38
184,47
185,51
185,171
185,292
186,133
186,157
187,41
188,91
188,297
189,293
191,11
191,156
192,9
192,45
192,95
192,147
192,211
195,106
195,237
196,50
196,83
196,194
198,290
199,256
200,285
201,206
204,68
204,92
204,200
204,242
205,175
205,177
205,247
206,0
206,74
206,110
206,149
206,263
207,274
209,14
209,107
212,141
212,180
215,197
216,80
217,221
217,276
218,6
220,18
220,98
222,189
224,108
224,223
225,49
226,221
227,8
227,82
227,169
228,3
228,37
228,199
229,288
230,79
231,140
231,241
232,208
233,242
234,185
235,118
235,198
235,214
236,265
239,84
239,266
240,32
240,117
240,146
242,231
243,160
244,227
246,35
246,274
248,108
249,165
250,43
250,255
251,92
253,122
254,166
254,296
255,63
257,174
258,170
261,254
262,149
263,294
266,86
268,134
269,27
269,131
270,54
270,278
274,102
275,20
275,103
275,164
276,195
276,273
277,299
278,137
279,212
280,42
280,267
280,271
282,5
282,260
282,299
283,272
284,116
284,191
287,136
288,238
290,89
291,202
291,207
298,125
299,25
