source,target
0,277
0,287
1,4
1,173
1,197
4,286
10,240
11,2
11,134
14,124
15,271
16,87
16,92
16,222
18,54
18,189
19,85
19,110
20,218
20,268
21,105
25,79
25,276
26,52
26,73
26,148
27,2
32,111
34,290
35,18
35,130
36,67
37,120
37,125
38,288
39,131
40,51
40,193
42,135
43,17
44,21
46,213
46,283
47,6
47,119
48,207
49,150
50,142
50,145
50,185
50,252
52,210
53,281
55,143
56,253
57,264
58,74
58,188
59,68
59,238
59,246
60,142
61,17
61,56
61,278
62,182
65,31
65,83
66,137
68,126
68,224
68,265
69,19
70,29
70,65
72,204
73,152
75,53
75,81
76,209
77,40
78,3
78,70
80,216
81,114
84,20
84,211
84,280
88,36
88,41
89,32
90,10
90,156
90,273
92,30
92,109
94,155
96,272
97,141
97,205
98,0
99,14
100,120
100,129
100,239
101,192
103,48
104,86
105,187
106,30
110,43
112,33
112,61
112,157
117,293
118,38
120,223
120,247
121,28
121,116
121,162
121,186
122,108
123,229
123,259
125,144
126,46
128,83
130,8
130,12
130,196
131,203
132,27
133,95
134,50
134,233
138,248
140,44
142,86
142,136
144,299
146,9
146,75
146,139
148,199
148,217
148,258
148,294
149,183
154,58
154,127
154,135
158,127
159,47
159,155
162,230
162,290
163,160
163,181
163,262
164,10
164,52
164,147
165,25
165,95
166,14
166,96
166,267
172,256
173,184
174,76
176,118
176,141
177,100
177,269
178,1
178,45
178,137
179,149
180,255
181,113
182,226
183,91
185,257
189,231
190,188
191,11
191,70
191,116
191,179
192,23
192,123
194,159
195,298
198,175
200,279
201,16
202,262
202,277
203,71
203,274
204,107
204,251
207,130
208,57
208,299
212,256
212,296
213,231
213,282
214,111
214,167
214,176
214,195
214,227
215,186
216,64
216,82
218,102
219,208
219,295
220,72
220,166
221,253
222,13
222,63
222,115
222,198
226,121
227,5
228,49
229,22
235,215
236,212
242,161
243,53
243,122
243,165
244,78
245,114
246,151
248,178
248,241
248,285
249,47
249,122
250,190
250,270
251,102
251,153
254,76
254,166
254,242
254,291
255,7
255,59
256,131
256,225
257,133
258,150
259,105
259,171
259,214
260,235
261,220
261,222
261,232
263,36
263,261
266,239
270,156
271,67
271,143
275,272
278,24
278,138
279,81
280,206
282,101
284,168
284,191
284,234
286,170
286,219
287,177
288,112
288,193
289,169
289,195
292,62
293,211
295,236
296,79
296,82
296,258
296,263
297,172
298,93
299,237
