source,target
0,292
0,297
1,87
1,93
1,105
1,164
2,73
2,223
4,248
5,189
7,264
9,156
10,228
11,91
11,242
11,250
14,72
15,134
16,144
18,237
20,93
21,38
23,32
23,273
24,241
29,24
29,33
29,35
29,201
29,202
30,95
30,214
31,75
31,295
36,70
37,235
39,4
39,117
40,17
40,52
41,200
41,275
41,287
42,213
45,63
45,199
46,26
46,133
46,284
47,290
48,61
48,103
50,39
52,14
52,16
55,233
57,229
57,297
58,296
60,133
61,59
61,138
61,140
62,186
63,232
66,117
69,32
70,219
71,48
71,170
72,2
72,94
74,88
74,206
74,280
75,265
76,174
77,293
79,289
80,67
80,208
82,216
83,105
85,84
86,299
87,178
92,182
92,286
93,84
93,90
94,226
95,165
95,230
97,110
99,209
99,218
99,264
99,277
102,17
103,207
104,251
105,25
106,271
107,180
108,87
108,256
108,267
109,181
110,121
112,60
115,50
115,161
118,1
119,28
119,34
120,142
125,45
125,298
126,51
126,113
126,181
126,262
127,139
127,154
127,253
127,278
128,68
129,239
132,110
132,122
132,209
135,252
135,261
136,30
136,49
136,124
136,126
136,150
137,282
139,61
141,78
141,151
142,86
142,249
145,104
146,128
146,160
146,255
147,19
149,179
149,270
153,44
153,59
154,8
155,163
156,203
156,276
157,38
157,56
157,159
160,3
163,42
165,198
166,85
168,175
168,291
169,76
171,259
172,98
173,3
174,154
174,162
174,237
176,37
177,253
179,185
180,247
180,257
180,288
182,13
182,62
185,79
185,238
186,132
188,167
188,169
189,224
190,244
192,201
193,194
194,31
194,123
196,43
196,92
196,131
198,120
200,143
200,191
200,279
203,54
203,101
203,272
204,6
204,58
205,27
206,0
207,135
208,266
209,114
210,99
210,163
211,15
211,184
212,9
212,15
212,271
217,96
217,158
218,82
218,228
220,18
222,33
223,152
223,210
224,22
225,285
227,130
227,291
229,12
229,196
231,46
231,81
232,239
232,281
234,190
234,221
235,118
236,108
236,246
239,158
240,204
242,243
244,183
244,294
245,227
248,12
248,64
250,177
251,25
253,197
254,47
255,89
256,148
256,172
256,255
256,287
257,20
257,100
257,111
258,19
258,69
258,77
259,53
259,292
260,96
261,29
261,125
262,205
263,188
265,187
265,240
266,21
268,145
269,53
272,71
272,283
274,157
276,195
279,258
281,236
281,299
282,227
283,34
284,286
285,55
285,90
285,116
287,215
289,249
289,282
290,141
293,40
293,189
294,78
294,263
296,65
296,157
296,212
298,70
