source,target
0,83
1,139
2,288
3,290
4,63
4,75
4,123
8,164
9,231
10,2
10,169
10,296
10,299
11,164
11,168
13,232
14,35
15,133
15,145
16,60
16,124
20,23
20,93
24,102
26,136
28,197
30,238
31,231
33,154
35,128
35,133
35,267
35,287
38,86
40,153
41,69
44,95
45,66
45,192
46,19
46,21
49,184
49,223
49,227
50,3
50,29
51,152
51,264
53,50
53,129
55,233
56,47
56,104
56,148
58,49
58,74
60,143
62,101
63,6
63,25
65,83
66,32
66,48
66,138
67,1
67,112
67,266
67,290
68,206
68,239
68,252
68,284
70,43
70,78
70,153
70,237
71,36
72,291
74,147
75,39
75,78
75,177
75,179
76,51
77,37
77,118
78,249
81,166
81,279
82,5
82,204
82,221
82,234
83,174
83,263
84,117
85,191
86,285
88,22
88,54
93,70
95,161
95,251
97,135
98,7
98,201
99,218
101,294
102,17
102,58
102,267
103,29
104,246
105,195
105,196
107,152
109,23
109,130
110,200
110,286
111,24
111,271
113,167
115,116
116,67
119,200
120,155
121,61
121,127
121,142
122,251
123,229
124,94
124,189
126,46
127,13
127,122
127,274
132,186
133,293
134,214
134,260
136,99
137,41
137,96
137,159
138,156
138,162
140,203
141,97
143,182
143,222
143,247
143,254
144,81
144,85
144,242
146,43
148,282
149,107
150,147
150,268
151,175
152,52
152,292
153,195
154,272
156,160
156,170
156,203
157,155
158,227
161,125
162,46
162,121
163,98
167,4
168,207
168,277
169,87
171,68
173,34
174,213
175,209
175,256
178,69
178,115
178,225
178,250
178,269
180,111
181,77
184,65
185,53
186,79
186,235
194,228
194,272
197,194
198,106
199,34
199,148
203,88
204,92
204,188
205,190
208,161
210,80
210,205
210,220
213,280
214,114
214,298
215,240
216,190
218,134
218,172
219,222
221,256
223,100
224,202
226,40
226,108
226,135
228,10
228,243
228,244
229,12
230,273
232,299
234,14
234,252
235,61
235,89
235,216
236,278
237,258
237,281
240,206
242,233
243,157
244,73
245,31
245,91
245,187
245,273
246,59
246,98
246,217
246,262
246,278
248,5
249,84
251,224
253,177
254,239
257,174
258,142
259,20
260,176
264,44
265,38
265,64
265,255
269,27
269,45
269,241
270,159
271,30
273,131
275,11
275,31
275,217
277,0
279,165
279,221
284,183
284,212
285,90
285,116
285,118
286,42
286,219
288,36
288,193
289,241
290,198
291,123
293,261
294,178
294,276
294,283
295,18
295,109
296,82
296,211
297,57
297,151
298,271
