source,target
0,151
0,156
1,11
1,114
2,54
3,126
3,258
4,51
4,297
6,93
6,255
8,124
9,179
12,33
15,251
16,18
16,74
16,243
16,249
17,88
17,260
19,52
19,139
20,214
22,208
22,239
23,2
25,231
26,193
27,46
28,88
28,144
28,215
29,155
34,128
35,4
35,44
38,219
41,151
42,31
42,58
42,100
43,113
43,201
43,248
44,292
45,280
45,297
46,10
46,103
47,163
48,125
49,92
49,234
50,240
52,259
53,42
53,272
54,271
55,197
55,257
57,191
57,236
59,149
59,182
60,67
60,225
62,81
62,153
62,184
63,87
65,80
65,143
65,230
65,261
66,227
67,296
68,96
70,180
70,185
71,206
72,121
72,275
75,22
76,298
77,81
77,279
78,45
78,205
79,190
83,7
84,49
85,58
85,72
85,199
85,232
86,117
86,175
86,232
87,294
88,118
89,86
89,196
91,0
91,3
91,54
91,123
92,96
92,298
93,47
93,171
95,21
95,82
96,73
96,262
97,224
99,28
99,252
103,39
105,203
106,94
106,188
106,208
107,19
108,287
109,192
110,57
111,56
111,71
112,77
112,83
114,12
116,135
116,249
119,84
120,152
121,115
122,38
124,150
127,30
127,157
128,104
128,119
129,214
130,28
130,186
130,261
130,299
131,265
133,211
134,65
134,176
134,282
136,33
136,233
136,244
136,253
137,178
137,189
138,136
140,107
141,137
142,102
142,263
144,147
144,198
145,137
145,223
146,66
146,273
148,50
148,195
149,87
149,127
150,120
150,291
151,5
154,145
155,196
157,46
157,210
158,16
158,204
159,35
159,169
161,269
163,274
164,48
164,97
166,0
166,40
167,217
170,270
170,275
170,277
170,295
172,13
172,68
173,70
173,219
174,126
177,250
178,32
181,154
184,101
184,268
185,25
185,270
187,66
188,21
188,134
190,289
192,177
194,284
195,112
195,206
196,220
201,24
201,37
201,234
201,245
202,102
202,132
203,30
209,173
210,212
210,282
212,14
212,183
217,164
218,246
220,162
221,162
221,213
222,117
222,296
223,61
223,106
224,120
224,200
224,207
224,290
226,222
228,116
228,236
235,91
235,211
237,113
238,5
242,153
243,138
243,216
244,64
244,98
244,99
245,55
245,130
246,295
249,69
249,193
249,286
250,140
251,64
253,247
253,263
254,156
256,129
258,229
258,253
259,6
264,226
264,288
265,135
266,190
268,8
268,281
269,167
270,160
273,118
274,161
275,90
276,221
277,109
277,266
278,89
280,170
282,129
283,218
284,254
285,56
285,165
290,43
290,108
293,9
293,50
294,241
297,168
298,36
298,267
