source,target
1,203
4,72
6,133
6,251
7,130
7,209
7,247
11,165
12,60
14,264
14,278
15,291
18,23
18,244
19,101
23,44
23,64
24,51
25,181
25,231
25,238
26,182
29,0
29,95
30,215
31,193
31,211
34,37
34,196
34,290
35,28
36,264
37,110
39,71
40,135
41,136
42,58
45,232
46,10
47,154
51,99
52,103
54,191
61,137
62,31
62,265
63,173
63,297
64,22
64,52
64,252
65,138
67,105
69,146
70,1
72,92
72,213
74,224
75,180
76,243
77,1
77,195
78,125
78,205
81,32
81,176
81,279
82,273
82,276
83,74
83,201
84,261
85,9
87,188
88,80
88,226
90,210
91,3
91,45
93,127
94,49
96,86
96,186
99,28
99,55
99,146
99,257
100,299
102,166
102,169
104,39
104,91
105,128
106,94
108,100
108,111
111,20
111,182
111,260
113,118
114,77
117,124
117,137
118,82
119,15
120,90
120,219
122,50
122,117
122,129
123,48
123,121
127,30
127,149
127,184
127,230
127,270
128,112
128,253
129,114
129,292
130,177
131,84
131,230
132,228
133,258
133,280
134,117
135,14
136,216
137,143
139,160
141,36
142,92
142,207
144,161
144,245
145,91
147,16
147,89
147,153
150,38
150,248
151,48
152,26
153,107
154,223
155,29
156,143
157,40
157,197
158,81
158,296
160,2
160,46
162,173
163,115
163,171
163,202
163,285
164,69
164,272
165,266
167,265
168,97
169,27
169,73
169,255
170,80
170,122
170,266
171,198
172,159
172,298
174,25
175,275
177,293
179,79
179,155
180,54
184,6
185,43
186,8
186,200
187,30
190,57
190,140
190,170
190,189
192,168
192,237
193,171
194,41
195,120
196,94
200,235
200,295
202,73
204,215
205,65
208,226
208,286
209,178
209,228
210,34
210,212
210,283
212,109
212,262
213,95
213,107
213,131
214,20
218,144
218,287
220,24
220,186
221,200
222,148
224,25
224,250
225,12
225,242
227,66
227,88
228,284
229,13
229,58
229,201
230,78
230,98
230,199
230,241
231,54
233,123
234,56
234,274
236,86
237,63
239,44
243,281
245,157
246,38
248,18
248,85
248,145
250,251
252,76
253,33
253,126
253,217
254,116
254,123
254,225
256,199
257,93
258,101
258,136
258,172
259,227
260,221
262,5
262,59
262,60
262,148
262,271
263,68
263,254
264,183
265,274
267,167
268,188
269,102
271,175
276,67
276,87
277,53
277,113
277,154
277,240
279,43
281,174
282,206
282,263
285,4
285,46
287,249
288,290
289,190
291,194
291,279
292,17
293,108
294,268
295,21
297,11
298,36
298,140
298,217
