source,target
1,38
1,209
4,139
6,184
8,96
8,119
8,272
9,129
12,149
14,144
14,264
15,244
15,251
16,147
16,243
18,23
18,69
18,73
18,197
19,273
20,260
20,270
21,49
23,44
26,4
26,250
28,55
29,41
31,23
31,75
32,277
33,218
33,240
33,242
33,289
36,110
37,93
39,164
40,46
40,237
42,225
43,267
47,104
47,169
48,41
48,109
48,186
48,219
50,293
52,249
53,167
54,91
54,179
55,22
55,204
55,245
56,90
57,14
60,12
60,287
64,98
65,31
66,197
67,177
68,8
68,231
70,18
72,50
72,59
72,141
73,255
74,95
74,134
76,7
76,45
77,114
78,160
78,232
82,298
83,295
85,294
87,163
87,177
87,185
88,155
89,13
89,74
90,102
90,161
91,281
92,205
93,72
94,111
96,258
98,22
98,79
100,108
101,140
101,215
103,52
105,241
106,153
107,124
107,155
108,17
110,32
110,274
111,143
111,153
111,178
112,176
114,234
114,240
115,121
116,135
116,165
116,172
117,236
120,137
120,264
121,0
121,254
123,48
124,35
124,152
124,269
125,27
125,271
126,39
127,132
128,43
130,261
131,188
131,213
132,265
133,193
133,273
143,202
144,2
144,28
144,112
144,159
144,196
145,189
146,217
146,259
147,28
149,168
150,142
150,268
151,166
151,228
154,161
154,203
156,125
158,71
158,253
159,86
160,226
160,291
161,84
163,36
163,45
163,199
164,247
166,57
166,74
166,173
167,200
169,81
170,37
170,129
174,100
174,162
175,181
176,191
181,213
181,233
182,85
183,5
183,226
184,44
184,62
187,79
188,70
189,53
190,3
190,119
191,61
192,47
192,113
193,26
196,107
196,276
198,126
200,49
200,278
200,282
201,88
202,10
202,195
202,198
203,105
204,11
205,186
207,148
207,238
208,204
209,112
209,246
210,80
210,228
210,248
210,283
211,154
212,157
212,290
214,211
216,115
217,172
218,128
219,151
220,173
221,33
222,116
224,80
225,120
227,99
228,24
228,118
229,170
229,223
229,263
230,61
232,280
235,60
236,168
236,285
237,76
237,122
237,150
238,296
239,136
239,214
240,25
240,165
241,133
244,55
244,99
247,77
249,0
250,275
254,156
255,30
255,51
255,297
256,145
258,101
258,229
258,253
261,109
262,20
262,58
262,169
262,245
265,158
265,180
266,34
266,117
267,123
267,138
267,257
269,256
270,252
271,279
274,171
275,21
277,221
279,40
282,206
284,192
285,35
286,113
288,208
290,29
290,108
291,182
291,194
292,137
293,87
293,97
294,42
295,10
296,176
296,281
297,63
297,67
298,2
299,130
