source,target
0,88
1,74
1,77
3,134
5,15
5,98
6,31
8,68
9,222
10,85
10,181
11,297
12,84
15,66
15,151
15,245
18,32
19,136
22,278
27,204
28,35
28,83
29,41
29,144
29,290
30,127
31,23
32,139
33,175
33,215
34,158
36,163
38,109
40,283
42,56
42,225
44,51
44,184
45,185
46,221
46,291
48,165
49,21
50,78
51,6
51,72
51,258
52,167
54,125
55,28
55,244
56,285
57,196
61,16
61,199
63,143
63,182
65,271
66,101
66,252
67,7
67,76
73,255
74,46
75,61
76,37
80,45
80,154
81,245
82,116
83,296
84,4
85,229
86,53
86,93
86,202
87,70
87,182
87,201
89,110
91,193
91,242
91,288
93,205
93,272
94,89
94,206
96,24
96,36
96,116
100,46
100,58
100,299
101,209
101,244
101,251
102,0
102,5
103,47
104,39
104,197
106,50
107,148
108,178
110,265
111,132
112,128
113,97
115,84
115,118
115,264
117,49
117,218
118,279
119,62
119,171
120,269
120,270
121,94
121,216
122,59
122,275
123,113
123,233
123,257
124,83
125,55
125,262
127,31
127,189
127,203
127,223
128,34
129,114
129,141
129,229
130,177
131,200
133,211
133,287
134,188
138,22
138,55
138,73
138,256
138,271
139,87
141,69
141,222
141,237
142,47
142,141
143,166
144,159
144,186
147,107
147,263
147,270
153,41
154,149
155,14
158,289
160,11
160,290
161,274
162,268
164,26
164,64
164,143
164,238
164,249
165,295
168,92
168,156
168,277
169,120
171,192
172,231
173,121
175,161
176,205
177,204
177,207
177,213
177,250
178,111
179,282
180,7
180,130
181,13
181,224
183,135
184,190
185,18
186,48
187,184
189,57
189,126
190,210
193,65
194,102
196,220
196,293
196,298
197,134
197,235
198,13
199,78
200,152
200,224
201,95
201,214
202,142
203,105
203,119
203,137
203,140
206,117
206,266
208,17
212,36
213,280
214,43
214,170
214,203
217,228
218,172
221,260
224,240
226,4
226,228
227,99
230,99
230,145
231,25
231,86
232,58
235,44
235,61
236,26
239,123
239,174
240,90
241,133
243,167
243,248
246,38
247,164
247,212
248,97
248,150
248,281
249,276
252,79
253,33
254,12
254,136
255,30
255,195
259,106
259,109
263,68
264,100
265,135
265,283
266,17
267,8
267,60
267,230
269,108
270,133
271,20
271,71
271,147
273,82
273,146
274,115
275,250
277,266
280,138
280,261
281,268
282,54
282,292
283,157
284,188
285,256
285,286
289,91
289,191
290,219
294,156
295,114
295,150
295,155
295,234
298,2
298,129
299,10
