source,target
1,77
1,105
1,298
2,192
4,167
4,218
5,98
6,64
6,211
6,255
8,96
8,124
8,294
10,200
12,151
12,189
12,267
13,21
14,237
16,227
17,143
17,262
18,25
18,170
20,135
23,286
24,3
24,193
25,74
26,182
27,162
27,288
29,24
29,155
37,110
38,94
38,122
38,201
39,63
41,38
41,194
42,31
43,42
43,171
43,277
44,159
46,10
46,78
46,119
47,126
47,208
48,45
48,219
50,94
51,99
51,164
52,32
52,139
52,282
53,242
54,131
57,49
57,190
59,149
61,75
61,199
61,257
62,59
63,162
63,217
64,138
64,244
65,19
65,224
66,41
66,259
67,7
67,85
68,277
69,52
71,206
72,207
74,108
75,180
76,33
77,44
77,234
77,278
79,238
80,183
82,169
83,89
83,210
84,26
84,43
85,86
87,115
89,56
89,196
91,296
93,166
95,14
96,21
96,62
97,128
97,139
97,165
97,276
98,75
99,252
101,66
104,240
106,279
107,148
110,144
112,157
113,226
116,249
118,123
120,150
120,205
121,39
121,118
122,48
122,266
122,275
125,54
125,213
127,31
127,215
128,34
128,103
128,274
129,170
131,84
134,163
136,253
137,90
140,106
140,132
141,16
144,28
144,198
144,263
145,221
147,133
147,250
148,108
150,80
150,117
153,184
154,113
154,177
154,293
157,168
158,65
159,88
159,251
160,11
160,20
161,29
161,36
161,96
161,146
161,153
162,174
163,202
163,275
164,35
164,107
164,111
166,57
167,175
168,92
172,264
172,283
172,298
174,100
175,186
175,232
176,58
176,76
178,160
179,282
180,70
181,158
183,27
183,254
185,87
188,30
188,284
188,290
190,55
190,120
190,137
192,34
195,171
198,4
199,141
200,235
201,114
203,287
204,260
206,14
206,68
207,73
207,142
208,22
209,172
209,173
210,1
210,224
210,248
214,245
216,7
217,164
217,228
218,87
218,214
219,51
219,151
220,111
220,212
221,83
222,181
222,229
222,296
223,154
224,42
226,102
227,99
228,24
228,116
228,236
228,262
230,231
230,267
230,291
232,281
233,247
235,61
235,197
236,152
237,40
238,35
238,86
238,156
239,187
239,193
240,176
240,295
241,294
242,81
243,156
244,147
244,260
246,62
247,182
249,72
249,225
250,236
251,101
253,263
256,270
256,271
258,153
261,109
263,112
265,134
267,109
268,23
268,169
269,265
270,135
270,273
271,191
272,140
273,118
274,107
274,292
275,0
275,289
279,67
280,6
281,121
284,256
285,26
286,5
286,176
286,208
287,8
287,60
291,15
293,9
293,104
297,45
297,53
298,299
299,130
