source,target
1,15
1,24
1,72
2,85
4,67
5,94
6,4
6,60
7,8
10,61
12,54
13,70
16,59
17,75
18,99
19,27
21,13
21,53
21,92
22,48
22,66
23,10
24,9
24,51
24,99
27,14
28,77
29,14
30,23
30,38
32,19
32,35
32,57
32,76
33,25
34,26
34,71
34,86
35,22
36,49
37,16
39,90
40,29
40,98
41,7
41,43
42,3
42,68
43,64
45,39
49,33
51,21
53,73
54,50
56,46
56,63
58,19
58,47
58,52
58,54
59,42
59,55
64,0
64,9
64,97
65,82
66,1
66,11
66,17
66,31
69,52
71,3
72,95
73,23
73,37
74,58
78,50
79,2
79,30
79,84
81,76
81,80
82,67
82,77
83,8
83,20
85,44
85,62
88,27
88,46
88,49
88,96
89,69
91,72
91,87
91,94
92,28
93,17
94,45
