source,target
0,38
2,21
2,71
2,91
3,32
4,6
4,60
4,63
5,1
5,81
8,36
11,19
12,86
13,9
13,23
13,54
14,22
16,26
17,75
18,63
19,59
21,79
22,19
22,33
24,94
25,32
25,50
26,84
28,92
28,94
31,0
31,29
31,67
32,27
33,12
33,34
35,88
36,20
36,50
36,89
37,21
42,30
42,51
44,85
45,77
49,3
49,30
50,78
52,66
53,85
53,92
54,76
58,53
58,54
59,57
60,65
61,10
64,24
66,58
67,4
68,96
69,7
69,11
69,47
69,56
70,13
71,83
72,95
73,23
80,49
82,2
82,65
82,77
83,8
83,46
84,48
84,52
85,40
85,61
85,62
86,74
86,87
87,5
87,55
87,75
87,99
88,25
88,72
89,16
89,41
90,79
92,15
92,39
93,17
94,43
96,76
97,68
98,40
99,28
