source,target
1,11
1,29
1,72
2,10
3,57
4,24
5,31
5,90
6,4
6,51
9,13
9,63
11,33
11,69
11,92
12,62
13,8
13,29
17,7
17,30
17,32
20,83
21,92
22,34
22,35
22,42
22,93
23,46
24,1
25,33
27,14
27,97
28,5
28,91
29,55
30,25
34,78
36,12
36,20
36,49
36,89
38,48
40,98
43,28
43,67
46,74
47,15
47,58
48,20
48,50
49,80
49,88
50,56
53,75
53,95
54,41
58,36
59,16
60,52
61,6
61,77
63,3
63,18
63,60
64,2
66,40
68,94
68,96
69,19
69,47
70,65
71,86
74,50
74,76
79,64
79,73
81,3
81,54
82,2
82,16
82,39
82,45
84,0
84,26
84,79
85,44
85,53
86,84
87,67
88,71
91,98
92,97
93,81
94,38
94,70
94,75
94,91
95,37
99,87
