source,target
0,9
0,31
2,79
3,42
3,57
4,63
4,66
4,67
5,49
5,90
5,95
6,24
6,61
8,9
8,83
9,64
12,62
13,47
15,54
16,59
17,7
17,82
17,93
19,22
20,23
22,46
23,0
24,51
27,19
29,35
30,86
31,35
32,76
33,12
33,22
33,50
34,33
37,16
37,21
37,53
37,68
38,21
40,98
41,72
42,2
43,41
45,94
47,15
47,58
49,30
49,36
51,4
52,40
52,58
53,66
53,82
54,14
54,76
56,69
60,65
61,10
62,54
62,81
64,99
66,1
66,11
66,78
67,45
69,17
70,37
70,39
72,91
73,79
74,59
75,87
76,96
77,26
81,3
82,44
83,88
84,0
84,13
84,26
84,65
86,25
86,34
86,48
86,71
87,5
87,55
87,91
88,80
89,88
91,85
92,28
92,97
93,18
94,84
97,27
