source,target
0,37
1,4
1,24
2,28
2,64
2,82
2,94
3,49
3,96
4,51
5,49
6,2
6,4
9,13
9,43
10,23
12,87
15,51
16,89
17,7
17,93
18,63
19,12
19,32
19,57
21,85
26,40
27,97
28,37
28,79
28,92
29,3
29,14
29,31
29,59
30,25
31,23
32,35
33,11
33,22
33,25
33,34
34,18
34,52
34,58
36,16
36,20
38,48
40,52
41,7
41,72
41,89
42,32
43,41
44,85
45,39
46,86
47,58
48,22
48,50
49,76
50,56
53,95
53,99
54,78
55,59
60,80
60,90
61,10
63,60
66,21
67,45
68,77
68,97
70,62
71,53
71,86
73,17
77,38
77,70
78,66
79,73
81,33
82,21
83,71
83,74
86,42
86,84
86,88
87,75
87,98
89,69
90,6
90,65
91,94
92,39
95,9
96,8
96,83
