source,target
0,51
0,84
1,24
2,71
2,97
5,87
7,73
8,49
8,83
9,30
9,61
9,65
9,95
10,0
13,47
14,15
14,22
14,29
15,1
15,58
17,75
17,93
18,63
19,89
20,48
21,64
21,94
22,46
22,66
24,23
24,99
27,14
28,91
31,35
32,25
34,54
35,88
36,12
37,0
37,16
38,39
42,39
42,59
45,77
48,52
49,3
49,13
49,36
50,33
50,78
52,13
52,40
52,56
54,41
55,29
56,50
57,27
57,32
59,16
59,19
59,20
60,90
62,85
63,4
64,9
64,43
64,79
65,60
67,43
68,96
69,47
70,45
71,17
71,86
71,88
73,42
74,58
75,53
75,63
75,70
76,81
77,38
77,90
78,34
81,62
82,21
82,44
85,37
88,80
88,96
90,6
90,26
91,2
92,11
92,28
95,72
96,5
98,12
99,18
