source,target
0,10
1,67
2,24
3,32
4,51
5,72
5,96
6,85
7,41
9,8
9,95
11,92
12,36
13,55
13,94
14,54
15,47
15,87
17,93
19,36
21,51
21,64
21,94
23,20
23,73
24,0
26,34
27,14
27,69
27,97
28,79
29,71
31,29
32,17
33,22
34,58
34,86
35,32
35,59
35,88
36,33
36,50
37,70
39,2
41,5
45,39
48,38
49,80
51,0
52,40
53,21
54,15
54,76
54,78
56,63
58,52
60,13
60,30
61,6
63,9
64,43
64,61
65,77
67,74
70,45
70,62
71,25
71,83
74,46
74,57
75,5
75,17
77,26
77,38
77,68
77,82
79,64
79,73
79,84
81,62
84,65
84,90
85,44
86,42
86,71
87,12
87,86
87,99
88,27
89,16
89,49
89,69
91,28
91,67
92,43
94,66
95,53
98,91
99,18
