source,target
0,38
5,41
6,51
8,9
8,83
8,93
9,61
10,0
12,62
12,98
13,49
14,29
14,89
15,14
15,54
16,36
17,30
17,75
19,22
19,59
20,23
23,43
26,34
28,2
28,70
29,1
29,31
29,55
29,71
31,35
32,3
32,25
32,57
32,88
33,50
33,52
35,33
36,3
39,65
40,26
42,39
43,39
43,64
47,58
49,59
49,76
49,80
49,96
51,4
53,99
57,27
58,19
58,24
58,27
58,52
60,80
63,4
63,60
65,53
66,22
67,66
68,13
69,11
69,47
69,56
70,37
70,77
72,91
73,7
73,46
73,92
74,50
75,5
77,82
77,90
78,34
78,54
79,28
81,32
82,45
83,20
84,17
84,48
85,44
85,53
85,62
86,84
90,65
90,87
91,21
91,85
92,15
92,38
94,68
95,37
96,5
96,8
97,9
99,18
