source,target
0,10
0,37
1,5
1,24
2,71
2,97
3,63
3,96
6,28
8,9
9,77
12,98
13,30
15,51
15,58
16,25
17,7
18,99
19,11
19,83
20,48
21,28
22,66
23,20
23,46
23,73
24,23
24,51
24,99
25,30
25,32
27,17
28,79
29,3
29,14
29,55
30,74
30,86
31,35
32,17
32,19
32,54
32,57
34,22
34,33
35,74
37,60
37,70
38,21
38,94
39,2
39,42
42,50
44,85
49,36
49,76
49,89
52,78
52,84
53,95
54,12
54,15
56,50
58,47
59,19
60,4
60,52
60,80
60,90
62,70
62,92
66,40
67,4
68,42
69,52
72,1
72,41
72,95
73,0
75,53
75,63
75,66
76,81
77,38
77,61
82,16
82,45
84,26
85,62
87,82
88,33
89,69
90,39
90,65
91,72
93,8
94,43
94,75
99,64
