source,target
0,10
1,15
2,6
2,64
3,57
3,71
3,83
4,66
5,19
5,89
8,96
9,43
9,61
9,68
12,19
12,78
12,98
13,21
14,22
15,62
16,27
16,28
16,82
17,7
20,83
21,2
21,24
21,37
21,51
22,35
26,40
27,14
27,17
28,91
29,1
31,29
32,12
32,57
32,76
33,49
34,18
34,25
38,30
38,77
38,92
39,45
42,59
46,88
47,13
48,38
50,33
50,36
50,48
52,11
52,40
52,47
52,69
53,60
53,77
53,85
53,99
54,58
56,52
57,74
59,16
59,55
60,63
62,39
65,45
65,82
67,75
68,42
72,41
72,95
73,23
73,79
75,53
75,70
78,34
78,50
78,54
79,28
79,64
80,60
82,44
84,0
84,26
86,25
87,90
87,94
88,36
92,66
92,73
93,17
93,81
94,70
95,5
96,3
97,9
