source,target
0,31
0,51
2,10
2,67
4,60
5,90
7,69
8,7
9,0
9,70
14,15
15,1
15,92
18,34
19,5
19,27
19,59
19,83
20,83
21,82
23,20
24,2
24,6
25,33
26,40
28,73
29,14
29,71
30,42
31,35
32,17
32,76
34,71
35,22
35,32
36,49
36,58
39,45
39,82
40,29
44,85
46,56
49,89
52,48
52,66
53,77
53,99
54,3
54,81
55,62
56,50
58,19
59,57
60,65
61,9
61,64
61,90
62,39
62,54
62,85
63,75
66,11
66,21
68,37
68,77
69,47
69,56
70,43
72,41
72,91
74,24
74,30
74,46
75,70
75,94
76,54
76,74
76,96
78,12
78,52
79,28
80,49
82,16
84,13
84,65
86,30
87,55
87,98
88,25
88,96
91,28
91,60
91,87
92,39
93,81
94,38
95,53
97,64
99,46
