source,target
2,71
3,49
3,54
4,66
5,90
8,49
9,28
9,64
9,68
12,78
12,98
13,21
13,23
13,29
13,55
13,60
16,26
16,36
17,8
17,75
17,84
18,99
20,83
21,6
22,46
24,58
25,30
25,32
27,19
27,97
28,5
28,79
28,91
29,1
32,76
33,34
33,36
34,25
35,88
36,14
37,73
38,48
39,45
41,7
41,43
42,51
42,73
43,23
45,77
47,15
48,52
49,96
50,74
52,47
56,69
57,27
58,47
59,20
60,37
61,6
61,10
62,12
62,55
63,19
63,56
65,53
65,87
66,21
66,67
69,11
69,17
70,13
72,95
73,0
73,92
74,30
74,35
74,46
75,31
75,82
77,40
81,32
82,44
82,65
83,3
84,52
84,86
85,62
87,2
87,12
87,99
88,72
88,80
88,89
93,8
94,28
94,45
94,84
95,9
