source,target
0,51
1,5
1,39
1,66
2,10
2,60
2,67
2,82
3,2
3,29
3,81
4,24
4,74
5,96
8,13
8,49
8,83
12,87
13,16
13,47
13,55
14,22
15,58
15,92
16,26
17,28
18,34
19,27
19,59
21,37
21,94
22,66
22,93
23,30
24,6
24,94
25,86
26,84
27,32
27,97
30,9
30,25
30,79
32,57
32,76
34,52
34,96
35,59
36,89
38,0
41,7
44,82
48,50
49,80
50,42
51,4
52,11
52,33
52,69
53,71
54,62
54,76
58,36
59,20
61,85
62,40
62,85
63,3
64,9
66,31
67,1
67,45
69,19
69,56
69,89
70,65
72,41
72,91
73,7
73,17
73,23
74,35
75,70
77,38
82,65
82,78
84,17
86,12
87,99
89,50
89,88
90,79
94,43
95,91
97,68
98,40
99,18
99,46
99,53
