source,target
0,24
1,29
2,10
2,64
3,63
5,31
5,75
5,81
5,89
5,96
7,41
7,93
9,24
9,43
11,69
12,98
15,58
15,62
15,87
16,37
19,89
20,23
20,48
20,59
21,1
21,6
22,7
23,46
25,71
26,77
26,90
27,17
27,69
28,21
28,79
29,3
29,14
30,86
32,54
33,11
33,25
33,34
33,49
37,70
38,94
39,62
39,82
42,2
42,22
42,43
42,50
46,88
49,13
49,30
51,6
52,47
53,95
57,27
58,19
59,16
59,55
60,52
61,64
63,4
63,9
63,18
65,45
65,84
66,40
66,78
66,92
67,4
67,91
68,38
69,56
74,50
76,32
77,67
79,73
80,60
82,44
83,20
85,37
86,74
88,33
88,35
88,72
88,80
89,36
90,84
92,11
92,97
94,13
95,5
96,8
96,76
96,83
98,87
99,53
