source,target
0,85
1,44
2,48
3,2
3,65
7,96
11,15
11,78
19,52
19,58
20,45
20,61
21,78
21,93
22,38
23,13
23,29
23,49
24,97
25,8
25,85
26,87
27,30
27,44
29,20
29,36
29,46
30,83
31,0
31,9
32,34
32,89
33,17
33,63
36,35
37,54
39,4
39,16
39,56
39,57
41,79
41,84
42,74
44,62
44,68
45,41
45,64
47,72
47,74
50,3
50,43
51,25
51,37
51,81
54,73
55,26
55,71
57,70
58,82
59,53
60,40
60,52
63,59
63,67
63,80
65,51
66,5
66,76
67,77
68,88
69,47
71,10
73,11
73,94
75,8
75,16
76,7
76,14
76,86
78,18
79,90
80,92
82,12
84,99
87,42
89,75
90,22
90,69
90,82
90,95
91,23
92,12
93,91
94,28
96,6
96,13
96,83
97,55
98,4
