source,target
2,48
3,19
3,65
3,96
5,18
6,95
7,9
8,92
9,14
9,46
10,68
11,50
11,53
12,24
12,54
13,75
17,6
18,59
20,61
20,79
21,64
22,32
22,43
23,83
29,49
30,92
31,67
32,34
32,45
32,70
33,63
33,80
33,88
34,15
34,97
35,42
36,38
37,62
38,24
38,77
39,93
41,16
44,94
45,57
45,99
47,12
48,35
51,55
53,22
53,59
54,9
55,42
55,44
55,98
56,0
56,21
56,62
59,39
60,25
60,41
60,71
60,74
60,85
61,27
61,69
62,72
63,1
63,82
64,4
66,7
68,72
70,52
73,11
75,26
75,47
76,3
76,40
77,90
78,89
80,91
81,29
82,8
82,69
83,31
83,87
83,96
84,58
84,67
86,76
90,20
90,95
94,8
94,73
94,85
95,64
96,28
97,23
97,81
98,78
