source,target
1,44
1,72
2,84
5,30
6,34
6,52
7,66
8,42
8,47
8,53
8,97
9,14
9,46
10,87
10,95
11,18
11,32
11,94
12,43
13,3
13,50
13,60
13,71
15,53
18,21
21,17
23,26
23,98
24,42
25,8
25,77
26,55
30,40
31,82
33,28
33,63
33,88
33,92
34,62
34,96
36,96
37,51
38,61
39,4
39,57
40,47
43,68
45,41
46,81
47,22
47,64
47,69
47,72
48,77
51,35
51,83
52,19
52,38
54,73
56,85
56,90
59,0
59,16
63,80
64,95
66,27
66,33
67,20
67,25
67,49
70,29
71,91
73,58
73,75
74,70
76,9
79,59
81,6
81,45
81,79
81,99
82,43
82,58
82,69
83,39
84,45
84,70
86,7
89,41
89,78
90,12
90,65
91,18
93,21
93,39
94,28
94,67
97,34
98,11
