source,target
1,20
2,3
3,41
10,85
11,15
12,47
13,37
13,50
14,9
14,76
17,80
17,92
18,83
19,60
21,44
26,56
26,75
27,14
28,43
29,18
29,72
29,86
29,91
30,5
30,33
31,71
32,54
34,7
34,33
34,75
35,74
36,6
36,28
36,35
37,55
38,36
39,70
41,13
42,8
45,57
48,52
51,40
51,81
51,93
52,19
52,25
56,22
56,84
57,4
57,42
59,26
59,39
59,46
60,35
61,69
62,29
62,60
63,62
64,56
65,51
66,44
67,84
68,53
68,59
68,88
69,91
70,32
70,57
71,26
72,17
72,23
72,58
73,11
73,94
75,13
75,65
76,66
76,86
78,16
79,87
80,49
82,31
83,82
84,16
85,0
86,1
89,45
89,77
90,97
94,68
94,95
96,64
96,79
96,85
97,12
97,24
97,73
98,34
99,17
