source,target
0,77
1,21
3,40
3,96
6,57
7,76
7,92
9,19
9,46
9,54
11,50
12,24
13,3
14,30
15,11
16,48
16,73
16,84
18,5
18,49
20,2
21,63
22,7
22,37
23,80
25,24
25,38
25,62
26,59
26,87
28,33
28,78
29,4
29,18
29,70
30,76
31,26
32,47
32,89
33,86
33,88
34,98
38,43
38,48
40,58
41,32
41,79
42,85
44,9
44,66
45,41
45,56
47,19
50,69
51,93
53,8
55,2
55,97
56,39
57,13
58,47
60,35
60,49
61,20
62,74
62,93
63,17
63,29
63,86
67,0
68,42
69,91
70,36
70,53
70,56
70,74
71,60
72,53
75,45
76,27
77,90
80,44
81,22
85,94
87,10
87,79
87,83
90,50
90,64
90,65
90,82
90,95
92,23
94,28
95,55
96,52
97,81
97,99
98,83
