source,target
0,56
3,57
7,66
7,92
9,59
12,49
13,46
15,11
17,63
17,72
17,83
18,5
21,1
21,87
25,43
26,84
28,94
28,96
29,20
30,21
31,48
32,67
33,20
33,44
33,86
33,88
35,82
37,13
38,79
42,62
42,78
44,2
44,27
45,57
45,98
46,19
46,39
47,65
47,69
48,77
49,32
49,93
50,13
50,24
50,54
52,38
53,68
54,35
56,62
56,85
57,4
59,0
60,40
60,74
60,89
61,27
64,51
65,81
68,10
68,44
68,90
69,36
69,91
70,26
70,75
71,4
73,97
74,47
75,22
76,14
76,61
77,73
79,41
80,23
80,49
80,92
81,6
81,70
81,79
81,99
82,8
82,15
82,97
84,16
84,51
84,58
85,25
85,28
87,3
90,12
90,95
92,17
92,34
94,15
95,64
95,94
98,18
98,50
98,55
