source,target
1,24
5,27
5,44
6,34
8,47
9,54
10,22
11,0
12,70
14,9
14,30
15,95
16,77
16,99
18,11
20,81
20,97
21,63
21,64
23,92
25,96
27,61
28,85
29,98
31,83
32,35
33,30
33,88
34,36
37,24
40,60
42,12
42,85
43,65
44,1
44,80
45,39
46,13
50,13
50,90
50,99
51,93
52,49
53,28
53,68
54,50
56,26
56,69
58,40
58,57
59,16
59,84
60,4
61,38
62,3
62,42
62,74
62,75
63,17
64,56
65,47
65,75
65,82
67,0
67,31
71,23
71,53
71,55
74,19
76,5
76,7
76,66
77,48
79,41
80,21
80,39
80,72
81,79
83,51
84,2
86,7
87,59
89,32
90,22
90,56
90,67
91,29
93,49
94,15
94,73
96,45
96,57
96,91
97,34
97,35
97,51
97,70
97,73
99,78
