source,target
0,59
2,48
5,44
5,76
6,81
8,12
8,90
9,14
9,31
12,37
12,48
12,70
13,24
13,34
13,45
15,0
15,95
17,30
17,71
20,26
20,33
20,61
21,1
21,30
22,92
23,98
24,82
26,84
26,97
29,4
29,20
29,36
32,16
32,41
34,33
35,22
39,18
40,51
41,84
42,62
42,68
43,28
43,75
44,27
44,80
46,13
47,19
47,46
47,94
49,23
51,25
51,83
54,12
54,53
54,69
54,73
55,42
56,64
58,72
59,67
59,87
60,3
60,52
60,74
60,85
62,56
63,62
63,86
68,88
68,90
71,31
71,91
76,40
76,66
77,54
78,98
79,38
81,47
83,72
85,8
85,10
87,60
89,32
89,65
89,78
90,79
91,29
92,17
92,83
93,21
95,57
96,7
96,25
97,11
97,39
97,75
97,77
98,50
99,6
