source,target
0,15
1,33
2,20
3,73
4,71
7,63
7,86
8,53
9,44
9,46
13,34
16,32
16,41
16,77
17,6
17,30
17,72
18,5
18,16
18,49
19,52
20,26
20,33
22,10
22,32
22,61
23,91
24,37
24,38
25,43
25,62
26,4
27,30
27,66
28,11
28,78
28,96
29,18
32,70
35,84
38,41
39,59
40,60
44,27
44,94
45,39
45,96
46,13
48,2
49,98
51,23
51,64
51,97
52,48
52,62
53,11
55,23
55,87
56,69
57,45
57,56
60,39
60,89
62,42
63,67
64,21
65,12
65,90
67,35
68,88
74,19
74,47
75,16
75,50
75,68
75,73
76,14
76,40
77,0
77,31
80,92
81,37
82,58
84,26
85,56
90,83
91,80
93,29
94,28
95,10
96,36
96,54
96,99
97,28
97,82
97,90
98,20
98,79
98,97
