source,target
0,11
3,40
7,76
8,42
8,70
9,44
9,59
10,87
10,95
11,56
12,82
13,23
15,34
15,98
16,60
16,84
18,1
20,2
20,70
21,63
21,86
21,87
22,35
22,43
22,53
22,62
22,92
24,38
25,61
26,0
27,7
27,14
28,32
29,4
29,86
31,2
31,9
32,49
32,68
33,30
33,88
34,6
34,33
35,46
37,26
37,51
38,8
39,16
39,69
39,93
41,79
41,99
43,50
44,1
44,66
45,13
45,64
46,81
47,65
50,75
52,54
52,74
54,3
54,28
54,31
54,69
56,85
57,58
58,73
61,22
64,51
65,90
66,5
67,31
68,62
69,36
71,10
72,29
72,80
73,19
73,48
73,77
73,97
78,21
79,96
80,17
81,6
81,37
87,55
89,78
90,83
91,71
92,14
95,15
95,94
96,25
96,82
97,39
97,83
