source,target
0,264
1,151
2,188
4,33
5,231
6,48
6,126
7,238
8,50
9,110
10,212
10,260
10,284
11,74
11,263
12,111
15,157
15,272
17,139
17,295
18,213
18,275
22,124
22,150
23,54
26,47
26,199
29,182
29,279
29,286
30,64
32,171
34,227
36,106
36,257
38,48
40,292
41,37
41,118
42,163
44,38
49,169
52,222
53,5
57,276
58,142
59,133
60,65
61,280
63,123
64,108
65,86
67,114
67,270
67,289
68,84
68,224
68,260
69,2
70,109
70,229
71,90
73,220
75,251
76,246
77,159
77,165
79,60
79,102
79,184
80,207
80,294
81,287
82,8
82,271
86,52
87,152
89,121
90,31
90,125
90,234
93,25
97,76
98,28
98,35
98,228
98,249
99,242
100,219
100,283
101,129
101,292
103,298
105,232
105,285
108,26
108,166
109,55
110,43
112,183
112,288
114,79
115,53
115,204
116,24
116,46
116,157
119,117
120,4
120,45
120,56
122,91
122,141
123,187
123,189
123,252
124,52
125,89
126,133
126,167
127,55
129,122
129,276
130,182
131,218
132,63
134,180
135,95
137,61
138,193
140,274
141,6
142,150
145,143
145,164
146,189
147,128
151,39
151,175
151,194
151,231
152,20
152,69
153,161
153,187
154,71
154,258
155,35
156,138
157,176
158,29
158,280
159,98
159,190
160,27
160,67
160,299
161,110
161,233
161,255
163,78
164,119
164,132
167,66
167,80
167,123
168,241
169,81
171,184
171,235
171,240
171,281
172,4
174,201
175,69
175,205
177,136
178,290
179,115
180,83
180,120
180,289
181,177
183,31
185,116
186,13
186,18
191,278
193,145
194,14
196,166
197,25
197,62
197,103
197,248
198,222
200,253
201,43
202,3
202,19
205,293
206,51
206,78
206,87
206,162
207,70
207,85
208,168
208,200
209,203
209,208
210,0
211,214
212,39
213,211
214,23
214,37
214,113
214,154
215,221
216,57
217,100
217,244
218,22
218,140
220,219
222,282
223,185
225,12
225,243
226,254
227,158
228,206
229,225
230,16
232,94
232,102
234,107
234,236
236,21
236,131
236,195
237,161
239,68
243,10
245,259
247,140
251,137
251,149
251,265
253,254
253,259
254,96
254,173
256,224
257,149
257,170
258,26
260,135
261,146
263,128
263,160
263,238
264,148
264,262
266,32
266,144
266,221
266,250
266,290
267,181
267,192
272,1
272,241
272,269
273,284
274,72
275,19
277,88
277,125
280,264
283,186
284,99
286,41
286,268
287,50
287,237
290,104
291,92
291,256
293,34
295,97
295,101
295,230
296,27
297,89
298,134
298,136
298,278
