source,target
0,10
0,76
5,13
5,248
10,169
10,193
12,44
12,268
13,32
13,157
16,67
16,129
16,222
19,171
20,15
21,282
22,294
25,14
26,90
26,214
28,36
29,125
31,88
32,178
32,233
33,199
34,84
34,250
36,270
37,158
39,14
41,116
41,286
42,34
42,163
43,25
43,46
43,262
47,24
48,66
50,287
51,156
52,31
53,163
55,172
55,202
57,45
57,139
57,196
57,216
58,84
59,132
59,245
60,29
60,101
62,100
62,110
62,265
63,2
63,280
64,44
65,197
69,141
69,185
70,125
71,0
71,17
71,124
71,162
71,264
72,240
74,35
74,124
74,299
75,79
75,82
75,241
75,276
76,255
79,145
80,115
80,284
81,186
81,260
83,30
83,68
85,234
85,261
86,100
87,41
87,210
87,211
89,219
91,89
91,106
92,269
94,22
94,117
96,8
96,207
96,253
96,278
97,242
98,47
98,190
99,256
102,37
102,254
103,182
105,120
105,199
108,52
109,138
112,229
113,68
113,297
120,57
121,104
121,198
122,1
122,176
123,54
123,134
124,118
124,126
126,296
127,9
127,137
128,35
128,93
130,49
131,41
133,180
134,107
135,213
137,8
138,244
141,208
143,225
144,239
145,12
145,92
145,237
146,208
147,179
147,280
147,285
148,6
148,272
150,228
150,274
151,164
151,194
151,203
151,298
153,54
153,168
154,218
155,263
156,157
159,23
159,113
159,141
160,161
160,174
161,20
161,29
161,73
165,77
165,97
165,136
166,151
170,287
171,3
171,281
173,15
173,279
174,201
175,37
175,230
175,243
177,261
178,299
179,211
180,152
180,204
182,7
182,81
183,21
183,140
185,27
185,288
187,176
187,266
188,173
189,167
191,95
192,87
192,89
192,289
193,192
194,181
195,72
195,257
196,48
196,56
196,152
196,191
197,171
197,173
198,45
202,239
204,25
204,215
205,4
206,188
207,65
211,258
212,36
212,114
212,144
212,237
213,18
213,50
213,259
214,53
214,87
215,159
215,221
215,267
217,40
218,71
218,80
218,291
218,295
220,16
220,78
223,112
224,243
225,140
225,238
226,177
226,275
227,240
229,19
231,5
231,205
231,235
234,75
236,117
237,7
241,62
241,119
241,232
242,70
242,184
244,183
244,200
244,251
245,150
245,206
247,284
252,94
254,96
254,122
254,246
257,19
257,74
257,149
263,11
263,110
265,38
265,111
266,142
267,49
267,272
269,72
271,67
273,271
276,217
277,62
278,61
282,50
282,252
283,24
283,76
284,249
286,31
288,220
289,189
289,222
290,105
292,131
292,209
293,69
293,99
294,80
298,85
299,123
