source,target
0,217
1,57
2,173
4,292
4,293
5,67
5,287
6,12
7,65
7,75
8,12
8,163
11,67
11,296
12,242
13,228
14,161
15,63
16,26
16,77
16,222
18,135
19,225
19,265
20,264
21,78
21,98
23,192
24,215
26,125
29,47
29,149
33,169
33,199
34,42
36,106
37,97
38,11
38,95
41,79
41,132
42,229
43,269
44,70
44,188
45,272
48,206
51,1
51,160
52,191
53,35
53,88
54,52
55,204
56,145
56,164
58,64
58,142
58,202
58,224
61,71
62,245
63,123
65,55
65,143
65,214
65,265
66,247
68,172
70,66
71,277
72,19
72,91
72,210
73,198
75,255
76,22
76,32
76,267
78,130
78,262
79,60
79,273
80,74
80,79
80,101
80,269
81,182
84,83
87,29
87,234
87,297
90,119
90,197
90,206
92,23
93,150
96,17
96,39
96,209
96,244
97,31
97,187
98,131
99,72
99,138
100,37
101,62
101,134
103,151
103,231
105,290
106,291
107,264
108,78
108,137
109,185
109,298
111,51
111,100
112,27
112,40
112,216
112,229
112,243
114,222
115,241
116,281
117,44
121,30
121,37
121,140
121,198
122,194
123,107
123,230
124,118
124,148
125,248
126,141
127,38
128,282
129,54
129,267
129,294
131,13
133,180
134,120
135,50
136,218
139,81
141,160
146,28
146,80
147,120
151,119
154,82
154,149
154,164
154,168
154,172
155,128
155,162
157,1
157,284
158,143
159,60
159,83
161,261
162,22
162,105
162,152
164,180
165,111
165,249
165,298
167,13
167,254
168,103
168,199
170,171
171,161
173,227
174,212
175,154
175,280
177,181
178,18
178,32
179,102
181,87
181,205
181,278
182,166
182,283
183,121
184,25
184,179
184,211
186,226
188,153
189,99
194,176
194,237
194,291
195,136
196,285
197,263
200,208
200,253
201,110
202,3
202,270
202,274
203,251
206,86
206,193
207,102
208,4
209,93
212,115
213,165
213,166
215,2
216,276
217,268
218,40
221,236
222,156
224,246
225,112
225,259
227,89
227,170
227,195
227,239
227,277
230,6
230,94
230,289
232,7
235,46
235,127
236,139
237,0
237,211
239,144
240,45
240,69
243,110
245,266
247,129
248,9
248,96
248,203
248,230
250,36
250,186
254,189
256,252
257,10
257,74
259,49
260,105
263,15
263,59
263,238
265,274
266,223
266,288
268,39
268,113
269,35
271,16
271,190
272,92
272,157
275,24
276,6
276,140
276,241
277,104
277,124
285,242
285,258
286,159
288,20
288,116
288,220
292,51
294,21
294,233
295,77
296,200
296,279
297,219
298,85
299,48
299,252
