source,target
0,64
0,128
4,97
5,258
6,235
7,11
8,163
10,120
11,127
11,149
11,264
12,41
12,44
12,217
13,125
17,255
19,58
19,118
22,12
23,25
24,226
25,199
26,31
26,60
26,176
26,265
27,75
27,157
29,51
29,134
29,198
29,297
30,166
31,21
33,169
33,201
36,28
36,84
37,218
38,173
40,217
43,283
44,30
44,117
44,192
44,242
45,232
46,260
48,68
49,270
50,287
52,70
52,241
55,105
57,193
57,196
58,281
59,87
60,111
60,252
61,8
61,15
63,86
65,280
66,74
67,145
67,193
67,239
68,135
68,172
68,190
70,137
71,113
71,248
73,134
75,244
76,85
76,108
78,116
78,227
79,51
79,53
80,29
80,56
80,164
84,34
85,16
85,66
85,102
86,279
87,292
88,119
91,188
92,215
97,131
97,139
97,181
97,210
98,35
98,249
100,220
101,39
102,219
102,243
103,257
105,78
106,46
106,275
107,67
110,62
111,100
111,200
112,122
112,240
118,86
118,155
118,287
119,66
119,165
119,230
120,56
121,15
121,140
125,159
127,156
128,181
128,238
129,1
134,123
134,247
136,9
136,71
138,197
138,212
139,81
139,216
141,23
141,147
141,185
141,205
142,4
142,77
144,130
145,0
146,88
146,133
147,114
148,57
148,228
150,62
152,141
154,20
154,235
155,107
155,277
156,189
158,151
159,22
161,233
167,284
172,55
172,91
172,183
172,268
173,204
175,207
176,151
177,175
178,19
179,246
179,251
179,254
180,132
180,176
182,219
183,115
183,168
185,209
185,293
186,18
186,246
187,220
191,206
194,47
194,104
194,261
195,72
195,76
197,65
197,214
198,288
199,170
201,3
201,43
202,58
204,90
205,61
207,48
207,96
208,101
208,126
209,92
209,93
211,177
211,204
212,174
214,184
215,259
216,278
218,154
218,183
218,295
219,95
220,143
222,298
222,299
223,250
223,290
224,73
226,27
227,99
227,205
227,206
229,42
229,144
229,223
229,225
231,69
231,150
234,79
236,279
241,167
241,245
241,267
242,54
242,82
242,149
242,152
243,277
244,32
244,182
244,253
248,61
249,294
250,256
251,153
252,94
253,14
254,210
255,2
255,23
256,203
256,208
257,72
258,211
259,187
260,178
261,37
262,83
263,89
263,264
264,109
266,34
266,142
266,213
268,124
269,49
270,221
271,10
272,162
272,232
273,199
274,202
275,171
276,101
276,138
277,162
278,80
280,13
282,33
283,186
283,270
284,274
285,26
285,286
288,276
289,263
291,265
294,203
294,231
294,237
296,108
297,83
298,87
298,122
298,160
298,161
298,180
299,129
