source,target
0,54
0,102
0,136
1,122
5,162
5,178
6,207
8,50
8,163
8,203
10,232
10,271
12,8
14,233
16,234
16,243
18,34
19,260
21,98
22,251
25,184
25,209
26,47
26,108
26,176
26,180
27,60
27,102
28,270
29,111
29,227
33,72
34,266
36,69
36,285
37,133
39,14
40,177
41,138
42,259
43,9
44,123
46,228
47,194
47,217
48,41
51,192
51,206
52,279
53,119
54,278
55,185
55,224
61,242
65,295
66,16
67,239
70,263
71,195
74,14
74,247
75,95
75,101
77,76
78,290
80,179
81,182
81,186
81,216
82,176
82,252
84,249
84,250
85,197
86,48
87,59
88,75
89,64
89,91
90,125
91,23
91,177
92,269
93,25
93,83
94,106
94,161
95,46
95,222
96,21
96,76
96,115
96,211
97,214
97,215
97,231
97,232
98,267
99,125
99,157
102,2
102,134
103,284
104,289
107,79
107,149
107,158
110,26
113,87
113,268
115,107
115,241
116,24
116,34
116,281
117,5
119,200
119,237
119,254
120,209
121,51
121,140
123,56
123,61
123,175
123,286
124,87
124,276
125,299
126,107
126,284
127,261
128,150
128,202
130,146
130,270
131,152
131,167
132,29
133,118
135,105
137,156
138,170
139,144
141,94
141,198
142,49
142,128
144,112
146,0
147,114
148,100
148,264
148,280
150,38
150,110
151,245
152,196
152,262
153,230
154,80
154,168
156,16
156,127
157,23
157,44
157,153
159,61
159,297
160,174
161,12
161,57
161,73
161,143
162,36
162,279
164,155
165,111
166,64
167,7
167,136
168,15
168,218
169,273
170,11
171,101
171,291
172,112
172,121
174,42
174,201
175,25
175,141
176,109
179,191
180,90
182,130
182,147
183,31
185,257
185,272
187,103
187,259
190,68
190,98
191,99
193,298
197,173
202,58
203,7
203,9
203,13
204,65
204,75
205,164
206,145
206,148
206,295
207,62
207,253
210,213
211,6
211,220
212,115
223,238
225,3
227,78
227,244
227,293
229,116
231,188
231,205
232,269
235,212
236,221
236,234
238,225
239,199
239,220
240,45
240,72
240,202
241,231
242,20
242,129
244,3
244,32
244,122
245,294
246,226
247,71
248,41
248,96
248,197
249,58
251,21
253,37
253,154
253,189
253,213
253,254
254,181
254,246
255,17
255,204
256,145
258,52
258,124
259,283
260,81
260,135
261,55
261,287
263,132
264,247
265,160
266,30
270,183
271,273
272,153
273,4
274,43
275,24
277,224
279,208
280,137
281,171
285,35
285,296
288,79
289,159
290,93
290,282
292,63
292,188
294,124
295,219
296,158
296,298
