source,target
1,124
3,201
4,17
4,270
5,22
5,107
6,41
6,218
7,136
8,12
8,28
11,145
11,148
11,170
12,161
12,240
13,207
14,298
18,178
20,242
21,169
21,197
21,251
22,41
24,132
25,184
25,191
27,51
27,57
27,146
27,226
29,110
30,83
31,131
33,130
34,84
34,224
37,241
37,251
39,198
41,59
41,64
42,187
44,245
45,138
46,43
46,63
48,70
49,37
49,38
49,130
49,209
51,180
51,294
52,95
52,108
53,280
54,167
55,149
57,196
58,202
58,252
62,143
63,284
64,83
65,295
67,271
68,239
70,235
71,257
71,278
74,253
76,32
76,283
78,220
78,281
79,160
81,260
82,119
82,292
84,172
84,250
85,108
85,205
85,214
86,206
87,82
93,116
95,77
99,249
99,269
101,80
101,115
102,2
102,125
103,5
103,194
103,285
104,123
106,191
109,246
111,247
112,40
112,92
112,203
114,166
115,96
115,159
115,165
115,264
120,35
120,98
121,185
122,194
122,256
123,127
124,103
124,113
124,276
127,15
127,75
127,277
131,286
131,294
132,126
132,296
133,110
134,6
134,61
134,208
134,222
137,66
137,175
137,187
139,19
139,42
140,225
141,162
143,238
144,117
145,73
145,100
145,280
147,138
147,216
148,89
148,153
149,10
151,109
152,192
156,74
157,37
157,72
157,192
157,248
160,0
160,67
160,98
162,49
162,94
165,9
165,97
165,258
167,140
168,20
168,195
169,81
172,4
173,197
175,26
175,69
175,148
177,136
177,262
178,58
178,244
179,99
180,44
181,205
182,50
182,289
183,40
183,134
184,159
185,141
186,269
187,91
187,176
188,203
190,297
193,80
194,47
195,155
195,293
196,267
198,232
200,193
201,233
205,204
206,109
207,52
210,288
211,105
211,164
211,166
211,199
211,210
212,1
213,135
214,100
214,111
214,129
214,222
217,118
217,268
218,143
218,152
218,206
219,66
220,95
221,215
222,102
222,128
223,238
224,158
225,259
227,211
227,282
228,13
231,93
231,157
232,27
232,237
232,277
234,90
235,46
236,87
238,239
240,4
240,117
240,217
242,54
243,213
245,266
245,298
248,16
248,46
248,150
248,156
248,215
248,230
248,263
248,292
249,21
249,76
252,299
253,60
254,133
255,2
257,36
257,183
258,57
259,18
261,31
261,265
262,186
263,23
263,90
266,121
266,142
268,39
268,163
268,171
269,213
271,56
271,231
272,45
272,112
273,182
275,190
275,274
279,25
286,154
287,55
288,79
288,88
288,229
289,65
289,149
289,168
289,254
290,34
290,174
291,223
294,189
294,233
296,200
297,279
299,85
