source,target
0,76
0,97
0,156
0,205
3,171
4,108
6,12
6,207
7,87
7,238
9,43
10,93
10,237
11,25
11,298
12,296
13,228
14,44
15,158
15,209
17,293
18,58
18,216
18,283
19,3
21,126
21,187
23,14
23,189
24,47
24,266
25,27
30,121
31,26
31,60
31,191
31,280
33,130
34,18
34,201
34,250
35,179
36,128
37,159
37,161
39,125
40,28
40,185
40,299
42,19
44,99
44,157
45,152
46,92
46,200
47,98
48,223
48,281
49,217
51,196
52,124
52,155
53,103
55,217
55,269
57,136
57,139
58,178
59,231
60,203
63,39
63,154
64,94
65,294
65,295
66,56
66,74
66,115
66,119
66,286
67,5
67,150
68,172
69,112
73,65
75,60
75,234
75,278
76,32
76,62
77,128
77,159
78,262
79,85
79,145
79,184
79,288
80,242
80,247
81,95
82,50
82,127
82,182
83,233
83,297
90,10
90,121
91,80
93,290
94,106
94,180
95,213
95,220
96,7
99,88
99,148
102,197
104,45
105,107
105,257
105,285
106,48
110,9
115,22
115,90
115,96
117,202
117,239
117,277
118,132
119,198
122,72
122,141
123,258
124,1
124,107
124,192
126,143
129,101
129,230
129,277
130,76
133,41
135,64
135,213
136,296
139,79
140,112
141,253
141,276
142,28
144,20
146,176
147,15
148,89
148,173
149,188
150,2
152,255
153,6
154,100
154,136
154,264
154,272
157,116
158,195
158,235
159,133
161,108
161,261
161,291
163,246
164,21
166,81
166,114
166,177
167,143
167,284
168,289
169,33
172,84
172,118
172,241
173,40
174,201
175,69
175,103
176,248
177,211
178,91
179,13
180,170
181,82
183,134
183,149
185,120
186,24
186,268
186,274
188,2
188,16
188,138
188,208
188,214
190,202
190,275
192,109
192,123
192,175
193,97
193,113
194,265
196,166
199,282
204,260
205,66
205,109
205,249
206,86
207,61
210,264
213,127
213,259
214,54
214,204
214,245
215,160
216,71
218,251
219,258
224,27
225,218
226,177
228,206
229,144
229,243
230,22
230,131
231,78
231,151
235,0
235,176
236,293
237,212
237,232
240,229
241,52
242,63
243,183
245,48
245,160
245,167
246,221
246,254
247,111
247,165
247,191
251,292
252,123
253,207
254,8
254,138
255,17
255,110
255,168
256,50
261,222
262,175
262,227
263,75
265,51
266,223
267,151
269,70
269,153
270,283
271,67
271,197
272,38
273,47
278,137
279,5
282,68
283,3
283,46
284,57
286,244
287,46
288,185
289,37
290,34
291,119
292,193
294,206
294,286
297,29
297,199
298,147
298,162
