source,target
0,138
0,298
4,108
5,234
5,278
6,48
6,131
7,81
7,155
8,276
12,209
12,264
13,41
14,101
14,109
14,155
15,156
15,231
16,132
18,245
19,42
21,282
23,37
24,283
25,70
25,95
26,261
27,134
27,139
28,8
29,53
29,297
30,44
30,166
31,157
31,203
32,76
33,18
33,130
34,169
35,120
35,209
36,69
38,207
40,143
42,225
43,178
44,38
44,64
46,43
46,200
48,99
48,204
49,130
50,256
51,248
52,147
52,235
52,251
54,111
56,96
57,111
57,196
62,254
66,14
67,166
70,59
70,175
71,183
72,33
75,164
76,265
78,170
78,262
79,41
80,56
80,144
82,51
84,83
84,161
85,252
85,258
85,277
87,75
90,197
91,259
93,148
94,26
94,54
95,135
96,82
96,184
97,4
97,241
98,102
99,193
99,206
102,10
102,11
102,243
103,285
105,150
106,91
107,219
107,232
108,79
108,136
108,211
109,249
110,1
110,90
111,88
114,147
116,5
116,281
119,241
122,72
122,129
123,63
123,107
124,134
124,149
126,29
127,240
128,95
128,274
129,86
130,250
131,65
132,54
134,53
137,74
140,247
141,61
141,110
141,153
141,198
141,230
142,208
145,181
145,256
149,123
150,188
151,76
152,205
154,103
154,127
154,185
154,278
157,171
158,61
158,108
158,225
159,286
161,126
161,268
162,212
164,158
165,213
165,230
167,292
169,270
169,290
171,201
171,291
172,68
172,84
172,121
174,163
175,71
175,137
176,295
179,263
183,267
186,58
186,283
187,153
188,66
190,177
190,221
191,97
194,181
195,2
195,9
195,293
197,21
197,101
197,133
197,156
197,180
197,244
199,25
200,186
200,208
201,34
201,163
202,3
202,19
202,182
203,125
205,114
205,233
206,87
206,100
206,127
206,146
206,277
207,94
207,280
210,240
211,227
211,279
212,36
214,0
214,52
214,143
215,159
216,113
216,131
217,47
219,255
220,246
221,58
222,216
223,116
223,229
225,112
225,287
226,24
226,275
232,45
235,73
236,195
237,39
237,194
238,160
239,199
239,228
239,238
240,117
240,186
241,77
241,89
242,69
242,145
243,16
244,60
244,242
245,92
245,154
247,12
247,165
251,80
253,211
254,237
259,203
260,10
261,31
261,55
262,152
263,65
264,189
264,218
266,67
267,22
267,192
267,272
269,47
271,190
272,82
272,269
272,296
273,284
276,172
276,173
277,17
277,151
278,168
284,167
284,176
285,224
286,51
288,122
288,246
289,104
290,78
290,104
292,6
292,45
292,115
292,257
293,210
294,118
294,129
294,148
296,141
299,20
299,23
299,239
