source,target
1,57
1,78
2,237
4,33
5,67
5,231
5,262
7,5
8,142
9,6
10,62
10,149
11,7
12,14
12,17
12,272
13,125
16,22
19,18
20,292
21,169
25,101
26,15
26,191
26,230
27,153
27,173
27,264
29,155
31,286
35,94
42,116
43,178
47,264
49,36
50,246
53,130
54,23
54,51
54,154
55,202
57,196
57,288
58,104
58,186
58,281
59,201
59,245
60,204
60,244
61,46
61,115
64,108
64,135
65,82
66,48
66,71
67,114
67,266
69,36
69,72
70,231
70,241
76,58
79,111
79,126
80,66
80,206
80,298
82,188
82,253
84,34
84,73
85,76
86,52
86,296
87,37
91,122
93,10
95,297
96,21
96,299
97,72
98,131
98,228
101,151
102,134
104,257
106,84
108,248
109,8
112,144
112,183
112,294
113,37
115,222
116,21
116,41
117,92
118,28
119,53
119,198
120,205
122,157
122,200
122,274
123,98
124,59
124,75
124,87
124,139
124,217
125,100
125,295
126,63
126,180
126,214
127,38
127,88
127,129
128,95
129,120
131,140
131,238
133,13
133,237
134,53
136,232
137,26
138,0
142,208
144,239
145,265
147,216
148,137
149,99
149,133
151,1
151,35
152,45
152,143
152,180
153,123
153,141
153,221
154,90
154,168
154,176
154,251
155,107
156,113
158,11
158,97
158,235
158,285
159,289
160,241
166,30
166,64
166,81
166,182
168,60
168,92
168,192
168,199
168,299
170,254
171,24
171,163
171,275
174,160
175,176
177,106
178,32
178,242
178,282
180,89
180,103
180,132
180,164
180,208
181,105
183,172
184,96
185,40
185,218
186,3
190,45
192,193
195,9
196,166
197,39
197,85
197,222
198,277
198,293
201,110
204,156
205,227
206,31
207,167
210,0
210,68
210,209
210,229
210,234
213,243
213,246
213,249
214,16
214,124
214,210
217,29
218,44
218,136
221,215
223,112
225,229
226,43
227,78
230,20
231,207
232,59
233,275
233,291
234,292
236,119
237,187
237,263
238,223
240,12
241,73
241,161
242,27
242,268
243,159
244,56
244,121
246,220
247,16
248,150
248,271
250,249
252,50
252,55
253,240
253,259
253,267
254,181
254,276
255,251
256,252
257,74
257,162
257,185
258,97
258,211
260,19
260,212
261,54
264,66
265,194
266,18
266,210
267,179
269,189
269,213
270,4
270,49
271,190
272,6
272,217
273,182
274,284
276,80
277,145
277,165
277,197
277,224
278,183
279,25
279,86
279,297
280,145
280,216
283,77
283,260
284,128
287,170
289,79
290,93
291,186
292,118
294,203
294,261
295,226
296,146
297,83
297,219
