source,target
3,270
4,205
5,13
5,231
8,155
10,212
11,149
12,36
13,282
14,40
14,65
15,98
15,156
16,75
18,275
19,225
20,12
21,81
21,202
25,141
25,269
26,48
26,129
27,269
28,21
29,108
30,187
31,172
31,183
32,24
32,58
33,22
33,72
34,210
35,196
37,11
37,22
37,141
38,162
41,59
41,133
42,169
45,143
46,56
56,15
56,271
57,45
58,224
58,225
59,207
60,152
60,258
61,115
61,248
62,147
62,200
63,31
66,137
67,265
68,135
69,298
71,123
73,136
75,111
79,87
79,243
79,273
80,167
82,182
84,198
86,296
87,126
87,244
88,73
90,10
91,19
91,177
92,184
93,46
94,264
95,135
95,253
96,147
96,160
96,180
96,280
97,261
97,296
101,70
102,107
102,279
103,53
105,120
105,181
107,4
110,146
111,79
111,214
111,217
113,251
114,67
114,185
116,288
117,44
117,239
119,85
119,137
119,197
121,185
122,194
123,194
123,299
124,276
125,76
127,82
128,23
128,63
128,77
128,100
131,65
131,230
132,234
134,6
134,64
134,99
134,277
135,259
136,9
136,52
136,257
138,0
138,41
138,94
139,216
140,121
140,164
141,122
141,237
142,60
143,62
144,112
144,142
144,229
144,266
145,0
149,14
149,236
150,38
150,101
151,140
154,35
154,214
155,148
155,241
156,51
156,247
157,61
157,76
158,267
158,294
161,203
162,83
162,149
163,8
165,92
167,150
167,238
167,292
169,34
171,246
172,106
172,291
173,88
174,290
175,71
175,168
178,42
182,130
184,96
185,43
185,186
186,13
187,201
188,138
190,68
190,297
191,52
192,87
193,211
195,74
195,170
197,188
201,163
202,30
203,110
203,144
207,103
208,209
212,39
212,254
213,18
213,166
214,53
214,113
214,210
214,267
216,182
217,118
217,165
217,240
218,159
218,177
219,114
219,206
221,190
222,79
222,204
222,211
223,250
224,27
226,246
227,57
227,176
227,233
227,250
228,260
232,272
235,115
237,7
239,227
239,262
240,171
240,198
241,55
241,179
241,289
242,80
247,37
247,47
247,258
248,16
249,84
250,256
252,256
253,14
253,129
254,2
254,119
255,219
257,122
260,174
263,152
265,274
267,199
267,215
268,148
269,153
269,285
270,28
270,49
270,283
272,12
272,104
272,154
274,223
274,284
275,171
276,97
276,173
277,17
277,50
277,95
278,54
278,109
279,29
279,159
280,209
280,242
281,116
286,251
287,261
288,220
288,240
289,157
290,78
290,220
291,189
291,294
293,236
294,245
295,1
295,120
295,193
295,234
297,89
298,82
298,97
298,109
298,195
