source,target
1,196
2,35
6,48
6,120
6,138
8,163
9,135
10,213
11,90
14,156
15,98
16,67
17,130
18,226
19,3
19,42
19,58
19,275
23,37
23,63
23,94
23,111
25,44
25,103
27,45
27,242
28,146
29,53
30,202
31,21
31,253
32,178
33,240
34,4
34,227
35,53
35,298
37,242
38,289
39,85
39,272
42,174
43,19
44,70
45,190
46,287
47,157
49,208
50,262
53,88
53,163
54,218
58,84
58,266
58,281
59,197
60,73
62,10
62,49
62,147
63,277
64,30
65,168
65,173
66,56
67,77
68,201
69,231
69,268
69,293
71,124
75,263
76,77
78,170
80,12
80,72
80,255
80,257
80,286
82,5
83,288
86,214
87,162
91,161
92,245
93,116
93,201
94,252
95,135
95,219
96,8
97,193
97,220
97,243
98,152
99,38
100,258
106,46
107,108
107,132
109,85
109,101
109,205
110,113
110,203
116,229
117,246
117,251
118,241
119,198
120,260
121,244
123,104
123,247
125,87
125,248
126,99
127,60
127,71
127,82
127,185
128,142
128,219
128,239
129,102
129,296
130,96
131,167
133,22
133,52
133,110
134,79
137,148
137,224
138,238
138,254
140,123
141,25
141,89
143,90
143,126
143,231
145,61
145,80
146,144
146,216
146,295
147,128
148,294
150,181
150,228
152,164
155,75
155,124
158,249
159,92
162,36
162,49
165,149
165,269
165,280
166,151
167,55
167,117
167,134
167,176
167,189
168,183
169,33
171,172
175,176
175,193
176,74
177,282
178,42
178,81
178,244
179,191
180,234
181,51
181,152
184,97
186,13
186,24
188,7
188,277
190,271
191,95
191,122
191,136
192,216
194,1
194,70
197,184
199,26
199,160
199,297
200,61
202,270
203,233
204,195
204,264
205,57
205,114
205,204
206,133
206,289
207,125
210,0
210,195
210,198
211,199
211,236
214,154
214,180
214,230
215,159
216,41
216,139
217,0
218,40
219,91
221,18
225,43
226,274
227,29
229,210
230,51
230,131
231,153
232,39
233,170
233,200
233,291
235,20
235,66
235,278
237,212
237,234
241,1
241,109
242,182
242,299
245,13
245,86
245,108
245,223
250,84
251,54
251,145
254,62
254,156
256,82
258,101
259,221
261,137
261,222
262,182
263,6
264,47
264,129
264,253
264,261
265,206
266,93
266,282
266,288
266,290
267,235
270,259
270,283
272,209
273,169
273,248
274,106
274,187
275,171
276,272
277,105
277,115
279,5
280,23
280,112
280,128
280,168
284,102
285,269
286,155
287,118
289,67
289,158
292,22
292,151
295,65
296,165
296,247
298,66
298,143
299,160
