source,target
0,21
0,80
3,188
5,187
7,3
7,136
8,81
8,113
8,131
8,185
10,106
10,167
10,196
11,190
12,172
13,5
14,1
14,66
14,128
14,198
15,4
16,75
16,135
17,70
19,84
20,16
20,170
22,160
24,33
24,153
25,62
25,91
25,145
26,27
28,177
29,99
30,48
31,63
31,126
32,101
34,161
36,153
38,194
39,56
39,129
42,26
42,156
46,6
46,29
46,77
46,102
46,107
46,148
47,58
47,138
47,163
48,24
48,78
50,144
52,132
53,9
53,146
53,154
54,129
55,23
55,63
55,185
57,158
61,64
63,35
65,92
65,133
67,117
68,104
69,24
70,38
71,23
71,39
72,90
73,46
74,45
74,130
74,171
74,176
75,51
75,79
80,183
81,95
82,118
82,178
82,186
83,55
84,103
84,111
85,134
86,21
87,143
88,126
90,173
91,60
91,67
94,93
94,172
100,109
101,154
101,187
104,119
104,150
106,100
107,179
107,182
108,59
109,139
109,197
112,44
114,76
114,192
115,87
115,97
115,98
115,157
116,40
116,96
119,152
120,42
122,22
122,176
123,51
124,83
124,155
127,167
128,7
128,18
128,41
128,164
130,147
131,159
132,26
132,28
132,112
132,169
134,110
134,130
137,2
139,2
139,14
139,34
140,28
140,162
142,175
143,165
144,15
144,189
146,68
146,78
146,105
148,47
148,79
148,125
148,158
148,169
149,25
149,37
149,76
149,81
151,43
155,49
156,199
157,17
157,121
162,111
162,149
164,140
164,152
166,40
166,195
168,20
168,61
171,102
173,85
174,33
175,15
175,180
178,141
178,143
180,12
180,89
181,49
182,59
183,82
184,180
189,53
190,191
191,27
191,151
193,181
194,73
194,92
195,61
