source,target
0,38
0,134
2,43
2,75
2,172
4,60
4,117
5,11
5,24
5,72
5,104
6,192
7,3
7,164
11,63
14,172
15,14
15,138
16,141
16,173
18,1
18,94
18,106
20,170
21,127
22,50
22,135
22,144
23,7
23,153
24,41
24,53
26,42
27,101
28,59
28,89
28,155
29,31
29,86
30,3
30,25
31,187
32,51
34,5
34,68
35,48
36,95
37,118
38,142
38,191
39,125
39,195
42,11
46,6
46,57
46,95
47,45
47,105
47,123
48,24
50,160
52,22
54,29
54,56
54,129
54,181
55,113
55,137
57,56
58,36
58,123
59,148
61,190
62,70
64,55
67,98
67,140
69,30
70,166
71,103
73,62
74,35
76,37
78,50
79,12
82,92
82,119
82,167
83,16
84,41
84,111
90,19
90,27
90,177
93,191
94,54
95,170
96,106
96,159
97,37
97,49
97,96
98,115
100,2
100,8
100,40
100,180
101,51
101,70
101,122
101,154
102,108
102,132
103,33
103,156
104,83
104,150
105,9
106,44
106,153
109,92
110,188
111,165
112,182
113,90
114,26
114,108
115,10
115,152
115,157
116,105
120,146
123,199
124,80
124,176
124,183
127,38
127,52
131,73
131,184
131,198
132,65
132,81
132,182
133,4
135,162
136,126
137,2
138,66
139,126
139,130
143,39
143,158
145,175
146,17
146,114
147,196
148,169
149,10
153,121
153,128
154,82
155,141
155,151
156,148
157,145
157,171
157,184
161,34
162,64
163,18
163,79
163,85
163,88
163,107
164,91
168,65
169,77
169,87
173,194
176,117
176,137
178,118
179,151
184,186
185,116
186,99
187,67
188,168
188,197
189,100
190,13
190,97
190,174
193,181
194,130
194,131
195,150
196,0
