source,target
2,195
4,166
7,96
8,0
8,91
9,172
10,191
14,99
16,126
17,32
18,45
18,84
18,101
20,127
22,160
24,103
25,137
25,162
25,166
26,149
26,197
31,9
31,182
35,33
35,55
36,64
39,2
40,147
40,179
41,78
45,151
46,14
47,54
49,70
49,130
50,183
51,26
51,123
52,104
54,61
54,94
55,170
56,47
57,196
58,37
59,46
59,104
60,2
60,67
60,102
61,64
61,89
62,142
65,21
66,56
66,128
66,149
67,11
69,17
70,25
70,100
70,164
71,122
72,39
72,177
73,53
74,62
74,190
75,44
75,76
75,112
75,158
78,65
79,12
79,138
80,171
82,113
83,10
84,194
85,19
85,161
86,22
86,141
87,170
89,120
92,24
93,179
97,129
98,24
98,68
99,18
99,86
101,38
102,57
102,77
102,81
104,7
105,20
105,63
105,146
106,157
108,50
108,90
108,153
110,188
112,30
112,156
114,76
114,111
115,152
117,43
117,92
118,58
118,79
118,186
119,31
120,71
121,94
122,119
125,15
126,29
126,74
127,53
127,66
132,128
133,106
134,72
136,3
137,163
139,88
139,180
140,60
140,109
140,174
141,82
141,178
142,6
142,8
142,65
142,97
142,105
143,139
144,59
144,125
147,136
149,48
150,140
152,1
152,79
152,193
153,55
153,85
153,114
153,168
154,114
156,42
157,83
157,163
157,175
159,3
159,144
166,145
167,52
167,95
168,198
169,41
170,185
173,90
174,5
174,165
176,34
176,51
179,107
180,133
181,49
182,102
182,159
184,109
184,116
188,131
188,190
189,129
190,23
190,68
190,187
191,13
191,29
191,124
191,155
192,27
193,132
194,27
194,28
194,69
194,135
196,148
196,171
198,16
199,186
