source,target
0,168
2,140
3,33
3,146
5,151
7,152
8,178
8,199
9,126
10,24
10,112
10,164
12,5
12,65
15,120
16,17
16,127
18,37
18,83
18,178
19,69
21,11
21,166
22,191
24,2
24,150
26,176
27,114
28,137
29,167
30,4
30,84
30,96
30,101
30,163
30,171
31,67
32,4
34,33
34,58
34,128
35,41
36,85
37,149
38,7
38,129
40,15
40,16
40,100
40,110
40,189
42,156
43,36
43,79
44,112
46,136
48,150
50,81
51,49
52,196
53,187
55,48
55,98
56,55
56,161
56,188
57,72
57,125
58,172
59,63
59,158
59,159
59,182
60,92
60,100
60,115
64,52
67,71
67,113
68,181
69,6
69,13
72,59
72,173
73,30
74,70
75,159
76,44
78,0
80,86
81,26
88,78
89,28
90,77
90,89
91,17
92,144
94,172
97,86
97,88
99,41
99,179
100,1
102,62
102,103
104,152
109,53
110,23
110,122
111,95
111,121
111,145
112,143
113,61
113,87
113,92
114,21
115,186
116,54
116,105
117,19
117,76
121,99
122,108
122,183
124,18
126,8
128,14
128,73
128,118
131,194
133,65
133,168
134,72
134,198
135,94
135,107
137,51
137,176
139,165
139,180
140,34
140,49
140,162
143,174
148,106
148,169
149,66
149,153
150,7
151,87
151,119
151,156
151,195
153,82
153,117
155,14
157,83
157,175
159,138
160,74
160,123
161,39
162,25
164,142
165,97
166,74
166,111
167,90
168,68
169,20
169,45
169,53
169,62
169,124
169,132
170,39
176,141
177,16
179,40
179,147
183,10
183,105
184,116
184,130
185,50
190,35
190,79
191,118
191,154
192,43
193,12
194,75
196,46
196,93
196,148
197,19
198,31
198,47
