source,target
0,31
1,123
4,53
4,132
5,30
8,3
8,121
9,48
10,14
10,60
10,158
10,160
11,21
15,105
15,138
16,12
16,104
16,135
16,173
17,100
19,141
20,1
20,38
22,86
23,91
24,85
28,47
29,113
30,51
30,65
30,115
30,176
30,198
30,199
31,188
32,51
32,101
33,77
34,94
34,95
35,16
35,45
35,75
35,86
35,190
35,196
36,147
37,44
37,109
38,27
38,129
39,159
40,122
41,18
41,40
41,164
44,36
46,130
46,139
46,148
47,108
48,93
48,112
49,152
50,8
53,161
55,4
55,13
55,24
55,64
57,130
58,117
60,67
60,71
60,84
64,162
66,87
66,107
66,132
68,154
69,106
69,169
70,23
72,173
73,136
73,176
74,7
74,191
78,98
79,46
80,10
80,21
80,99
80,110
82,153
83,54
84,177
85,134
87,108
88,0
92,63
94,142
95,44
95,89
95,118
97,105
98,62
98,146
98,184
98,197
102,77
102,103
103,61
103,120
104,122
104,155
104,193
106,133
107,165
111,95
112,25
112,42
112,187
113,55
116,149
116,181
117,15
117,43
117,81
119,2
119,92
119,140
120,34
122,128
124,119
125,49
127,26
128,52
129,74
129,180
131,194
131,198
132,6
137,168
139,35
139,59
139,170
141,56
141,178
142,91
142,93
142,153
143,121
143,182
144,151
145,6
149,114
149,163
151,58
151,179
152,189
156,39
157,118
159,125
163,83
163,127
163,137
164,175
165,50
165,126
166,62
166,127
166,128
166,195
167,102
169,58
169,131
171,145
172,183
174,45
177,33
178,17
178,90
179,96
180,17
180,167
183,24
185,68
185,124
186,160
187,29
188,156
189,166
192,63
192,117
193,50
193,69
193,150
194,76
