source,target
0,155
1,3
2,178
2,183
3,18
3,33
4,41
6,100
6,129
8,139
8,163
9,93
9,170
11,46
12,32
12,137
18,9
18,24
18,157
22,0
22,14
22,84
22,127
23,34
23,177
24,38
26,57
27,144
28,37
28,64
30,102
30,114
33,188
34,103
34,166
35,81
36,69
36,195
39,165
40,96
40,109
40,112
41,88
43,72
44,20
44,74
44,168
47,73
47,131
48,119
50,38
50,63
51,110
52,197
53,86
54,120
56,61
56,122
57,118
58,184
59,89
62,193
63,116
64,143
65,173
66,75
67,55
68,21
69,23
71,99
72,25
72,110
72,148
74,100
74,173
75,91
77,54
77,115
78,199
79,22
80,152
81,181
81,195
82,9
85,104
85,162
89,145
92,98
92,196
93,60
94,72
97,11
100,31
100,171
101,142
106,91
107,21
108,17
108,45
108,48
111,92
111,160
112,134
112,182
114,80
114,107
114,164
117,5
117,109
118,106
118,123
118,132
119,1
120,73
121,80
122,97
125,53
126,90
127,24
127,126
127,169
129,107
131,58
131,79
133,182
134,47
134,179
135,113
137,130
137,199
138,151
138,175
140,29
140,30
141,161
141,194
142,67
142,77
143,10
143,42
143,125
143,161
144,7
144,85
144,124
144,150
145,76
149,8
149,13
151,41
153,19
153,56
154,15
154,83
154,167
155,105
156,189
157,140
158,27
158,128
160,8
160,99
160,108
161,94
162,44
162,87
164,95
164,141
164,190
165,198
166,28
166,70
166,137
168,49
172,0
173,118
175,180
176,181
178,76
178,84
178,147
180,16
180,104
180,154
185,33
185,113
186,135
186,174
187,6
187,136
187,159
189,68
191,187
192,115
193,138
194,146
197,171
198,46
198,111
