source,target
2,120
5,123
6,138
7,140
8,113
8,139
9,43
9,153
10,134
10,181
10,187
13,148
14,174
15,25
16,5
18,3
18,95
19,122
21,13
21,161
22,125
22,195
24,38
24,55
24,65
26,49
26,165
29,167
31,178
33,96
33,185
35,10
35,46
35,86
35,123
36,18
37,105
41,66
41,133
42,45
43,145
44,19
45,57
46,169
46,193
46,197
47,194
48,169
49,51
51,81
52,30
54,52
54,102
54,199
56,61
60,157
63,190
64,152
65,146
69,23
69,149
69,177
71,99
72,151
74,199
75,41
76,61
77,87
80,62
80,121
82,115
82,147
84,82
85,118
85,143
86,0
86,70
88,69
88,138
91,144
92,63
93,117
95,88
96,166
97,71
97,111
98,92
99,108
101,181
102,128
103,34
103,182
105,188
106,78
106,116
107,46
107,63
109,164
113,89
113,109
114,10
114,53
114,94
114,130
115,192
116,27
116,175
118,1
118,26
119,39
120,25
120,54
120,124
121,142
123,168
125,38
125,180
128,42
129,6
130,100
130,154
131,171
132,4
134,73
135,179
136,190
138,112
140,35
141,81
142,67
142,150
144,21
144,75
144,137
150,79
150,90
150,198
151,23
151,104
152,80
153,19
153,56
154,57
155,30
155,68
156,159
157,155
159,16
160,22
160,132
161,7
162,64
162,117
164,15
166,83
167,11
167,45
167,99
167,119
167,127
170,172
171,184
172,124
172,196
173,20
173,74
174,186
175,44
175,50
176,59
176,163
177,85
177,115
178,76
178,107
179,96
180,47
181,17
183,12
183,32
183,126
183,162
183,182
185,28
185,77
187,163
188,68
189,156
189,186
191,77
191,110
191,187
194,40
194,114
194,158
194,184
195,58
198,48
198,51
