source,target
0,106
0,144
0,190
1,158
2,29
2,152
2,183
4,99
5,23
5,130
6,175
8,132
8,139
8,186
10,86
10,143
11,48
12,4
13,42
13,107
15,129
15,169
16,35
18,1
18,45
18,57
18,128
18,131
18,156
19,153
19,189
21,111
23,63
23,117
24,47
24,116
24,160
26,94
27,141
28,3
28,80
30,104
32,12
33,185
37,105
40,110
40,112
45,149
46,137
46,148
47,36
47,85
49,119
50,35
50,168
51,36
52,140
53,6
54,133
55,67
56,61
56,176
57,102
57,195
57,199
58,43
58,103
58,172
59,176
60,136
62,34
62,39
62,151
64,195
66,50
66,97
68,155
69,46
72,58
72,70
73,14
74,20
76,61
78,106
81,197
82,13
82,55
82,115
83,21
83,166
86,125
86,161
87,98
88,10
89,82
89,109
90,16
91,18
91,22
91,124
92,16
92,127
93,9
93,81
94,187
95,130
95,196
99,28
101,142
104,51
104,65
105,150
106,15
106,123
107,103
110,182
114,80
115,77
115,185
115,192
116,181
117,162
118,24
118,98
119,26
119,167
120,31
120,126
121,93
121,142
122,188
128,92
129,27
130,41
131,5
132,75
132,95
134,47
134,60
135,122
137,54
138,92
138,113
143,126
144,48
144,57
145,153
146,70
147,44
148,49
150,138
151,128
154,180
155,177
157,8
160,28
160,38
160,69
160,73
160,108
160,162
161,6
161,110
161,165
161,167
163,29
163,193
164,102
164,177
166,96
168,44
170,77
171,72
172,91
173,20
173,112
174,159
178,25
178,76
178,88
179,87
180,168
181,17
184,60
184,84
187,19
187,198
188,90
191,40
193,7
193,79
193,118
194,0
194,140
195,159
197,83
197,100
197,171
198,71
