source,target
1,39
2,23
3,33
5,98
6,138
6,165
7,74
7,102
8,0
8,136
8,139
9,43
9,45
9,170
10,137
10,187
14,50
16,78
16,186
18,37
18,42
18,94
21,109
21,134
22,73
22,178
23,53
23,151
24,160
25,120
27,75
28,111
30,102
30,152
30,195
32,12
33,40
33,188
34,73
35,16
35,128
36,49
36,90
38,47
41,4
41,88
41,138
44,51
45,125
46,11
46,112
47,114
50,30
50,92
51,86
51,161
55,24
56,113
57,68
57,162
57,171
57,199
58,118
59,89
60,136
60,157
62,87
63,85
63,190
64,172
64,183
67,55
68,153
69,169
70,74
71,176
72,15
72,31
72,121
74,20
75,106
75,196
76,61
78,12
81,129
82,145
82,147
83,119
84,193
85,48
85,123
88,182
89,82
92,135
92,158
93,60
94,119
94,131
95,103
95,132
95,140
97,155
99,71
99,98
100,6
100,62
100,104
100,197
105,37
106,124
107,149
107,159
107,180
109,78
110,57
110,144
113,135
114,39
114,40
114,104
114,111
114,130
116,91
116,171
121,142
121,163
122,56
123,110
123,179
127,18
128,72
129,107
131,53
131,65
131,162
133,187
137,75
140,174
140,177
141,14
142,166
143,64
144,46
148,88
150,44
151,117
153,145
153,191
154,1
155,54
155,84
156,38
157,26
159,7
160,36
161,35
162,146
163,29
163,80
163,141
164,190
167,66
168,13
168,81
169,132
171,52
173,99
174,16
175,137
178,76
178,83
179,96
180,108
181,10
181,17
181,101
183,2
184,125
184,156
185,115
185,148
187,19
187,167
189,99
189,185
190,77
191,157
191,189
192,115
193,49
193,79
193,154
194,146
195,10
195,118
195,120
195,126
195,184
198,150
