source,target
0,69
4,87
4,176
5,10
6,81
8,16
9,153
12,4
13,0
13,131
13,169
16,199
18,194
19,44
21,124
22,178
23,81
23,160
24,138
24,140
25,62
25,144
26,129
27,79
28,108
30,102
31,103
31,112
32,12
33,188
37,185
38,125
38,147
40,180
42,35
42,184
44,168
45,10
45,149
46,163
48,41
48,72
48,80
48,182
50,58
51,35
53,23
54,52
54,123
54,133
55,73
56,18
57,127
57,164
58,118
61,76
63,132
63,191
64,6
65,146
66,102
66,117
67,142
70,86
70,114
70,189
72,78
73,94
74,20
74,70
74,173
77,189
80,172
82,145
83,90
83,141
84,82
84,131
84,183
86,27
86,155
88,45
88,143
89,59
90,188
91,106
91,128
92,42
93,149
94,49
94,187
95,196
96,48
97,30
97,60
97,71
98,141
100,130
102,158
105,198
106,83
106,162
106,175
107,132
107,187
109,40
112,36
112,151
114,75
114,92
115,82
115,192
116,88
116,181
117,91
119,195
120,2
120,15
120,31
121,72
122,7
122,135
123,174
124,13
125,1
125,105
129,50
132,104
132,111
134,21
135,16
136,60
137,11
137,177
138,110
139,8
140,165
140,170
141,46
142,101
143,36
143,46
143,126
144,137
145,43
145,76
148,84
150,142
150,166
152,64
153,145
156,109
157,19
159,54
159,69
159,98
159,107
160,134
161,99
161,158
164,65
164,75
164,108
165,26
165,39
165,154
166,34
166,96
166,185
167,11
167,29
168,116
170,57
171,52
171,180
172,100
176,56
176,59
177,54
178,8
178,157
179,87
181,17
182,159
184,107
185,3
185,113
187,47
189,68
189,186
190,22
193,197
194,47
195,126
196,120
197,86
198,14
198,51
198,85
