source,target
1,21
1,112
1,169
2,120
3,150
7,64
7,180
8,136
8,139
8,183
8,194
10,38
10,165
13,98
15,126
15,152
16,186
16,199
18,132
19,42
21,106
23,177
24,65
26,82
26,143
28,30
29,127
30,54
32,12
33,4
33,18
33,67
33,188
34,82
35,171
37,185
38,14
38,147
41,91
42,35
43,72
44,20
45,9
45,162
46,130
49,53
49,163
50,63
50,66
50,171
51,148
51,195
52,0
54,133
56,153
58,50
59,89
60,157
63,51
64,100
68,138
69,45
70,15
74,20
75,25
75,27
76,61
76,176
77,189
78,186
79,22
79,175
81,176
82,55
82,89
82,115
83,169
84,168
85,123
86,75
87,62
87,159
92,88
92,178
93,149
94,26
95,38
95,94
97,122
97,157
98,24
98,99
98,137
100,58
101,181
102,7
104,30
104,81
104,130
105,84
106,24
106,36
106,184
106,198
107,110
110,148
110,187
111,144
114,46
114,131
115,192
116,26
117,5
118,40
118,125
118,193
119,167
120,12
121,93
122,113
122,135
123,102
124,40
124,141
125,57
125,85
125,86
125,94
126,83
127,111
127,149
128,72
128,190
129,27
133,109
134,60
134,90
135,33
135,179
138,41
138,75
138,161
144,6
144,13
146,49
150,81
150,162
151,197
153,9
153,145
155,52
155,117
156,109
157,191
158,128
158,194
159,57
159,154
160,11
160,47
160,103
161,140
163,170
165,39
165,80
165,142
166,96
166,151
167,92
167,164
168,44
168,48
168,95
170,77
170,174
173,74
176,71
177,193
178,47
178,69
178,73
180,108
181,17
181,116
182,133
183,32
183,97
185,68
188,70
189,96
194,0
195,79
195,119
195,172
196,114
198,31
198,118
198,189
199,54
