source,target
0,2
2,88
2,101
3,114
3,128
3,141
4,118
5,77
5,188
10,198
11,1
13,8
13,179
14,9
14,191
15,17
15,18
15,68
15,96
16,56
16,63
17,98
19,67
21,108
21,138
24,170
28,55
31,54
34,147
35,132
36,152
36,164
38,12
38,131
39,178
40,100
41,181
42,16
45,97
46,49
46,127
47,71
50,82
51,119
53,160
54,10
54,188
55,72
57,47
57,197
58,31
58,89
59,122
59,154
59,159
60,166
65,184
70,27
70,118
70,193
72,52
74,35
74,140
75,110
76,7
76,51
77,171
78,189
79,47
79,85
79,157
80,32
81,190
82,57
82,138
83,81
85,19
86,177
87,69
89,62
91,30
91,92
91,155
93,129
94,14
94,73
94,105
95,98
96,111
99,72
99,151
100,84
101,79
101,116
103,36
106,186
107,69
107,148
109,3
109,34
110,24
110,150
111,25
116,80
117,135
117,167
118,112
119,143
120,84
123,22
123,23
123,45
123,165
124,172
125,194
126,75
128,162
129,111
130,120
131,5
131,39
133,168
134,41
134,83
135,36
135,137
135,180
140,18
140,61
143,102
143,182
143,189
145,187
146,22
146,26
146,65
147,125
148,13
148,66
148,76
148,120
149,80
149,168
151,50
151,63
154,121
155,62
158,59
158,74
158,192
160,85
160,142
161,45
162,37
163,8
166,73
168,1
169,107
169,139
170,104
170,124
172,89
173,44
173,152
174,33
174,64
174,86
175,113
175,159
176,115
180,20
180,183
182,134
183,158
184,15
184,176
185,94
187,38
187,144
188,43
188,90
188,196
189,49
190,70
191,153
191,174
193,6
193,99
194,130
194,156
195,136
195,169
197,48
197,58
198,59
198,177
198,186
199,29
199,164
