source,target
2,111
3,185
4,10
8,176
11,188
13,82
14,15
14,120
16,42
17,3
18,77
20,35
21,97
21,143
22,174
23,44
24,40
24,110
25,59
25,130
26,109
26,193
27,15
27,25
27,85
28,76
30,95
31,57
32,155
34,121
34,189
39,29
39,199
43,87
43,153
46,170
47,88
49,101
50,90
50,197
52,48
53,20
54,124
54,128
56,54
56,131
58,89
59,192
60,103
60,111
60,169
61,64
61,156
63,7
63,132
63,148
66,30
67,2
69,0
69,42
69,79
69,87
70,84
70,166
71,47
71,130
72,174
79,167
79,182
80,32
81,180
81,198
82,72
82,104
83,61
83,173
84,145
85,151
86,140
87,51
87,82
92,72
93,94
94,107
96,152
98,65
99,163
100,26
102,129
102,144
102,147
103,112
105,114
105,171
107,50
107,146
108,119
108,152
109,44
110,12
110,127
114,106
115,68
115,73
115,117
117,5
118,180
119,58
119,71
119,194
120,28
120,31
120,56
120,98
122,19
123,191
125,190
126,36
126,75
127,14
127,191
128,5
128,102
130,49
130,113
132,59
133,90
135,6
137,11
138,124
140,75
141,51
142,18
143,45
147,70
149,88
150,144
152,74
154,4
154,30
154,46
154,60
155,93
156,17
157,55
157,181
158,8
158,37
158,91
158,160
159,33
159,80
160,105
161,123
162,114
163,136
163,154
164,10
165,45
165,67
167,53
167,140
167,157
168,39
169,9
169,108
171,6
171,175
171,187
172,98
174,19
175,183
175,197
177,118
178,9
178,62
179,13
179,41
179,78
181,100
183,1
183,57
185,139
185,179
186,18
186,109
188,48
188,116
188,138
189,104
189,125
189,184
193,25
195,149
196,38
196,165
197,134
198,24
199,27
