source,target
3,114
3,185
5,10
5,59
6,36
6,121
7,28
9,30
9,107
9,153
11,78
13,24
13,87
13,141
14,90
14,149
14,151
14,198
16,155
17,9
17,61
17,73
17,187
18,111
19,85
21,125
22,174
23,30
24,136
26,167
27,127
28,95
28,179
32,112
33,134
34,5
34,75
34,125
35,132
35,144
35,173
36,105
38,3
40,79
42,81
43,152
44,140
45,123
46,0
47,126
49,22
50,98
51,88
54,60
54,177
54,182
54,187
57,108
58,148
59,91
59,148
59,192
61,86
62,157
63,38
63,183
64,72
65,1
66,0
66,25
67,182
69,82
69,110
70,29
70,117
70,173
72,23
73,6
73,166
74,68
74,96
76,53
76,88
77,8
78,186
81,49
82,71
83,2
84,120
84,131
85,52
85,70
91,14
91,27
92,193
94,54
96,26
97,176
98,48
98,95
98,175
99,100
99,178
102,35
103,36
107,22
108,97
109,4
109,93
109,158
110,67
110,120
111,13
112,6
112,55
112,115
116,164
116,199
117,17
118,131
119,107
122,69
123,19
123,39
123,76
125,142
125,160
126,37
126,45
126,113
127,31
127,94
128,154
130,119
130,196
132,156
133,116
134,7
134,79
134,172
135,180
139,163
139,169
140,47
141,53
142,15
145,14
145,83
147,191
148,137
149,80
149,146
150,25
152,162
153,11
153,154
153,161
154,181
155,43
157,128
158,74
159,73
160,106
162,190
163,99
163,101
164,102
165,1
165,34
165,89
167,56
170,168
170,195
171,26
171,133
173,180
175,37
178,165
185,179
186,77
186,184
186,188
187,150
188,12
188,104
188,189
188,194
188,197
190,198
191,150
191,176
192,143
193,84
194,124
194,138
195,41
195,169
197,129
198,20
