source,target
0,87
0,108
1,69
3,34
5,59
5,144
7,169
8,198
10,35
11,88
11,96
11,100
13,153
15,147
17,147
17,171
18,48
18,198
19,29
21,138
21,161
22,124
26,4
26,12
26,186
27,177
28,61
28,92
30,66
31,32
31,95
35,18
35,199
36,53
36,103
36,160
37,42
37,109
38,26
38,91
38,184
39,199
40,64
40,153
40,191
42,115
43,1
44,79
45,27
46,67
46,175
48,58
49,141
50,107
50,131
50,166
50,188
53,76
54,3
54,105
54,188
56,22
56,111
59,83
59,148
60,84
61,65
61,145
62,112
63,77
63,114
65,121
66,25
67,57
67,90
67,174
67,182
68,160
69,72
70,109
70,135
71,65
72,21
73,14
75,33
78,40
79,47
79,52
79,85
79,178
81,18
81,24
82,134
82,181
83,197
84,70
84,193
85,129
86,36
86,54
89,19
89,195
90,9
90,167
91,93
92,14
92,170
93,155
94,55
95,98
98,133
98,148
99,80
101,58
102,50
104,51
104,116
105,175
106,30
106,85
108,126
110,82
110,90
112,89
112,118
113,196
115,66
116,102
116,163
118,169
118,171
120,57
123,46
124,180
125,144
125,184
125,190
126,45
127,94
128,10
128,162
130,119
130,123
136,16
137,78
140,96
140,106
140,172
142,159
144,176
144,191
145,56
145,74
147,187
148,99
148,146
149,146
150,38
150,81
151,20
151,168
152,122
152,150
154,23
154,26
155,189
156,166
158,36
159,128
161,91
163,97
164,130
165,34
173,125
174,33
175,168
177,114
177,140
179,127
180,37
180,94
182,28
182,143
183,6
183,158
184,117
188,132
192,139
192,154
194,0
195,2
195,41
195,136
195,157
195,172
195,185
196,49
196,110
197,111
