source,target
0,65
0,152
1,43
2,179
2,188
4,23
4,86
4,154
5,34
5,106
5,117
6,83
7,160
9,76
13,153
14,193
15,26
17,171
18,8
18,15
18,118
18,142
19,158
22,2
23,30
24,81
25,92
26,28
26,38
32,73
33,98
37,19
38,24
38,184
39,66
39,70
39,122
41,186
42,185
44,144
47,10
47,164
48,31
48,85
49,67
51,62
51,88
52,40
52,172
54,10
54,31
54,124
54,158
55,94
55,123
55,157
56,45
56,130
56,161
57,30
58,101
58,116
58,165
58,197
61,184
63,170
63,187
65,146
68,142
68,191
69,72
71,163
71,174
72,173
73,6
73,100
75,189
78,103
79,58
79,91
80,127
80,196
82,57
82,134
86,97
87,51
87,137
88,149
89,50
89,79
91,114
92,84
92,104
93,178
94,81
94,190
95,69
96,125
96,197
102,147
102,149
102,163
103,32
103,136
105,5
106,16
106,17
106,29
106,70
106,86
106,162
109,135
111,105
112,192
113,126
115,195
116,63
116,102
119,87
119,107
120,0
121,166
121,180
123,9
124,22
125,21
125,36
125,193
126,129
127,123
128,162
129,90
129,198
131,8
132,54
132,59
134,64
138,194
140,150
141,53
143,93
144,35
144,192
145,18
147,179
147,199
150,4
150,12
151,27
152,176
153,154
154,99
155,169
156,55
158,20
159,33
160,33
161,75
168,95
168,133
171,49
171,56
171,83
172,89
172,141
174,46
175,120
175,135
175,169
175,183
176,96
178,39
179,69
180,140
181,52
181,167
182,143
183,1
184,74
184,195
185,159
186,104
186,138
187,3
187,177
189,108
189,151
190,132
190,185
194,125
194,148
196,110
197,139
198,60
198,77
198,156
199,11
199,35
199,111
