source,target
0,152
0,181
1,149
1,165
2,0
2,127
2,149
3,70
3,198
4,23
4,81
4,91
5,128
7,122
8,160
8,190
10,172
11,46
11,197
12,24
12,44
15,16
17,198
18,94
19,99
20,53
20,102
21,124
21,126
21,161
21,163
21,185
22,174
26,96
26,171
27,60
29,4
30,9
30,11
30,106
32,155
33,54
33,61
35,91
37,42
37,77
38,84
38,115
38,178
39,110
39,170
41,20
43,51
43,87
45,167
46,40
46,52
48,186
49,71
50,145
52,65
55,94
56,8
56,125
56,148
56,186
58,31
58,101
59,25
59,99
59,135
60,150
63,187
63,188
64,61
65,1
67,76
67,191
68,62
69,89
70,131
70,166
71,30
71,78
71,120
71,130
72,67
73,100
73,142
74,158
76,88
77,5
78,103
81,118
82,168
83,134
83,194
84,114
85,27
85,130
86,177
87,189
90,26
90,28
92,107
93,108
97,116
98,5
98,90
100,129
102,50
102,57
102,66
102,72
104,124
104,170
104,179
107,59
108,82
109,38
111,180
112,32
114,58
114,70
116,58
116,164
116,199
117,32
118,169
121,166
123,188
125,68
125,109
125,191
126,36
126,75
128,157
130,113
130,136
130,139
130,196
132,13
137,39
137,151
138,194
144,117
144,122
146,22
147,3
147,140
152,119
152,162
152,183
152,192
153,43
156,100
158,131
159,33
161,95
162,97
164,143
167,181
168,69
168,133
169,175
171,6
171,172
172,141
174,19
174,21
175,16
175,73
175,80
175,104
176,184
179,12
179,41
180,10
180,47
181,89
181,134
182,29
182,79
183,173
184,36
186,14
187,54
187,132
187,144
187,193
189,55
189,73
189,154
193,34
193,56
193,105
197,195
198,177
199,111
