source,target
0,22
0,65
1,107
2,151
3,63
4,15
4,91
4,118
7,49
7,99
7,169
10,142
10,172
11,40
11,78
11,131
12,44
12,165
13,82
17,198
18,77
19,1
19,37
19,43
20,135
20,183
22,123
24,40
25,150
26,100
27,60
28,90
29,133
31,52
31,57
31,58
32,31
32,44
32,73
34,3
35,50
35,63
35,128
35,147
38,150
39,48
39,186
41,18
42,10
43,149
45,167
47,126
49,110
49,138
50,146
51,55
51,76
53,88
56,83
57,30
57,116
58,197
59,85
59,92
59,144
59,173
59,174
59,179
61,36
61,111
66,28
69,107
69,161
71,90
71,163
72,21
72,95
72,189
72,192
75,34
75,143
79,127
80,174
81,26
81,83
84,196
87,43
88,95
89,69
89,112
90,101
91,62
94,4
94,54
97,86
97,176
98,17
98,140
98,195
100,181
101,64
102,66
103,60
104,23
105,14
108,57
108,134
109,7
110,13
110,178
112,62
115,147
115,193
117,74
117,96
119,51
119,93
119,130
120,158
121,166
122,39
125,184
126,108
127,42
127,97
130,164
131,77
131,152
131,160
133,168
134,33
136,67
136,195
137,0
137,59
137,191
139,125
140,154
141,36
144,14
144,20
144,25
144,68
145,122
146,137
147,70
148,2
148,13
150,9
151,79
152,119
152,132
154,72
154,163
155,16
156,12
158,173
159,128
161,153
161,155
161,186
166,156
167,97
167,181
168,0
170,124
171,35
171,84
171,152
172,71
177,6
177,188
179,46
180,117
181,103
182,99
183,6
183,153
183,180
184,61
184,94
184,114
185,5
185,139
186,104
186,106
187,8
187,81
187,162
189,75
190,118
194,113
194,119
194,170
195,157
195,175
197,148
198,129
199,27
