source,target
0,2
0,104
0,194
2,16
2,149
3,17
3,54
3,128
4,60
4,106
4,118
4,154
6,172
8,180
10,142
10,144
10,190
11,25
11,158
14,107
15,184
16,155
19,1
19,31
20,151
20,164
23,93
24,14
26,84
26,171
28,7
28,153
29,182
30,29
32,44
32,103
33,54
35,42
35,177
37,162
38,59
39,66
40,24
41,134
42,112
42,185
42,189
43,51
43,87
44,50
46,26
46,75
46,127
48,188
49,82
49,136
51,40
52,48
53,141
54,198
57,196
58,89
59,173
61,121
61,160
62,69
63,132
63,170
64,101
65,41
65,52
67,72
68,61
70,96
70,109
70,115
76,28
79,82
79,182
80,19
81,184
83,145
83,187
84,159
85,27
85,78
85,130
85,192
86,18
88,127
89,0
89,50
90,130
90,133
91,68
92,104
93,62
93,121
94,74
95,98
96,156
97,45
99,123
99,193
100,15
100,38
100,175
102,19
107,120
111,15
115,166
116,58
116,102
116,188
118,5
120,57
120,71
120,98
120,110
120,124
122,119
125,22
125,100
126,49
127,97
128,35
128,114
130,108
131,147
135,17
136,191
137,59
137,135
137,183
138,139
139,190
140,152
140,176
146,22
147,117
148,8
148,66
148,116
150,4
150,105
152,63
152,73
152,91
152,192
153,161
155,23
155,161
155,168
156,198
157,195
158,140
160,36
160,37
160,53
160,147
161,9
162,3
162,6
162,144
163,71
164,18
164,47
164,143
165,34
165,99
166,197
169,186
171,70
171,101
171,167
174,21
174,33
174,72
178,79
178,119
178,186
179,12
179,13
179,94
181,75
187,56
189,34
189,55
189,126
190,74
190,145
191,150
193,77
194,113
195,115
196,164
196,165
198,129
199,53
