source,target
0,49
0,98
1,126
3,132
3,139
3,187
4,96
4,109
4,154
4,177
5,10
5,171
5,176
7,28
12,38
12,113
12,123
14,40
14,46
14,90
14,193
14,195
15,14
15,106
15,117
15,156
17,144
20,184
23,127
25,22
25,156
27,182
27,197
28,92
30,124
32,80
32,117
33,159
34,119
35,50
35,102
38,86
38,100
39,67
42,109
43,89
43,164
43,174
44,32
46,126
47,88
47,170
48,2
50,145
52,0
52,31
52,75
53,149
54,63
55,51
55,76
56,135
57,36
57,47
57,67
57,192
58,97
58,101
59,54
60,4
60,84
61,64
61,162
62,168
63,91
63,140
65,115
69,79
69,137
69,151
70,105
71,138
73,95
73,189
76,24
77,131
79,157
79,195
80,19
80,21
81,18
81,104
82,13
82,138
85,30
85,129
87,13
89,165
90,9
90,141
91,161
93,161
96,179
99,72
99,110
102,72
105,94
106,6
106,18
106,70
107,59
110,178
112,103
113,196
114,106
115,8
115,38
115,66
115,187
116,101
116,148
119,58
119,87
120,2
120,99
121,93
121,118
123,146
125,68
125,189
126,37
127,185
129,169
130,108
130,136
130,191
134,83
134,172
135,160
137,78
140,26
140,128
140,142
140,167
140,198
141,103
141,167
143,100
144,70
145,122
146,107
147,193
149,17
149,194
150,185
150,186
152,121
153,76
158,114
158,131
160,61
161,45
161,153
162,91
163,29
165,66
166,16
166,60
168,29
168,82
169,155
171,133
171,186
172,57
175,80
175,199
178,166
179,15
179,87
180,86
181,7
181,41
181,65
182,143
183,1
183,11
183,33
184,34
184,111
186,98
187,173
188,158
190,74
190,125
192,69
192,125
192,191
195,85
198,150
