source,target
0,66
0,179
0,194
3,81
4,11
4,48
5,18
5,54
5,176
8,77
9,30
9,184
10,42
11,183
13,141
14,73
15,9
17,40
17,171
17,198
19,158
20,164
21,75
21,119
22,137
22,195
23,93
24,133
25,22
25,111
26,71
28,104
29,43
29,177
30,29
31,98
31,176
32,65
32,152
35,42
35,70
35,185
37,123
38,12
38,86
39,198
40,143
41,50
41,165
42,69
43,1
44,62
46,146
47,126
49,136
51,13
51,43
51,123
52,39
53,76
53,78
53,145
55,7
55,49
55,189
56,2
56,117
57,92
57,102
59,107
59,173
60,4
60,103
61,64
62,108
62,114
63,38
67,101
68,66
71,67
72,19
72,40
72,154
73,95
74,59
75,155
76,88
77,131
79,157
79,182
81,187
82,138
82,181
83,56
84,100
84,180
85,192
86,36
86,97
86,174
87,69
89,87
89,112
89,168
90,175
92,91
93,121
93,129
99,110
99,151
99,188
100,156
101,90
102,163
104,116
106,61
106,140
109,143
110,24
113,52
115,94
115,150
116,130
116,199
117,147
118,81
120,85
120,105
120,148
120,189
123,46
126,21
126,124
127,107
128,72
128,114
130,120
131,34
131,106
132,162
140,3
140,86
142,61
142,159
144,25
145,8
149,146
150,160
152,74
153,26
154,186
155,161
157,128
158,20
158,179
159,33
160,57
160,162
164,196
165,45
165,58
166,187
167,97
168,161
169,186
170,182
172,79
173,37
173,125
173,183
175,16
175,80
177,35
177,122
178,27
179,41
180,6
180,56
180,175
180,193
181,0
181,95
182,27
185,3
185,135
185,144
188,102
188,197
190,169
191,10
192,51
193,115
195,172
196,84
197,31
197,134
197,139
198,96
198,129
