source,target
0,133
7,42
7,71
9,199
10,106
11,72
12,156
13,49
14,24
17,117
17,184
18,77
19,80
19,97
20,41
20,61
21,82
23,155
25,90
26,96
27,99
33,173
34,189
36,152
38,17
39,29
40,153
43,185
44,140
46,52
48,11
48,197
50,111
51,87
51,88
52,151
53,1
56,37
56,150
57,31
57,85
57,102
57,165
57,196
58,48
59,110
62,168
63,8
65,32
65,98
66,115
66,143
66,148
67,136
67,194
68,191
69,40
69,192
70,125
70,146
71,116
71,130
72,127
74,145
75,21
75,126
75,183
76,7
76,53
76,101
77,5
77,8
78,45
79,157
82,124
84,26
86,117
87,67
87,82
88,47
90,79
91,163
92,30
93,112
94,105
95,15
95,181
96,4
96,70
98,5
98,17
98,69
98,127
100,29
100,99
102,66
104,51
105,9
107,148
108,119
108,138
108,149
109,147
111,4
111,16
112,192
114,128
115,54
115,70
115,195
119,120
119,143
119,152
119,169
120,22
120,28
122,81
123,22
123,49
127,81
127,191
128,118
128,166
130,57
130,194
131,188
132,171
134,62
134,64
135,6
135,109
135,193
137,59
139,104
140,84
140,142
144,162
145,60
145,61
145,110
145,121
145,177
147,86
150,20
150,198
151,137
151,172
153,14
153,76
155,93
156,33
156,120
157,55
160,73
160,162
161,101
161,168
163,139
166,54
169,141
170,80
171,35
171,133
171,135
174,43
175,92
176,10
176,15
176,131
176,182
179,12
181,89
181,103
182,83
184,180
185,74
185,159
186,30
186,56
186,154
186,187
188,178
188,190
189,85
189,158
190,38
190,78
190,105
190,144
191,19
191,39
192,113
194,129
195,2
195,79
195,186
198,3
199,164
199,167
