source,target
0,89
1,27
2,10
2,50
2,197
4,111
5,145
6,112
6,171
6,177
7,148
9,105
10,125
11,197
12,156
13,18
17,102
17,106
17,147
19,31
19,67
19,144
20,18
22,65
25,130
26,40
26,191
28,24
28,187
29,199
32,103
34,77
34,165
35,198
36,105
37,135
38,193
39,90
39,151
40,153
43,51
44,50
45,97
47,2
48,39
49,133
49,174
49,194
50,82
51,76
53,78
53,88
53,127
54,132
54,184
55,157
56,97
56,132
58,29
58,52
59,81
59,107
59,166
59,191
61,20
61,68
61,183
63,38
65,61
65,149
66,28
67,136
69,40
71,30
71,66
71,119
71,120
72,92
73,152
73,155
74,142
75,46
75,143
76,24
79,178
80,149
83,56
83,134
83,182
84,56
84,63
84,131
88,72
91,94
92,59
92,146
94,15
94,179
97,86
99,98
99,166
100,129
101,67
103,78
104,0
104,23
106,16
106,128
106,150
107,91
108,55
110,0
110,27
110,49
110,85
111,32
112,62
113,126
115,117
117,74
118,180
119,21
119,196
121,6
121,93
122,119
124,120
125,36
125,169
128,33
129,93
130,164
131,8
133,116
137,64
137,83
137,123
138,82
138,175
138,188
139,87
139,190
140,84
140,142
141,3
144,26
144,162
145,14
145,161
147,115
148,137
149,95
150,96
151,154
152,122
154,60
154,108
154,163
154,189
156,100
157,22
158,109
160,57
160,70
160,150
164,29
164,47
165,58
167,134
168,90
169,113
169,195
170,104
171,5
171,135
172,79
173,140
176,8
178,43
180,173
181,75
183,53
184,158
185,35
186,48
186,161
187,17
190,81
190,159
192,172
193,3
193,25
193,42
193,114
194,19
194,46
195,41
195,186
198,131
