source,target
0,130
1,107
2,83
4,60
4,96
6,58
10,2
10,191
11,158
12,26
12,44
13,5
13,18
14,40
14,105
15,20
15,99
16,175
19,51
19,176
21,82
22,123
23,44
25,66
25,144
26,145
27,4
34,160
35,50
35,185
39,120
42,189
43,174
43,183
45,182
46,11
46,169
47,79
48,39
49,7
49,138
50,41
50,95
52,0
53,181
54,8
54,86
55,163
56,37
56,132
58,19
59,38
59,90
59,93
64,101
65,95
65,148
68,63
69,45
70,29
70,125
70,144
70,146
70,177
71,65
72,19
72,170
74,159
76,7
78,186
79,5
79,151
79,172
79,182
81,140
82,57
82,69
84,92
86,91
86,147
87,67
87,119
88,32
92,57
96,70
97,108
98,127
99,27
100,85
103,78
103,141
106,30
106,162
108,169
109,3
109,154
109,189
110,143
111,25
111,32
112,115
113,12
116,133
118,190
119,71
119,107
119,139
120,56
121,180
122,109
123,55
124,49
124,171
125,10
126,46
126,129
128,157
130,94
130,124
131,77
132,13
133,98
133,155
135,6
135,105
138,175
139,3
140,150
141,75
142,61
143,28
143,72
144,68
145,59
145,61
145,198
147,15
147,199
148,24
148,104
148,164
149,146
149,168
150,9
150,187
150,190
151,137
152,160
152,173
153,195
155,62
155,121
156,35
156,117
156,194
157,167
158,59
158,192
159,142
162,8
163,9
163,31
163,139
164,36
164,73
164,102
164,196
166,54
166,77
166,115
167,80
167,141
170,47
171,114
172,89
173,33
173,184
174,21
178,48
179,17
179,193
180,152
180,172
181,75
181,161
184,100
184,131
186,188
188,138
188,197
191,64
191,136
191,153
195,179
196,116
196,165
197,134
197,166
198,110
