source,target
0,71
2,64
3,45
3,132
4,21
4,25
4,89
4,215
4,237
4,265
4,271
7,95
7,164
7,181
7,214
7,277
9,40
9,80
10,116
10,123
10,221
13,195
14,27
15,196
16,39
16,47
16,65
16,216
17,131
17,246
18,66
20,36
21,46
24,194
24,204
26,154
26,269
27,258
27,271
28,11
28,152
31,144
31,247
31,284
32,211
33,32
35,13
38,182
39,219
42,231
43,40
44,147
45,108
45,237
46,91
49,29
49,99
49,104
49,157
49,285
49,288
51,23
51,36
51,73
51,74
52,94
54,124
57,4
58,52
60,8
61,120
62,0
65,225
68,122
68,148
70,75
70,136
71,233
72,38
73,254
75,64
76,30
76,195
77,207
83,6
83,19
83,166
83,297
85,190
85,284
86,77
86,293
88,115
90,103
90,143
90,178
91,79
91,176
91,226
91,278
94,111
95,165
95,201
96,235
97,5
101,168
101,259
102,280
105,236
106,76
106,259
107,68
107,78
107,206
108,60
110,66
110,98
110,248
112,170
114,93
114,229
115,145
117,172
117,222
118,135
118,217
118,232
119,33
119,127
119,220
120,289
121,206
122,9
122,15
122,155
123,9
124,53
124,213
125,196
128,10
130,48
130,246
131,193
132,82
133,198
135,292
136,13
136,37
136,42
137,59
137,146
139,228
142,62
142,270
144,252
145,22
145,240
145,256
146,19
147,175
148,120
149,224
150,84
150,140
151,88
152,92
152,118
152,243
152,251
153,276
154,16
155,191
157,63
157,148
158,160
159,81
159,255
160,5
160,102
160,218
160,290
161,7
162,129
163,140
167,162
168,55
170,129
170,144
172,70
172,296
173,200
178,185
179,178
179,205
179,245
180,210
183,60
186,248
187,109
187,241
190,279
191,142
193,78
193,87
193,134
193,223
194,165
194,198
196,34
197,90
197,260
199,171
199,227
202,138
202,273
202,295
202,299
204,266
205,31
206,177
209,25
211,3
212,208
213,1
213,137
213,159
213,242
214,119
216,250
217,272
219,57
224,192
224,216
227,281
228,77
228,225
229,130
231,151
232,180
233,26
233,156
234,113
234,212
235,28
236,50
236,153
236,159
237,59
239,261
241,35
243,186
244,85
245,188
249,217
249,230
253,110
254,100
254,285
255,41
256,141
257,96
257,126
261,51
261,184
262,192
263,201
264,150
264,173
264,239
265,169
267,243
268,43
271,175
273,12
273,18
274,232
275,242
278,56
278,117
279,15
279,94
280,14
281,208
281,269
282,230
283,63
283,69
286,67
286,164
287,2
290,238
291,72
291,203
292,158
294,207
296,38
296,174
298,287
299,189
