source,target
0,68
0,222
1,152
2,252
3,112
3,233
4,36
4,113
4,187
4,270
4,272
5,98
5,118
5,262
6,10
6,16
7,74
7,80
8,184
9,175
9,262
9,273
11,82
13,216
16,266
17,125
18,28
20,143
20,158
21,277
22,45
22,173
22,286
26,0
27,79
29,224
32,10
33,115
35,99
38,41
39,114
41,55
41,93
41,123
41,144
42,209
43,57
43,212
45,237
48,195
51,117
52,86
52,137
54,19
54,73
54,114
54,254
55,176
56,85
57,226
58,20
58,293
59,13
59,79
59,252
61,90
62,159
63,129
63,146
65,108
67,230
69,73
70,153
71,100
72,21
73,23
74,251
75,12
76,1
76,122
76,141
77,168
78,29
81,15
81,224
83,30
83,122
84,291
85,244
85,280
93,107
96,76
97,2
98,101
98,174
99,164
100,26
100,42
100,137
100,151
100,261
102,88
102,214
102,223
102,292
103,89
103,228
104,22
104,267
106,282
107,255
107,287
110,59
111,103
112,194
112,201
113,276
114,189
116,197
117,91
119,110
120,140
120,193
120,205
121,203
122,24
122,25
122,191
124,235
126,72
127,136
128,93
129,247
130,238
131,154
133,259
135,236
138,50
138,186
138,258
139,17
139,211
140,239
141,134
142,62
145,98
145,136
145,162
145,235
145,248
146,187
147,12
147,34
147,200
147,202
148,130
149,284
152,70
152,140
153,126
154,133
154,149
154,181
158,5
159,9
160,4
161,21
163,127
164,44
164,84
165,78
166,6
167,121
169,215
170,218
171,7
172,264
175,180
175,188
178,49
178,185
178,246
179,18
179,242
182,217
183,91
183,109
184,3
186,40
186,171
187,80
188,245
190,67
193,150
194,269
196,268
198,145
199,90
199,168
199,179
201,66
201,96
201,226
202,263
206,37
206,231
207,106
208,97
210,290
211,15
211,35
213,160
213,215
216,256
217,92
217,198
218,94
219,63
219,230
221,244
222,117
222,207
222,286
225,31
225,249
230,167
230,227
232,27
232,64
234,289
235,82
236,105
238,24
239,220
242,155
242,213
243,53
243,192
243,241
243,265
243,266
244,157
245,60
245,144
245,218
245,295
246,138
249,118
252,14
253,104
254,142
254,283
256,95
256,141
256,284
257,87
258,87
258,250
258,271
260,47
260,72
260,199
261,156
262,65
262,285
263,283
264,105
264,240
264,278
268,40
268,46
272,71
272,115
273,204
275,58
278,56
279,210
280,42
280,265
281,275
282,111
283,37
286,229
288,95
289,196
290,165
290,177
291,129
291,132
291,195
291,197
292,139
294,113
295,243
296,38
297,17
298,125
298,274
299,260
