source,target
0,124
0,154
1,0
2,84
2,170
4,164
8,201
9,187
10,1
10,6
12,243
13,141
14,190
15,151
15,206
15,219
15,290
16,151
21,235
22,13
22,154
22,255
23,53
23,194
24,265
25,108
26,182
26,186
27,142
27,234
29,90
29,236
30,29
30,200
30,285
33,283
34,209
36,85
36,129
36,224
36,228
38,174
39,115
39,193
40,165
43,242
44,36
44,105
44,246
44,248
44,269
47,214
48,172
49,133
50,80
51,238
52,127
59,14
59,164
59,282
62,106
63,84
65,157
66,3
66,18
66,101
66,118
67,145
69,266
69,274
70,81
70,232
72,136
73,298
74,240
76,128
79,42
79,268
80,103
80,247
82,65
82,92
83,96
86,49
86,262
87,199
88,31
88,98
89,88
91,11
91,55
91,94
91,117
93,64
93,68
94,17
97,207
98,150
99,95
100,149
100,216
102,5
102,181
104,22
106,126
107,78
108,129
109,77
109,256
111,134
112,166
115,20
115,173
115,179
117,46
120,148
123,61
126,86
126,117
127,177
127,245
127,255
128,140
130,60
130,246
131,296
132,237
132,241
136,141
138,45
139,175
139,204
139,226
140,113
140,215
141,110
143,89
146,97
146,203
147,61
147,231
148,273
149,71
150,178
150,256
152,73
152,183
153,149
153,160
153,267
155,18
155,191
156,24
157,213
157,264
158,27
158,44
158,134
160,158
160,170
161,21
162,112
163,54
163,171
163,290
164,295
168,265
169,35
169,100
170,197
171,244
173,56
173,144
173,258
175,143
178,74
180,32
180,42
182,70
182,75
183,132
184,124
186,260
187,19
187,226
188,278
189,252
189,253
191,233
194,24
194,269
197,119
198,139
201,96
201,263
202,122
202,222
202,295
203,114
203,152
209,59
210,180
211,38
211,78
211,229
212,20
215,204
216,199
218,58
219,57
219,189
221,275
223,211
223,293
224,51
224,250
225,214
225,281
226,281
227,239
230,247
230,286
231,121
231,171
232,101
233,116
233,176
233,195
233,261
233,264
234,220
236,83
238,15
238,90
238,279
239,11
240,193
241,9
241,95
243,135
243,251
245,146
248,159
249,57
251,26
251,185
251,296
253,62
253,289
254,155
256,7
256,211
257,156
258,41
258,153
259,192
259,217
261,282
261,292
262,137
265,167
265,218
266,208
268,21
269,43
269,274
270,39
270,196
271,27
271,112
271,273
272,217
272,294
274,102
274,172
275,2
276,279
276,287
277,299
278,271
280,14
281,93
283,213
284,94
286,67
286,272
288,248
290,125
290,165
291,72
291,205
292,188
294,180
294,270
294,297
295,28
295,138
296,37
299,104
