source,target
0,60
0,167
1,10
1,49
5,128
6,206
7,63
7,74
7,276
7,277
8,50
9,26
9,90
9,242
13,285
15,141
15,262
16,102
16,134
16,225
18,227
20,154
21,59
22,108
22,210
23,95
23,131
23,280
24,71
25,209
26,0
26,186
26,236
27,180
28,43
29,30
29,252
29,272
35,11
36,286
38,196
39,23
39,150
41,18
41,32
45,126
46,35
46,98
48,221
49,29
49,152
51,161
51,238
52,161
52,221
52,293
55,170
55,176
57,9
57,17
58,290
61,44
61,174
62,159
63,1
66,189
66,209
68,157
68,199
69,138
70,219
71,148
71,237
72,81
72,193
73,77
73,197
75,70
76,20
76,270
80,59
83,135
83,211
84,178
85,179
86,185
87,45
87,92
89,259
91,15
91,94
92,16
92,297
95,97
95,153
97,207
98,99
99,173
100,19
101,186
102,52
102,229
102,269
102,274
104,45
105,282
107,100
108,233
108,269
109,182
111,226
111,288
112,155
112,214
113,39
114,27
115,35
116,160
119,248
122,292
124,31
124,127
127,252
128,4
128,79
128,271
129,42
130,2
130,229
132,21
132,25
133,8
133,68
133,259
134,158
137,142
138,231
139,12
139,42
139,79
139,125
140,194
142,51
143,93
143,183
144,201
145,118
154,19
154,96
155,203
156,55
159,291
160,112
161,3
165,113
167,192
169,58
169,176
169,296
170,165
170,274
171,78
171,138
171,195
171,247
172,14
172,220
173,91
175,147
175,196
175,247
177,246
177,287
179,266
180,84
180,111
181,235
182,143
183,146
183,202
185,122
186,34
187,106
188,278
189,289
190,139
190,279
191,237
191,253
192,103
192,112
192,258
192,287
193,154
193,251
195,156
196,33
198,5
199,223
199,256
200,245
201,40
201,163
201,257
202,76
204,114
205,66
206,93
206,273
207,215
211,204
212,133
213,232
214,47
215,268
217,130
218,110
219,268
220,145
222,281
223,56
223,187
224,169
224,250
226,116
226,281
227,75
227,82
230,120
230,141
232,104
233,241
234,80
235,61
237,164
240,88
240,123
244,65
248,157
249,228
251,64
253,121
253,260
253,267
254,73
254,228
254,255
255,36
255,61
256,109
256,194
258,205
260,103
261,83
261,145
262,65
262,184
262,212
263,191
264,120
265,4
265,53
266,43
266,171
268,284
269,275
271,37
271,67
271,132
271,163
272,168
272,208
272,243
272,283
273,117
277,136
278,85
280,240
282,60
283,263
284,218
284,239
285,47
285,54
286,13
287,122
287,149
289,41
289,251
291,284
294,216
294,261
295,151
295,298
296,162
297,166
298,198
298,200
299,89
