source,target
0,40
3,10
3,239
6,26
8,28
9,1
9,122
9,286
11,123
13,174
15,279
16,288
18,232
20,0
20,189
21,22
21,157
22,24
23,51
23,99
23,162
25,4
28,30
28,50
28,131
29,183
29,199
32,13
32,256
35,211
36,20
36,228
38,136
39,165
40,96
40,119
40,296
43,97
46,169
46,258
48,58
48,292
49,285
51,172
51,270
52,94
52,215
52,265
54,14
54,93
54,182
55,244
61,77
62,159
63,274
68,98
68,152
70,17
70,282
71,148
72,35
72,59
74,106
74,178
76,95
76,151
76,191
77,196
78,127
78,262
79,24
81,33
81,167
82,34
82,223
82,289
83,113
83,166
86,42
87,156
88,175
88,193
89,197
89,259
93,264
94,133
95,144
96,73
96,143
100,107
100,257
103,73
103,145
103,252
104,267
106,117
108,46
110,234
111,228
112,7
112,261
113,295
114,3
116,22
116,160
118,155
118,298
123,146
123,259
124,85
125,251
127,277
128,4
128,78
128,140
130,90
134,109
135,179
135,194
137,227
139,49
139,101
140,53
141,5
141,92
141,211
142,27
142,81
144,173
145,66
145,67
145,115
145,229
148,31
148,128
148,136
148,220
149,271
150,18
152,132
152,230
152,247
153,208
153,241
153,268
154,74
156,116
156,231
157,65
159,37
160,143
160,213
161,181
162,120
163,278
164,44
164,255
165,147
166,19
168,219
168,287
169,265
170,23
171,29
171,82
171,90
171,102
171,167
172,118
173,110
173,209
173,235
173,291
174,41
175,36
175,165
176,233
177,293
179,125
182,75
184,201
184,266
185,186
185,263
186,26
186,34
186,56
186,131
187,192
187,256
188,87
188,276
190,84
195,297
196,257
198,255
199,45
199,91
200,71
200,251
201,207
202,246
202,288
205,2
205,103
206,10
207,54
209,188
209,215
210,205
211,121
212,86
212,164
212,184
212,222
213,60
213,214
214,89
216,5
216,47
216,236
217,109
217,161
217,164
218,15
218,64
221,284
223,41
223,101
223,299
224,185
225,138
230,137
230,196
230,200
231,149
232,12
232,224
233,65
236,80
238,180
239,83
239,203
240,190
242,19
243,135
244,150
246,218
246,226
248,161
249,137
250,49
251,294
253,57
253,104
253,158
254,94
254,272
255,245
255,292
256,69
258,126
260,253
261,21
262,153
262,212
264,76
265,180
269,153
273,32
273,204
274,254
275,27
278,107
279,210
280,223
281,114
282,129
282,294
283,60
283,225
284,98
286,190
287,1
287,55
287,124
289,253
289,281
290,117
290,283
293,195
294,35
295,43
295,112
297,62
297,105
297,158
297,237
298,68
