source,target
0,1
0,124
0,130
1,224
2,99
2,147
7,73
7,276
9,159
9,198
9,262
10,116
10,180
13,136
14,7
15,94
16,281
18,79
18,179
19,43
19,60
21,35
21,201
22,32
24,42
24,64
25,54
25,209
26,84
26,121
28,254
29,147
29,165
29,250
30,83
31,16
32,181
32,193
34,30
35,86
36,19
36,89
37,128
37,256
38,136
39,289
41,115
41,174
41,272
42,77
45,237
46,33
46,145
48,95
48,102
50,261
52,157
53,221
53,243
56,263
58,228
60,212
61,159
61,288
62,105
62,176
64,251
65,47
65,283
68,18
69,76
69,270
74,51
74,240
76,30
76,57
76,177
76,216
76,277
76,287
79,268
80,24
81,125
82,93
83,108
84,229
85,46
85,244
87,8
90,170
92,87
92,141
93,63
97,190
98,152
101,139
102,71
102,206
102,265
102,266
104,92
105,282
106,272
107,298
109,220
111,74
111,148
111,274
112,166
113,78
113,94
113,100
113,135
113,178
113,217
114,44
114,110
114,231
116,120
118,155
122,14
122,289
123,258
125,119
127,133
129,106
131,144
132,16
133,194
134,158
138,87
138,246
140,49
140,208
141,13
141,134
142,0
142,284
143,184
145,235
146,232
148,223
148,238
152,96
153,91
153,276
154,233
156,50
156,116
157,187
157,286
159,12
160,295
161,153
162,39
162,227
164,44
165,17
167,23
168,55
168,186
168,219
169,35
169,75
169,93
169,214
169,215
170,213
173,117
173,229
176,233
176,255
180,20
181,7
181,239
182,146
183,29
185,26
187,70
187,175
187,270
188,107
189,23
189,179
190,195
190,230
190,257
190,287
191,156
191,194
192,205
193,258
196,5
196,112
196,122
197,151
197,264
198,40
198,88
198,280
199,168
200,162
200,249
204,215
205,61
205,98
205,139
206,223
207,152
208,125
208,193
209,151
209,245
210,277
211,15
211,66
211,126
211,253
212,4
213,64
213,68
213,269
214,271
216,27
218,191
219,41
220,41
220,296
221,48
221,131
221,293
222,226
224,80
225,248
226,172
226,266
228,141
228,251
229,259
231,169
232,85
233,171
234,131
235,90
236,21
237,138
239,57
239,203
241,186
243,267
244,150
245,173
247,149
248,161
249,67
250,12
251,294
252,17
254,291
255,103
255,132
255,273
256,109
260,163
260,238
261,69
262,72
263,70
264,11
265,3
268,275
271,62
271,137
273,22
273,143
273,148
273,202
275,114
276,59
278,163
279,183
283,60
283,196
285,13
285,155
286,149
286,217
288,111
290,117
290,142
291,6
291,236
292,286
295,123
295,242
296,105
297,160
298,200
299,204
