source,target
2,68
2,147
2,157
3,193
3,224
5,63
6,155
7,184
7,200
10,152
11,105
12,75
13,97
13,138
14,47
14,72
16,86
16,151
16,281
17,65
18,179
19,242
20,38
20,70
20,80
21,4
21,175
23,170
25,249
27,281
28,110
28,134
29,55
29,59
30,158
32,0
32,180
34,82
35,100
35,243
36,191
36,228
37,178
38,208
39,57
40,156
41,17
41,67
43,266
43,273
44,192
45,237
46,85
48,127
48,153
49,139
50,222
52,279
53,30
54,172
55,68
55,168
55,202
56,106
57,4
58,52
58,270
61,99
62,83
63,126
63,145
63,166
64,293
65,216
66,211
69,21
69,125
71,224
73,212
75,275
76,91
77,85
80,103
80,177
81,36
81,160
84,161
86,64
86,264
87,35
87,234
87,285
89,90
91,146
92,96
93,121
93,259
96,235
96,252
97,210
98,290
100,117
100,295
101,236
102,48
102,206
102,292
104,223
105,183
106,142
107,151
108,163
116,253
117,189
119,159
120,89
121,152
122,25
122,90
122,101
122,219
124,24
124,277
126,279
127,29
128,157
130,174
131,169
131,299
132,101
132,154
133,94
134,69
135,184
135,214
135,271
141,50
142,111
142,135
143,40
144,246
144,265
146,150
148,130
148,205
148,254
149,219
150,20
151,115
151,213
153,137
155,47
155,125
158,179
158,229
158,297
159,123
159,207
161,217
162,167
162,231
163,140
164,44
164,197
164,245
167,197
169,78
169,263
170,33
170,165
170,251
170,272
171,285
172,93
173,110
173,176
173,211
173,267
175,60
175,87
176,22
178,226
180,1
180,84
181,75
181,164
183,109
183,225
183,283
185,287
186,99
186,113
186,185
187,165
188,276
188,278
189,111
190,144
192,43
193,240
195,114
198,269
199,257
200,218
201,112
203,53
203,83
203,156
203,217
205,82
207,214
209,122
209,140
209,257
210,294
212,298
213,9
216,16
216,182
216,258
217,42
217,118
217,126
217,242
217,283
219,26
219,198
222,46
222,251
223,145
226,116
226,232
229,102
229,290
230,190
230,247
233,7
237,59
238,15
238,45
239,182
240,41
240,88
241,215
242,204
245,191
245,195
246,56
246,244
248,39
249,54
250,49
251,255
252,23
252,79
253,289
254,28
254,220
254,274
254,278
256,32
256,103
256,136
256,139
256,196
256,221
256,294
259,133
259,186
260,261
261,206
263,112
264,120
264,241
265,282
269,8
271,37
272,286
273,31
273,74
273,92
273,262
274,51
277,256
280,265
281,129
284,177
286,78
286,173
287,5
288,141
289,2
289,227
291,241
291,268
294,194
295,95
296,121
298,230
