source,target
0,162
2,97
2,263
4,68
4,181
6,155
6,166
6,177
6,216
6,260
7,164
7,195
7,281
8,160
8,163
9,40
10,63
10,250
11,111
14,230
15,1
16,229
17,165
17,271
18,157
19,202
19,210
20,191
21,235
21,277
22,154
22,193
24,179
24,188
24,274
26,185
27,20
27,79
27,137
27,251
29,17
29,191
30,29
31,64
31,140
32,72
32,81
32,230
33,73
33,87
33,121
33,214
34,200
35,211
37,5
37,206
38,26
39,196
40,71
40,144
40,175
40,207
41,220
41,232
43,242
43,265
44,152
45,248
46,210
46,227
47,252
52,233
52,240
54,25
55,209
56,233
57,213
59,24
60,282
61,139
61,231
63,23
63,108
63,129
65,247
65,262
66,205
66,232
67,4
68,156
69,158
69,254
70,59
71,134
71,296
72,80
73,15
75,286
77,225
80,9
80,224
82,87
83,121
84,249
87,156
87,237
88,243
89,149
90,279
90,290
93,82
93,275
96,113
96,248
99,49
100,114
101,66
101,98
104,120
109,182
110,8
111,32
111,282
112,93
112,119
113,46
113,70
113,100
114,204
115,180
116,10
117,116
120,134
123,280
124,213
126,190
127,48
127,199
129,36
129,103
129,228
129,251
130,38
132,110
133,223
136,37
138,35
138,123
138,218
138,288
139,193
142,62
142,135
142,203
143,33
143,182
145,227
146,254
149,150
149,197
150,236
150,242
151,141
152,85
152,258
153,74
153,184
154,266
157,21
157,52
157,53
157,170
158,291
159,169
159,236
160,0
160,218
164,39
164,118
165,89
165,107
165,147
165,189
167,255
168,61
169,101
172,146
172,161
173,176
173,238
178,5
179,90
180,12
180,178
183,279
184,172
187,58
187,77
187,263
188,3
193,148
194,42
196,88
198,28
198,133
201,95
203,92
205,246
205,256
205,293
206,6
206,15
206,76
207,106
211,188
215,174
215,234
217,126
217,226
217,297
219,41
219,48
219,146
221,287
222,57
223,272
225,257
225,264
229,209
230,287
230,295
235,83
236,128
236,289
238,215
238,267
239,297
242,91
244,13
244,102
245,25
245,127
246,96
246,223
249,245
251,86
252,257
252,273
255,27
255,122
257,212
258,46
258,64
258,94
258,171
258,243
259,145
259,241
260,215
261,125
261,151
261,294
262,153
263,95
264,11
266,194
267,102
267,253
267,269
269,44
269,194
270,173
272,200
276,67
277,38
278,271
280,50
282,49
283,124
283,226
283,234
284,177
284,268
285,30
285,51
286,244
289,294
290,142
290,208
290,229
292,128
296,78
296,174
296,186
298,192
298,292
299,105
299,131
299,168
