source,target
1,9
3,10
3,52
3,299
4,188
5,208
9,213
9,252
10,152
15,119
15,185
17,40
18,73
19,178
20,200
23,11
23,85
24,220
25,117
27,74
27,90
27,204
28,288
29,25
31,216
31,256
33,227
33,272
34,151
35,255
36,209
37,132
37,135
37,173
38,124
38,145
38,209
39,20
39,184
40,90
40,201
40,207
42,190
42,228
43,51
45,134
45,199
48,6
48,7
48,195
48,269
49,1
50,261
51,249
51,285
52,237
53,2
53,44
55,226
55,253
58,26
58,75
58,284
59,189
60,192
60,215
61,78
61,198
61,222
63,104
64,281
66,21
66,97
66,164
68,272
68,280
69,258
70,238
71,76
73,23
73,59
74,105
76,86
76,114
76,206
76,265
77,290
78,126
79,154
80,187
80,243
80,287
81,32
81,144
81,279
83,62
83,223
84,97
85,43
86,64
86,65
87,7
89,149
90,155
90,221
93,54
94,185
95,66
95,254
97,101
98,170
99,94
101,171
102,78
102,219
105,276
108,47
108,103
111,120
112,146
113,166
113,236
114,275
115,33
115,70
115,108
116,89
116,110
116,219
117,273
120,174
122,139
127,80
127,220
128,79
128,121
129,109
129,115
129,157
131,74
131,234
133,103
133,194
139,17
139,257
139,292
141,151
142,0
142,133
143,281
145,12
145,107
145,229
145,248
146,210
147,99
148,205
149,289
150,274
151,30
153,70
153,241
154,181
154,191
154,251
156,37
156,170
158,295
160,270
160,297
161,113
162,129
164,214
169,46
169,263
171,82
173,244
174,41
174,285
175,38
175,165
176,104
176,201
180,196
181,239
182,14
182,197
183,202
185,91
186,159
186,211
187,67
191,245
192,95
192,163
193,72
193,148
194,8
194,230
194,240
196,84
197,116
198,34
199,49
201,16
203,239
205,291
206,93
206,138
207,156
208,68
208,123
208,140
208,188
210,147
211,121
214,33
214,225
216,172
217,92
217,94
217,118
217,286
218,111
219,88
220,125
221,288
222,67
222,251
223,101
224,141
226,212
228,20
230,247
232,137
232,246
233,126
236,294
237,161
237,235
238,167
238,177
238,179
242,217
243,53
244,3
244,13
244,130
244,168
245,50
246,128
246,258
246,259
247,58
248,83
249,98
249,228
251,64
252,81
252,183
252,293
254,136
254,250
255,118
256,100
256,122
257,106
261,266
262,5
264,12
267,125
268,218
269,175
270,292
271,137
272,57
273,72
277,138
278,29
279,10
279,96
280,22
282,266
283,56
283,65
284,31
286,61
286,231
290,224
291,19
291,195
294,150
294,158
295,226
295,242
296,27
296,169
298,140
299,260
