source,target
0,50
2,49
3,98
4,16
4,38
4,93
5,89
6,71
8,14
8,53
10,65
11,70
12,26
12,49
12,63
12,64
13,81
13,88
15,45
15,72
19,23
21,1
21,60
21,69
22,11
24,36
25,37
25,74
25,90
28,27
31,33
31,58
34,20
34,77
37,95
39,15
41,66
41,79
42,59
45,8
46,17
46,28
47,0
47,54
48,32
50,72
51,30
55,19
60,7
60,46
61,62
62,30
62,47
63,44
64,48
65,52
65,79
66,43
66,83
67,75
70,40
71,4
72,23
72,68
73,24
73,59
75,76
76,39
77,17
77,25
77,99
78,3
80,87
83,21
84,43
85,29
85,90
86,42
87,44
88,34
89,41
89,48
89,57
91,9
91,73
92,56
92,91
93,35
93,82
94,10
94,18
95,33
95,67
96,13
96,36
97,54
97,93
98,40
98,94
