source,target
0,9
0,43
0,61
0,81
1,21
1,94
3,10
4,22
4,79
10,12
12,59
12,87
13,14
13,82
16,21
18,5
19,84
20,58
21,69
22,11
23,48
23,95
23,97
24,13
25,46
27,87
29,55
30,19
30,76
31,50
31,63
32,64
34,4
37,56
39,8
39,66
46,71
47,54
49,2
51,18
51,29
51,64
52,42
52,74
52,98
53,17
54,43
55,19
55,72
56,78
57,89
58,8
58,23
58,31
59,0
59,53
59,68
60,7
60,79
62,26
62,61
65,92
66,49
67,25
67,38
68,44
70,16
72,15
72,24
75,38
77,90
77,93
80,37
82,0
82,4
82,45
83,5
85,6
85,32
86,46
86,65
87,36
88,15
89,48
91,62
91,73
92,56
92,91
92,99
93,41
93,52
94,67
95,28
95,33
95,35
95,77
96,14
98,3
98,40
