source,target
0,14
0,31
2,0
2,49
3,17
4,22
5,30
6,46
8,39
8,51
9,40
12,24
14,88
16,70
17,11
17,42
18,65
18,72
21,60
21,69
21,75
21,83
21,93
22,7
23,28
23,50
24,44
25,73
25,98
26,33
26,58
29,85
30,62
31,76
31,96
32,74
32,95
33,8
34,10
34,77
34,86
35,93
36,19
36,91
38,42
38,57
38,94
40,1
40,16
41,2
41,79
41,89
44,47
44,63
44,68
45,9
46,25
48,30
48,54
50,5
51,29
52,71
54,73
55,19
56,36
57,70
59,6
59,20
59,53
59,99
60,41
61,13
61,81
63,90
64,12
66,23
67,92
68,78
68,84
71,65
72,68
74,59
75,97
78,37
80,28
82,45
84,43
85,32
86,67
87,27
87,56
88,15
88,48
88,61
90,82
90,91
92,18
98,3
99,4
