source,target
0,13
0,14
3,10
3,80
4,52
5,30
5,41
7,22
7,68
7,74
8,35
8,53
9,33
10,71
10,81
12,87
13,45
15,82
17,16
17,46
18,59
19,64
21,69
23,48
23,97
25,75
28,27
28,51
29,55
30,88
31,0
31,76
32,36
33,8
33,26
35,73
36,24
36,28
36,40
36,56
36,96
37,40
39,31
42,38
43,83
44,12
44,63
46,6
46,25
46,65
47,32
48,44
48,66
49,2
49,7
49,11
50,72
52,67
52,70
52,71
52,98
60,1
62,61
64,39
64,58
66,90
70,20
70,34
70,60
72,9
72,24
72,55
73,12
73,20
74,98
76,50
76,54
77,95
78,3
78,62
79,11
82,43
83,5
83,21
85,29
86,38
86,92
88,19
91,62
92,57
92,94
93,25
93,77
94,6
94,18
95,4
95,84
97,89
99,68
