source,target
0,2
0,61
0,76
0,96
1,40
1,94
3,98
6,46
10,71
12,25
13,0
14,8
14,45
14,54
15,82
16,42
16,70
17,74
19,23
19,28
19,48
21,69
21,75
26,62
29,26
30,54
30,76
31,39
33,31
34,6
34,20
34,93
36,24
36,91
37,25
40,79
42,71
43,5
44,68
45,15
47,32
49,33
50,5
52,16
52,22
52,38
53,59
54,47
54,97
56,37
56,55
57,67
57,89
58,8
59,7
59,18
59,73
60,4
60,41
62,19
62,36
62,78
62,84
63,35
63,39
64,51
65,10
65,92
66,43
66,83
68,37
70,20
70,60
71,86
72,19
72,68
73,35
73,72
74,53
75,66
77,17
77,95
79,11
79,99
80,47
81,9
82,77
83,85
85,29
87,56
88,50
89,97
90,96
91,9
91,64
93,21
94,6
97,27
98,24
