source,target
0,13
0,88
0,90
1,42
3,71
3,93
4,34
4,82
5,83
7,37
7,78
10,70
12,59
12,73
14,0
14,8
16,40
17,46
21,10
21,41
21,69
21,79
22,7
22,11
23,83
24,35
26,29
26,91
28,36
28,68
28,72
30,19
30,66
31,39
32,85
33,36
35,15
35,38
38,6
38,94
39,76
40,1
42,4
42,67
42,86
42,93
42,94
43,84
45,81
46,57
46,86
47,32
47,44
48,30
48,89
49,2
49,33
51,48
52,98
53,20
53,74
54,61
56,18
56,65
59,77
60,41
61,62
62,23
62,58
62,80
63,31
63,50
63,55
64,50
65,52
68,56
70,16
72,9
75,25
76,30
76,54
77,21
77,98
80,87
81,14
84,28
85,63
87,12
88,47
91,90
92,57
95,18
96,43
97,27
97,75
97,99
98,53
98,99
99,11
