source,target
0,2
0,43
0,47
0,76
3,17
3,62
4,40
7,46
8,24
9,81
10,71
12,49
12,63
13,82
14,45
17,53
20,58
21,69
21,93
22,7
23,96
25,35
25,38
25,42
25,77
26,33
27,29
28,7
28,51
31,0
33,95
37,32
37,74
38,74
38,75
39,31
40,9
40,37
46,65
47,88
48,19
48,54
50,88
51,8
51,30
52,16
54,39
54,45
55,56
55,63
56,36
56,87
57,18
58,26
60,41
61,14
62,47
63,90
64,91
68,44
68,99
70,34
71,67
72,15
72,32
72,67
73,20
75,76
76,66
78,3
78,59
79,60
80,64
82,43
83,16
83,21
83,85
84,68
86,70
87,27
88,34
89,5
89,97
91,92
92,18
94,1
95,28
96,36
97,23
97,75
97,79
97,93
98,6
98,11
98,24
98,25
99,59
99,92
99,94
