source,target
0,87
1,60
4,11
4,60
4,65
4,74
4,99
5,41
6,46
6,90
8,13
8,73
9,33
11,49
14,8
14,81
15,39
16,75
17,11
17,34
17,42
18,5
19,30
19,48
19,55
20,24
21,17
21,69
22,52
23,28
23,96
24,73
26,12
26,33
28,7
28,19
28,27
28,56
28,84
31,58
32,64
32,66
34,70
35,63
37,7
38,86
39,54
40,98
43,5
46,52
48,14
48,44
48,51
48,54
50,0
50,23
50,31
50,64
53,8
59,68
60,6
61,13
62,47
62,61
62,91
63,55
64,36
65,10
65,97
67,57
71,10
72,25
72,77
74,67
75,12
75,21
76,83
77,95
78,3
78,59
78,62
79,41
80,36
82,45
83,16
83,43
83,89
85,29
85,88
86,46
88,30
93,72
93,82
94,18
95,4
97,0
98,6
99,2
99,92
