source,target
0,104
0,198
1,30
2,5
4,132
5,112
6,96
7,16
7,41
8,76
8,114
10,7
10,81
11,5
11,69
11,94
11,148
12,181
15,17
15,108
16,12
16,91
18,4
18,6
19,135
20,73
21,65
21,174
22,139
23,22
23,25
23,63
24,179
25,105
25,155
27,23
29,79
29,92
30,10
30,114
30,134
31,125
32,59
33,97
33,121
33,183
34,116
34,152
34,177
37,140
37,146
38,163
39,77
40,85
42,52
42,168
42,172
45,3
45,173
46,176
47,72
47,166
48,68
49,175
49,195
50,80
51,34
51,146
54,35
57,55
57,74
57,76
57,104
58,86
58,95
60,56
60,194
61,57
62,67
64,148
66,71
68,93
70,113
70,129
73,123
74,43
75,56
77,167
78,29
79,154
79,197
81,36
82,91
84,153
85,184
85,185
87,71
89,158
90,72
90,128
90,161
90,173
90,192
93,66
94,24
96,143
97,191
99,111
100,21
100,51
101,190
102,135
102,180
103,45
105,11
106,99
108,124
110,131
111,62
113,38
114,28
114,88
114,107
114,141
115,119
116,78
116,102
117,20
117,119
118,84
118,87
120,171
123,26
123,100
126,42
126,109
127,74
128,35
129,44
131,147
133,48
134,164
136,133
137,21
138,36
142,103
143,27
143,199
144,14
144,22
145,155
146,83
146,124
149,49
149,58
150,48
151,9
151,141
157,156
158,138
159,39
159,50
160,161
161,13
162,126
167,134
167,165
168,61
170,60
170,122
171,28
171,196
173,156
176,14
176,186
178,47
179,32
179,40
179,53
181,98
181,117
182,121
184,70
186,130
187,112
187,169
188,84
189,13
190,1
191,136
192,170
193,149
194,106
194,147
194,150
195,125
195,162
197,90
197,163
