source,target
0,146
0,161
1,164
3,172
4,160
5,13
5,91
7,18
7,91
14,176
16,33
16,136
17,99
17,111
18,23
19,118
20,186
20,198
22,107
22,119
22,168
23,10
23,27
23,132
25,89
25,184
26,78
26,108
26,123
26,157
29,115
29,165
31,56
32,121
34,50
34,122
35,20
35,89
35,145
36,130
38,13
39,193
40,85
41,37
42,53
42,180
43,57
46,8
46,41
46,88
46,97
47,24
47,126
50,55
51,183
51,193
52,173
54,31
56,1
56,46
56,77
56,105
56,113
58,149
60,192
61,14
61,49
61,103
61,106
62,181
63,94
64,16
64,118
64,172
66,194
70,10
71,69
72,80
73,78
74,14
75,197
79,138
81,92
81,129
82,79
84,65
85,102
85,150
86,147
90,4
90,107
93,32
94,17
95,58
96,36
96,63
97,12
97,173
97,188
99,26
100,112
103,177
103,187
109,40
109,48
110,100
112,5
112,120
114,51
117,67
117,194
117,198
118,21
118,178
122,170
123,148
123,170
125,195
126,28
126,109
127,61
129,135
133,35
134,196
135,38
136,47
136,131
136,189
137,76
137,77
137,141
137,181
138,15
138,149
138,157
138,160
140,57
140,95
140,144
142,87
143,134
145,68
147,116
147,134
148,41
149,195
150,54
151,9
151,30
151,39
152,175
153,33
154,140
155,6
155,125
156,59
156,144
158,2
158,106
160,115
160,147
161,64
161,124
162,101
162,156
162,159
163,166
163,189
167,39
167,80
167,83
169,171
173,32
173,44
174,96
174,169
175,75
177,45
179,0
180,7
181,98
182,74
185,167
186,128
187,9
187,169
188,42
188,142
190,62
190,68
191,3
191,71
192,104
192,154
195,139
197,44
198,11
198,65
199,137
