source,target
0,81
1,151
1,167
2,8
3,12
3,42
5,8
9,112
10,179
11,171
14,64
14,165
16,96
19,188
21,17
22,18
23,144
24,94
25,39
25,184
25,190
26,53
26,69
28,73
29,54
29,135
30,55
30,81
31,92
32,183
34,16
34,76
35,104
36,164
38,162
39,174
39,197
40,107
43,156
45,3
45,87
49,132
49,166
51,77
52,121
54,114
55,195
56,120
58,113
59,28
60,13
60,27
60,33
63,95
65,198
66,154
67,44
68,62
68,106
68,136
70,129
70,144
71,24
73,20
73,78
73,122
74,48
74,68
74,152
77,197
80,35
81,117
81,146
82,5
82,25
82,65
83,134
85,90
85,180
86,164
86,185
88,76
90,4
90,107
90,161
91,187
93,52
94,84
95,90
99,126
100,59
100,169
101,110
102,70
102,124
106,150
108,161
109,89
110,131
112,159
113,94
113,124
113,199
114,191
115,13
115,46
118,198
119,125
119,153
120,175
121,50
122,30
123,133
123,179
123,190
126,176
126,177
127,61
127,149
128,78
128,105
129,97
130,63
130,140
131,128
132,102
134,38
134,72
136,35
136,85
137,7
137,181
137,196
139,83
140,75
143,27
145,12
145,186
147,19
148,133
148,188
155,74
155,115
156,44
157,67
157,127
157,154
158,56
158,106
159,54
159,142
160,31
160,60
162,57
162,91
162,163
163,14
163,15
164,47
165,100
165,170
167,123
167,141
172,177
173,93
173,97
173,98
173,139
174,17
174,116
176,29
178,118
179,53
180,145
180,156
181,111
181,159
181,173
182,41
182,45
182,103
183,37
183,157
185,6
186,1
186,89
186,138
188,168
189,6
189,147
192,79
192,155
193,158
194,119
194,152
195,82
197,22
198,171
199,96
