source,target
1,9
1,189
2,110
3,127
7,143
7,144
8,32
10,23
10,28
10,80
11,53
11,123
12,93
16,66
16,121
16,136
18,76
21,42
21,191
22,61
24,139
25,49
25,105
27,155
29,152
30,81
31,63
31,92
34,173
35,46
35,96
35,108
36,154
36,157
36,176
37,113
38,0
38,43
39,70
40,48
41,49
43,57
46,4
46,114
50,80
51,59
51,124
53,137
55,141
56,82
56,140
57,55
57,88
57,162
60,13
60,155
60,183
63,24
64,184
65,198
67,95
70,6
71,45
72,195
74,52
74,62
74,99
75,23
77,94
77,134
81,146
82,130
83,18
84,65
84,191
85,54
86,138
89,75
90,85
91,5
91,139
93,91
93,188
94,112
95,175
97,98
100,174
100,187
101,165
101,171
103,78
103,87
103,101
103,177
104,0
105,11
108,1
108,145
109,40
109,153
110,171
110,179
111,109
112,109
112,159
113,44
113,179
114,181
115,12
116,18
116,33
116,174
117,67
117,161
118,21
119,160
119,184
120,111
121,14
121,32
121,182
122,66
123,26
123,69
124,90
125,29
126,162
127,74
127,149
130,36
131,83
132,172
133,19
133,131
134,20
134,30
135,86
135,114
135,129
136,117
138,17
138,192
141,35
141,58
143,56
145,15
147,116
149,79
150,168
151,64
151,148
151,173
152,20
154,25
156,39
156,73
158,68
158,199
159,142
159,164
159,186
160,22
160,74
160,147
161,47
161,98
161,128
163,37
167,194
168,61
168,102
169,7
169,107
170,60
170,123
172,177
175,158
177,178
180,97
183,119
185,77
185,165
185,193
185,196
186,75
186,170
188,16
189,120
189,166
190,48
190,106
191,71
194,85
194,161
195,39
195,125
197,22
198,133
199,185
