source,target
0,25
2,24
3,92
3,110
4,15
4,37
5,197
6,177
6,189
8,139
9,118
10,80
12,153
13,116
14,18
14,107
15,97
15,186
16,96
16,147
18,95
20,81
20,175
20,190
21,65
21,71
22,34
22,41
22,64
25,89
26,53
32,115
33,125
33,175
34,62
34,122
35,1
35,51
35,72
35,89
35,128
35,140
36,50
36,154
37,90
39,185
42,52
42,188
42,191
43,29
44,67
44,113
44,156
45,172
46,22
49,90
49,165
49,169
49,184
52,187
53,11
56,139
58,132
58,140
58,149
61,129
62,68
63,10
63,31
64,35
64,177
69,19
69,26
70,27
70,61
71,93
71,101
71,168
73,28
73,192
76,137
78,39
79,58
81,30
81,159
81,162
82,23
82,66
82,123
83,8
84,191
85,124
88,112
97,17
97,87
98,102
98,161
98,170
98,181
99,2
100,99
104,29
104,121
106,99
106,128
107,152
109,150
109,158
110,45
111,106
112,94
112,120
113,82
114,92
114,142
114,144
116,34
116,86
117,77
117,157
117,194
117,198
119,104
120,101
120,111
121,14
121,32
121,38
121,50
121,176
127,60
129,160
130,47
131,136
133,48
134,8
134,178
135,91
135,98
137,171
138,63
141,55
141,59
141,164
143,51
145,134
146,4
147,189
148,3
149,60
149,196
150,103
150,135
151,124
152,76
153,33
155,9
156,43
157,67
159,113
160,12
160,73
161,105
163,145
164,20
165,126
165,183
166,127
167,143
169,31
170,44
171,40
172,6
173,54
173,119
174,108
174,155
177,48
177,171
177,178
178,182
179,32
180,173
183,179
183,197
185,85
185,199
188,148
189,136
190,74
192,53
193,77
195,47
195,91
199,7
199,46
199,57
199,75
199,155
