source,target
1,140
1,167
1,193
3,23
3,168
5,2
7,10
9,88
10,126
10,138
11,177
13,38
14,18
14,24
14,107
15,67
16,143
18,1
18,58
18,80
19,84
19,169
20,36
20,47
23,149
23,184
25,89
25,96
26,40
26,157
28,11
28,126
29,128
29,181
31,27
31,188
33,23
33,116
34,50
34,159
35,167
37,111
38,131
38,136
39,72
39,114
39,174
41,148
42,172
44,129
45,177
46,8
46,80
48,162
57,34
57,199
59,100
60,12
62,81
62,97
63,6
63,35
64,172
65,21
66,82
67,142
68,155
69,40
72,162
73,139
74,47
74,57
75,8
78,115
82,77
82,91
85,98
86,104
86,143
88,107
90,4
90,54
90,146
90,160
91,121
91,123
93,12
93,154
93,182
94,56
95,175
97,22
97,156
98,163
99,17
99,26
99,190
101,20
103,61
104,37
104,189
105,49
106,53
106,74
108,110
109,150
109,152
110,2
110,100
110,106
111,117
113,83
113,131
113,165
114,185
116,13
116,32
118,198
119,49
119,194
121,52
121,154
124,184
127,27
128,161
129,70
129,173
130,68
130,179
132,102
132,144
134,178
135,29
136,112
137,99
138,30
138,135
139,145
140,7
141,195
142,159
144,108
145,43
145,85
145,117
147,133
147,186
147,194
150,71
150,78
150,171
151,59
152,76
153,118
156,125
157,92
157,183
158,43
159,134
161,41
161,170
162,0
163,14
163,61
164,60
165,58
165,122
167,96
169,31
170,192
171,69
171,87
173,34
173,137
174,21
175,62
175,75
179,51
179,113
180,41
181,64
181,176
183,33
183,79
183,186
185,136
186,166
187,109
188,87
189,54
190,120
191,125
195,44
195,55
196,56
196,63
196,123
197,90
198,147
