source,target
2,9
3,51
4,145
4,177
8,120
8,185
11,119
11,141
11,182
11,291
12,198
13,28
13,163
14,80
15,46
15,63
17,189
20,280
21,70
21,78
22,150
25,102
25,252
25,265
26,59
26,255
26,277
28,276
30,19
31,216
31,267
32,140
33,213
33,292
34,237
34,262
35,297
36,222
37,197
38,96
39,9
39,12
39,44
39,113
40,101
40,136
40,173
42,18
46,3
47,38
48,66
49,29
49,264
50,32
51,202
52,178
53,146
56,227
56,236
59,57
59,107
60,187
60,224
61,175
62,53
65,123
66,89
66,245
68,111
68,230
69,279
72,69
72,105
73,44
74,166
77,94
77,194
78,103
78,117
78,133
78,214
80,75
81,186
83,127
83,207
83,298
84,4
85,24
85,108
85,261
86,263
87,5
87,288
88,58
88,283
90,158
92,35
92,234
93,39
93,269
96,40
98,90
98,169
98,248
99,250
100,87
100,263
104,13
105,287
106,45
107,0
107,1
107,161
108,233
109,190
110,226
112,53
112,156
112,296
114,8
114,34
114,97
115,114
116,251
117,223
117,276
119,43
119,206
120,235
121,6
123,83
123,151
125,6
125,115
125,141
125,225
126,56
127,219
130,172
130,188
130,253
132,148
132,286
135,98
135,122
138,191
139,88
140,82
141,159
144,37
144,82
146,215
147,137
148,125
148,260
149,76
150,49
150,165
152,84
152,274
154,272
155,7
156,238
160,193
161,203
162,42
164,5
165,111
165,244
165,272
168,126
169,71
170,22
173,116
173,192
173,208
173,299
174,239
175,27
175,128
175,240
177,130
179,75
179,149
179,259
180,242
181,231
183,34
183,196
185,12
185,212
187,190
187,221
188,118
189,39
192,103
193,10
193,179
195,278
197,61
197,138
197,213
198,16
199,163
200,79
201,157
201,268
202,161
202,205
204,143
205,153
207,229
209,17
211,269
212,95
213,184
216,23
216,74
216,94
216,198
217,72
217,210
218,31
218,67
218,178
219,49
219,55
219,201
219,297
220,196
221,18
221,24
221,30
221,81
221,176
222,290
223,152
227,65
228,54
228,273
230,79
231,110
231,249
231,268
232,23
233,104
233,204
236,131
237,167
238,11
239,154
240,93
242,205
243,118
244,76
244,144
245,1
245,170
246,172
247,225
250,106
250,112
253,26
253,71
254,204
254,294
256,155
256,195
257,142
257,289
258,109
258,171
265,27
265,91
265,134
266,64
266,157
268,41
270,113
271,52
272,280
273,232
275,99
275,147
276,284
278,145
279,85
281,256
281,289
282,95
283,228
285,92
288,211
290,241
290,296
292,124
292,129
293,201
295,122
