source,target
0,240
2,9
2,147
3,17
5,87
5,276
7,37
7,150
8,2
8,155
9,51
12,195
13,250
14,4
15,63
15,137
17,164
24,32
24,134
26,59
26,162
27,105
28,276
31,169
32,237
33,281
34,81
34,157
35,97
35,238
37,61
37,144
38,47
39,7
39,52
40,96
40,183
40,248
42,18
46,48
47,65
48,186
50,114
51,121
52,43
53,136
54,38
55,14
56,229
56,298
58,252
59,36
59,101
60,225
60,265
61,191
61,199
64,258
66,188
67,21
68,71
68,79
69,279
72,158
72,296
76,196
78,25
78,88
78,142
78,172
80,99
81,218
82,176
82,198
83,47
84,86
86,144
87,138
87,140
87,190
88,123
89,294
90,40
92,234
93,207
94,216
95,242
95,259
95,289
96,166
100,82
101,116
101,124
101,295
102,217
102,253
103,128
103,238
104,66
104,233
105,209
106,13
106,149
107,1
107,38
107,255
108,76
109,278
110,33
110,267
111,98
112,50
112,143
113,230
114,31
115,103
115,186
119,111
122,277
122,299
123,10
123,26
123,159
125,142
126,226
127,121
127,126
129,6
129,55
129,286
130,0
130,3
134,133
136,35
137,118
137,241
139,163
139,263
141,5
141,263
141,280
142,235
144,15
144,279
147,109
147,273
148,36
149,83
152,23
152,223
153,256
153,293
154,54
154,272
155,29
156,30
156,72
157,75
158,112
158,206
160,287
161,15
164,189
167,24
168,262
170,52
171,91
171,258
174,21
174,156
175,41
175,180
177,184
178,12
178,165
180,220
181,216
182,261
183,120
183,251
183,257
184,39
184,119
184,178
185,221
190,97
190,104
190,197
191,16
192,173
193,70
193,112
194,237
196,42
196,249
199,77
200,71
200,99
200,145
200,151
200,231
201,53
201,62
201,135
201,275
202,44
202,252
203,125
204,141
205,242
206,4
206,24
207,95
208,269
212,41
212,91
212,202
213,182
214,85
215,108
215,146
216,74
216,210
218,181
218,187
218,191
218,244
218,290
219,214
219,239
220,296
221,18
221,78
222,27
223,119
224,57
224,135
224,245
224,282
225,51
227,56
229,93
230,9
230,20
230,214
231,110
232,177
233,122
234,246
236,131
236,174
236,192
236,266
237,176
237,243
237,292
242,270
246,284
247,85
251,132
251,260
253,201
255,175
255,209
259,179
259,224
260,109
261,49
262,203
264,270
266,45
268,241
269,107
270,73
271,261
273,228
273,232
274,14
274,187
274,294
276,117
278,19
281,288
283,164
283,228
284,139
285,171
287,28
288,211
288,274
291,11
291,84
293,8
293,22
293,254
295,153
297,292
299,182
299,200
