source,target
1,265
2,109
3,44
4,102
6,239
7,224
7,270
7,274
8,101
9,29
11,43
13,135
15,63
17,214
19,5
19,112
20,148
20,230
21,192
22,199
22,224
24,14
24,32
24,117
24,167
25,16
25,252
26,155
26,202
26,229
27,1
27,166
29,180
30,125
30,179
31,218
36,10
37,22
37,216
37,250
37,283
38,73
44,12
44,129
45,149
46,50
48,90
51,111
51,165
51,289
52,41
53,52
53,238
56,64
56,298
56,299
57,170
59,36
59,207
62,22
62,191
63,272
65,227
66,97
67,86
67,97
67,143
67,152
68,153
70,216
71,55
71,237
74,166
75,161
75,274
78,174
79,98
80,73
81,157
82,204
85,241
86,84
86,117
86,271
87,287
88,203
89,146
90,107
90,154
91,183
95,3
95,175
96,26
96,128
96,222
96,281
99,200
99,267
101,96
103,40
103,297
105,199
105,209
106,111
106,296
109,4
109,189
110,54
113,93
114,251
115,141
116,123
116,150
116,259
117,119
118,130
118,188
118,228
118,280
120,286
123,47
123,159
126,121
126,124
126,127
127,65
127,186
127,279
129,160
129,294
130,177
132,223
132,295
133,41
133,190
134,198
134,235
135,5
135,122
135,260
136,8
137,69
137,118
137,207
138,190
139,88
140,11
145,83
147,137
147,268
148,60
148,240
148,299
153,256
155,17
155,77
156,163
157,37
157,99
158,76
158,198
162,229
163,107
164,220
167,85
168,34
168,288
169,0
169,90
169,91
169,98
169,172
170,6
171,197
172,246
174,24
176,218
176,253
177,245
177,269
178,46
178,231
178,242
182,11
182,30
182,78
186,49
186,176
187,204
189,87
189,132
190,255
192,206
192,247
194,159
195,9
195,104
196,273
197,279
200,257
201,62
201,106
203,18
203,151
205,225
206,134
207,180
207,220
208,156
212,39
213,144
214,219
215,244
216,181
217,140
217,210
219,64
219,146
221,28
225,249
231,35
231,250
232,147
233,23
233,80
233,136
234,285
235,151
235,233
236,45
236,131
237,266
238,37
238,182
239,53
239,130
241,260
241,291
243,52
243,226
244,164
246,236
248,74
249,34
249,115
249,278
249,292
250,82
252,59
252,113
252,212
253,2
254,247
256,58
259,95
260,251
261,67
261,213
263,100
264,72
265,71
266,94
266,217
270,211
270,277
272,20
275,61
275,120
275,142
275,145
276,61
279,193
281,33
282,184
283,173
284,108
284,196
285,92
285,243
285,258
286,21
286,45
288,7
290,222
291,126
292,264
293,169
293,185
293,262
294,261
295,42
295,153
295,184
295,221
295,263
297,35
298,57
298,196
299,110
