source,target
0,264
1,49
2,56
2,195
5,40
5,241
6,289
7,37
7,75
8,297
10,102
12,38
12,219
13,14
13,152
13,173
13,190
13,198
13,204
15,19
16,48
17,3
21,278
22,139
23,148
24,167
24,174
25,226
26,211
27,178
28,200
28,228
29,88
32,138
32,181
33,124
35,231
36,25
39,9
39,177
40,96
40,173
40,197
41,95
42,162
44,202
46,93
46,212
47,65
48,186
50,82
50,169
54,170
55,52
55,67
57,164
57,284
57,299
58,32
58,166
59,252
59,281
61,276
62,30
62,161
63,188
63,237
65,126
67,287
68,20
68,179
68,209
70,11
70,255
71,290
72,50
74,216
76,35
76,287
79,98
82,251
84,85
85,11
85,78
86,150
88,146
89,37
90,154
90,288
93,12
93,230
94,142
94,210
94,223
95,224
95,229
96,105
97,117
98,44
99,201
100,163
101,59
101,222
102,291
103,89
103,218
103,275
104,66
105,72
106,296
107,1
108,28
108,97
109,75
110,33
111,31
112,7
112,18
112,104
112,146
112,254
113,54
114,22
114,35
119,27
119,60
122,121
122,155
124,21
125,193
126,261
127,147
128,175
130,107
130,170
130,178
130,294
131,236
133,41
133,278
137,15
138,117
140,191
141,115
141,185
141,280
143,31
144,19
147,267
148,107
149,114
149,265
150,62
150,136
152,159
153,268
154,99
154,120
154,292
155,29
156,100
157,61
158,206
161,137
168,28
168,174
168,225
168,235
168,262
168,291
171,91
171,197
173,151
173,175
174,258
176,199
177,163
177,269
182,78
182,168
183,17
184,130
185,71
185,186
186,34
188,77
189,112
189,179
191,112
191,149
192,206
192,253
193,135
193,182
194,45
194,83
194,116
195,97
196,243
200,284
201,106
202,118
205,162
205,242
205,277
207,180
207,270
213,51
214,213
215,250
216,45
219,0
219,64
219,153
219,187
219,232
220,144
220,202
220,213
220,290
220,293
221,286
222,36
223,184
225,205
226,69
226,110
227,113
229,145
229,207
230,123
230,129
231,238
233,5
233,132
233,249
234,92
234,246
234,285
235,80
236,257
237,243
237,292
239,189
239,279
240,6
241,260
243,3
244,63
244,248
245,212
246,241
247,7
250,133
250,158
250,176
250,263
251,43
251,90
251,208
251,216
256,51
256,283
257,298
259,39
261,73
261,143
265,134
265,172
266,53
266,125
267,81
268,4
268,295
270,26
270,73
270,266
271,86
273,224
274,87
274,108
276,144
277,140
277,269
280,272
282,68
284,267
286,220
287,160
289,235
290,165
290,203
293,239
294,274
295,221
296,158
296,217
297,30
298,234
