source,target
0,224
1,148
1,252
6,125
7,270
11,97
14,247
15,299
16,48
20,282
21,75
21,84
23,232
23,244
26,211
26,277
27,79
30,4
31,185
34,78
35,55
35,62
36,10
36,64
37,53
37,142
38,213
40,183
41,81
41,170
42,47
42,54
44,3
44,29
46,168
46,212
46,234
51,199
52,43
52,55
52,195
52,198
53,13
53,98
53,109
53,146
53,156
53,250
54,110
56,71
60,119
61,180
62,22
62,133
63,112
64,219
65,83
66,217
67,286
69,226
71,245
71,290
71,298
72,264
73,132
74,248
76,108
76,263
78,216
80,14
81,129
81,221
82,86
84,85
85,31
87,192
89,34
90,254
91,169
92,285
93,46
94,114
95,194
96,281
98,44
101,9
101,124
102,25
102,228
103,128
103,138
103,173
103,204
104,197
104,262
105,96
105,209
106,111
106,274
107,48
107,59
107,229
107,282
108,141
108,266
108,297
109,258
111,30
111,97
112,19
112,72
112,284
113,38
113,227
113,273
114,30
114,254
115,8
115,251
116,77
116,148
117,139
118,121
120,1
121,127
121,298
122,184
123,102
123,194
124,65
124,123
127,126
130,170
130,188
131,236
132,40
132,223
135,241
136,7
139,263
141,74
144,179
144,220
145,167
147,165
147,183
148,249
149,45
149,215
150,17
151,233
152,189
154,138
155,261
157,237
161,88
162,12
163,79
163,114
163,240
164,220
168,182
168,207
168,288
169,24
169,293
170,229
172,265
173,152
174,143
174,156
175,41
177,278
178,159
178,230
181,186
182,109
186,104
187,24
189,73
189,87
189,184
190,176
191,27
191,167
193,135
193,137
193,160
193,279
196,42
197,157
197,171
200,5
200,17
200,28
200,257
201,103
201,140
201,291
202,51
203,99
203,125
203,133
203,260
204,70
206,119
208,86
210,33
210,190
213,294
214,85
215,23
216,94
216,134
218,178
218,191
219,88
219,267
220,268
221,100
221,187
222,26
224,3
225,51
225,295
226,252
228,54
228,177
233,5
233,89
235,39
236,43
236,231
237,66
237,190
238,164
239,67
240,269
243,0
244,63
245,130
246,172
247,117
250,66
250,106
251,76
253,6
253,180
254,238
255,44
256,32
256,155
256,242
257,18
259,95
260,7
260,218
261,158
264,49
264,155
264,292
265,1
265,175
266,208
267,149
267,206
267,283
269,58
269,177
269,205
269,208
269,246
270,162
271,144
272,206
275,61
276,99
277,153
277,166
277,205
279,40
280,272
281,289
282,68
285,258
286,21
287,50
287,296
289,36
289,235
291,2
292,151
293,75
293,201
294,203
295,90
296,80
298,57
299,110
