source,target
0,226
4,84
5,23
5,141
5,279
7,2
7,78
7,170
7,252
8,53
8,206
8,250
8,297
10,93
12,194
14,16
15,245
15,299
16,291
17,3
17,183
19,135
19,249
20,230
22,204
22,265
24,275
25,289
26,60
26,123
26,277
28,278
29,180
30,244
31,85
31,164
31,196
31,223
32,58
32,233
33,221
35,92
36,10
38,3
39,54
39,95
40,86
40,101
41,242
44,129
45,286
46,234
46,270
47,65
49,224
51,163
51,188
52,165
52,238
53,24
54,42
54,263
54,273
56,127
56,227
59,57
61,37
61,166
64,258
66,50
66,153
67,55
67,286
71,253
74,148
78,87
79,98
80,34
80,99
81,241
83,47
83,284
84,239
87,158
89,82
89,134
89,157
89,287
90,254
93,83
97,111
97,149
98,215
98,230
100,197
102,94
105,85
106,179
106,288
107,0
107,1
108,97
109,232
110,228
110,290
112,146
112,201
112,296
115,140
116,173
116,178
117,81
117,104
117,120
117,237
118,83
119,112
120,75
120,217
120,293
121,65
121,77
123,6
125,110
126,240
127,116
129,185
129,186
129,236
130,73
131,236
132,73
135,70
135,219
136,35
136,40
136,267
136,276
138,132
139,100
140,192
142,94
143,200
144,220
145,170
147,137
148,20
149,117
149,189
149,201
150,62
150,136
151,66
153,182
153,195
153,298
154,156
156,145
157,210
157,262
158,89
158,261
160,18
161,33
162,59
162,270
163,48
163,79
163,177
164,72
166,25
166,211
167,296
169,155
170,68
171,46
171,258
171,285
173,13
174,247
175,96
175,282
175,295
176,45
176,138
178,38
178,259
179,194
179,271
180,17
180,43
180,168
182,11
182,193
182,287
183,216
184,27
184,175
185,91
186,51
191,119
192,21
192,173
194,102
198,172
198,206
199,29
200,297
202,26
205,160
208,283
208,288
209,105
209,255
210,203
211,196
213,12
215,108
215,244
216,23
216,144
217,80
219,187
220,225
221,100
221,152
221,169
221,189
221,212
222,36
224,44
225,7
226,69
226,202
228,113
228,207
229,93
229,113
229,177
230,214
231,106
232,52
233,135
235,22
235,159
238,154
238,181
240,46
240,49
240,292
243,118
246,172
247,14
247,239
248,74
249,109
251,208
253,39
254,248
255,128
256,283
257,123
257,124
259,63
260,125
262,61
264,48
268,30
268,137
269,222
271,134
272,76
272,150
273,211
274,81
275,231
276,18
276,214
277,82
278,133
280,141
281,59
281,88
282,68
286,266
287,9
287,28
287,67
287,103
289,235
290,218
291,126
291,190
291,265
292,114
294,90
295,122
297,242
299,229
