source,target
0,219
1,10
1,148
1,158
3,224
5,24
7,150
9,230
12,96
12,178
12,185
14,149
15,153
16,48
16,198
18,163
20,272
20,280
21,75
21,278
21,291
24,260
25,277
26,256
27,175
27,238
28,193
29,58
29,155
30,37
30,161
31,218
32,106
32,114
32,156
33,281
34,173
35,92
38,230
39,184
40,67
40,135
41,95
41,209
42,54
43,236
46,3
46,22
46,114
48,251
50,62
53,82
53,146
53,239
54,273
57,265
59,270
59,284
62,35
62,201
63,115
63,217
64,258
65,83
65,227
66,14
68,9
68,163
70,192
71,185
72,82
73,44
73,168
73,229
75,119
78,23
78,74
79,292
80,296
81,206
82,100
82,253
83,102
83,213
84,11
90,8
90,80
94,216
97,144
103,11
103,290
104,117
104,133
105,85
105,158
106,179
108,233
109,98
109,249
110,125
111,216
112,72
112,188
113,137
114,140
115,165
116,147
117,244
120,197
121,6
121,237
122,295
123,39
123,65
124,126
124,128
125,220
127,279
130,270
130,294
132,32
132,294
133,157
135,199
136,276
141,262
142,132
142,151
144,112
145,4
145,221
146,187
147,2
147,204
148,36
150,195
150,250
152,1
152,84
152,138
153,268
154,62
154,172
155,50
155,77
155,263
156,87
156,152
157,203
158,111
158,134
158,271
159,194
160,287
161,64
161,121
162,47
162,252
163,107
165,164
165,272
167,103
169,4
169,91
171,46
171,285
172,49
172,214
174,143
176,266
177,71
177,170
178,3
179,222
180,130
181,43
182,183
182,249
183,78
183,154
187,139
189,203
189,278
189,286
190,201
190,221
191,16
191,27
192,253
193,189
194,282
195,274
196,162
196,211
196,269
197,37
199,29
200,273
201,232
202,252
205,59
205,246
207,26
208,2
208,8
208,86
208,231
208,283
210,94
210,233
211,207
212,93
212,242
213,68
213,267
214,142
214,143
215,146
218,73
218,76
218,89
219,127
221,56
221,186
222,101
224,60
224,288
225,76
226,25
226,113
226,264
228,28
229,6
229,88
229,113
229,298
234,285
235,134
236,131
239,31
239,43
239,149
239,165
239,293
240,49
241,55
241,238
242,180
245,66
247,174
248,40
249,17
249,19
249,254
253,159
253,297
255,190
255,209
256,51
256,245
257,69
257,124
259,41
260,7
260,27
260,99
261,19
261,126
261,223
265,264
266,269
267,109
267,200
267,206
268,293
273,118
274,247
275,61
275,78
275,262
276,291
277,160
278,52
279,129
279,187
281,95
285,243
286,13
286,45
286,53
287,84
289,166
289,299
291,125
292,129
294,122
296,97
299,173
299,228
