source,target
0,36
0,55
1,2
2,37
3,11
4,16
4,51
4,68
5,14
6,46
8,60
9,94
10,35
10,48
13,82
13,93
14,97
15,59
16,62
16,80
18,43
19,45
23,9
23,75
25,50
26,57
29,12
30,15
30,38
31,56
31,95
32,21
32,42
33,4
33,87
33,89
34,85
37,64
37,97
38,18
39,15
39,24
40,19
40,25
41,1
44,32
45,13
45,64
47,28
47,98
48,7
49,0
50,6
53,11
53,83
57,12
57,28
57,50
60,53
60,67
61,10
63,47
66,22
66,73
70,67
71,33
71,91
72,65
73,10
73,30
73,69
74,8
77,9
77,90
78,25
79,49
81,52
82,86
83,66
84,44
84,76
85,20
85,43
85,88
86,36
86,77
88,84
88,99
89,17
89,74
90,58
90,71
92,81
94,27
94,65
94,96
95,96
96,52
96,54
