source,target
1,2
3,79
5,35
5,68
5,98
6,13
7,12
7,16
9,44
9,91
10,96
11,23
13,9
14,46
14,97
15,3
15,39
18,33
18,90
19,17
19,20
20,31
20,85
21,0
22,68
23,29
24,41
24,65
26,27
28,26
28,87
29,6
29,80
31,72
32,61
32,88
33,64
33,76
34,8
34,21
34,43
36,45
39,32
42,67
45,17
46,19
47,28
47,93
48,51
49,57
52,74
53,0
53,55
54,35
54,59
54,75
56,10
57,12
57,50
57,78
57,82
58,77
58,84
60,53
62,30
62,66
63,25
63,69
66,4
67,14
69,56
70,37
70,40
71,18
71,89
72,5
72,65
72,70
73,77
73,81
74,62
76,51
76,94
77,38
80,59
81,42
82,58
86,11
87,8
87,13
87,99
88,36
92,64
94,2
94,52
96,54
96,83
96,95
98,1
