source,target
0,30
0,96
1,41
1,73
3,16
5,54
7,38
9,1
9,46
9,92
9,99
10,57
13,8
14,5
14,27
14,67
15,13
17,3
18,86
19,4
20,52
21,44
22,68
25,32
25,95
27,78
27,94
28,26
28,45
29,51
29,80
31,56
31,72
32,8
32,50
32,66
32,76
32,88
34,43
34,74
35,98
36,42
37,64
37,97
38,18
38,39
38,72
40,54
40,70
42,15
44,53
44,74
44,84
44,90
45,60
48,4
50,6
50,11
50,12
50,61
51,48
53,0
54,49
59,49
60,89
62,30
63,71
64,66
64,93
66,85
68,21
68,65
69,75
71,90
71,91
73,33
73,47
75,23
76,10
77,55
80,16
80,25
80,94
81,82
84,58
84,83
85,20
86,9
87,62
89,17
93,2
94,79
96,24
96,35
96,73
96,75
98,14
99,55
99,82
