source,target
0,11
2,47
3,15
3,17
3,65
5,98
6,44
7,12
7,92
8,58
8,81
10,56
11,76
13,21
18,74
18,86
18,88
18,90
20,22
20,31
20,33
22,30
22,68
24,72
25,63
26,28
27,26
27,78
28,74
29,12
29,80
30,66
32,75
34,23
34,36
34,84
34,85
37,70
37,97
39,38
39,59
42,94
44,0
44,55
46,73
46,94
47,90
47,93
48,10
49,29
49,69
49,87
51,48
53,40
53,60
55,19
56,31
57,24
57,97
59,57
60,8
60,25
60,45
60,80
61,41
65,58
65,61
66,53
67,39
71,4
71,91
72,96
74,50
75,23
76,45
77,20
77,35
77,86
79,3
80,16
81,13
81,52
83,5
84,79
85,43
88,9
89,15
90,82
91,36
93,64
95,25
96,6
96,54
96,73
97,14
98,1
98,13
99,62
99,88
