source,target
1,41
2,18
2,36
2,77
3,11
3,16
3,17
3,65
3,68
6,21
6,46
7,12
8,39
8,58
9,99
10,56
10,96
13,33
13,37
13,51
13,93
14,27
15,22
15,89
17,55
17,90
18,63
18,64
19,2
19,40
19,66
21,44
23,34
24,47
24,76
25,50
25,57
27,94
28,87
30,0
30,38
32,75
33,60
34,45
35,10
36,45
36,47
39,42
39,61
39,67
40,72
43,98
45,1
46,7
46,9
46,88
46,94
49,29
49,54
49,69
50,6
50,85
51,0
51,4
51,78
53,48
53,60
54,36
55,62
59,80
62,20
64,97
67,64
67,70
72,5
73,43
74,32
74,52
74,62
74,92
75,8
75,84
79,49
80,84
81,90
82,58
83,51
86,19
87,71
89,7
89,26
91,74
91,87
93,86
95,25
96,95
97,31
98,35
99,91
