source,target
1,87
1,97
2,6
3,17
3,54
5,11
5,13
5,48
5,49
5,67
5,87
6,72
7,18
7,26
7,46
8,16
9,28
10,5
15,43
15,82
16,71
18,73
19,12
19,47
21,4
21,44
23,24
23,33
24,60
24,76
25,41
27,64
28,20
29,22
29,55
31,74
34,78
35,42
36,84
36,98
37,50
37,80
38,99
39,7
39,55
39,92
40,21
42,3
43,30
43,46
44,53
45,9
45,74
46,21
47,39
47,58
47,89
48,93
51,65
54,0
54,63
54,75
56,82
57,9
57,25
59,36
59,45
60,89
60,95
61,83
62,23
63,57
64,91
66,2
67,66
69,35
71,62
72,19
73,69
77,29
78,56
79,98
80,25
80,32
81,37
81,68
81,94
83,26
85,70
86,49
88,64
88,81
90,77
92,65
94,70
96,10
96,14
96,52
99,4
