source,target
1,14
1,51
2,6
3,42
5,79
7,76
8,18
9,53
10,5
12,1
12,50
14,87
15,25
15,56
15,60
17,52
19,72
21,4
21,44
22,68
24,55
25,80
25,89
26,47
26,76
28,20
29,57
29,91
30,38
30,71
31,74
31,96
33,23
33,84
34,31
35,34
36,53
36,73
37,30
37,81
37,82
38,28
38,91
39,54
40,29
43,69
46,12
47,58
47,67
49,5
49,15
49,41
49,92
50,93
51,16
51,45
51,65
52,6
52,64
53,0
53,44
55,7
55,66
58,62
59,68
59,92
61,83
64,75
64,88
65,36
67,32
68,13
70,94
71,46
71,84
72,11
72,24
72,96
73,85
74,3
75,43
80,32
80,37
80,43
80,77
81,78
83,26
84,8
84,39
84,63
90,8
91,27
94,81
95,86
95,87
97,35
98,70
99,38
99,48
