source,target
4,48
4,99
5,79
5,92
6,96
8,1
8,90
9,3
9,28
9,53
11,5
12,46
15,14
15,38
15,56
15,82
16,44
16,51
16,67
17,52
21,44
21,93
21,94
23,33
23,66
24,60
24,61
24,76
26,83
32,80
34,17
34,35
36,4
36,98
38,58
39,84
41,63
43,30
43,89
43,91
44,25
46,85
47,18
48,10
48,42
49,43
49,73
50,12
50,27
51,13
53,20
53,54
53,95
54,86
55,40
55,66
62,9
63,0
63,57
64,50
69,73
70,60
70,81
71,16
71,23
72,19
72,32
73,65
73,74
73,97
75,64
76,26
77,29
78,24
80,18
80,88
81,68
82,22
82,37
83,7
83,47
84,21
84,63
84,91
85,2
85,78
87,41
90,25
90,45
90,77
92,49
92,59
93,36
93,52
95,22
95,87
96,31
96,48
99,75
