source,target
0,90
1,12
1,18
1,49
2,17
2,98
5,10
5,31
6,33
6,53
7,28
7,76
7,83
8,92
9,97
11,6
15,14
15,41
16,71
19,74
20,0
21,46
22,62
24,67
24,72
25,89
26,29
27,2
27,23
28,85
31,74
33,72
34,17
36,4
36,25
36,65
36,98
37,44
38,15
38,46
39,54
40,7
42,3
42,24
43,82
44,53
45,0
45,16
45,18
47,38
47,58
47,89
49,30
49,41
49,60
49,73
51,1
52,27
53,9
55,22
59,43
59,95
61,83
62,66
63,54
63,60
64,52
64,66
64,75
67,47
68,13
68,81
69,35
69,80
72,31
73,69
76,55
78,42
78,56
79,5
80,91
81,88
84,8
87,11
87,77
88,64
88,86
91,29
91,43
91,84
93,36
93,48
93,50
93,57
94,21
94,70
96,32
96,93
99,4
