source,target
0,45
4,99
5,48
5,79
5,87
6,11
7,28
8,1
8,92
9,3
9,41
10,93
11,49
12,1
12,50
15,51
16,51
16,67
16,97
18,20
18,40
18,47
18,58
21,94
22,55
22,82
24,61
24,78
25,44
25,57
25,90
27,64
30,49
31,5
31,96
33,23
33,72
34,19
34,35
36,68
37,21
38,91
39,7
39,95
40,52
42,17
43,30
43,60
43,89
46,13
46,71
47,67
48,4
48,42
51,65
51,66
53,60
54,41
55,39
55,76
57,29
57,63
57,73
59,43
59,45
63,15
63,54
66,62
67,32
68,22
69,35
70,36
71,16
74,31
75,30
76,26
77,40
78,56
78,85
80,25
80,69
80,88
82,81
83,50
85,2
85,18
86,95
87,14
88,72
91,27
91,80
91,84
92,7
92,16
92,59
93,52
94,75
98,79
99,97
