source,target
0,24
2,12
2,78
3,22
3,42
6,41
6,80
6,91
7,53
9,43
10,77
10,82
11,63
12,88
13,71
13,83
15,57
15,73
18,61
19,56
20,7
20,59
23,29
25,4
26,28
26,57
31,37
33,75
34,23
34,65
38,10
39,74
40,50
40,55
42,17
42,44
43,11
43,65
43,69
45,41
46,90
47,39
48,13
48,19
48,87
48,93
49,30
50,42
50,52
52,31
53,51
54,68
54,96
55,35
56,21
58,72
58,74
59,48
60,1
60,80
61,47
62,76
62,97
65,30
66,98
67,2
69,38
71,60
73,9
75,79
78,46
79,25
79,39
79,92
81,70
81,95
84,20
84,36
86,8
86,64
86,68
87,16
89,12
90,10
90,33
90,52
91,5
91,85
91,86
92,5
92,66
93,14
94,31
95,32
95,54
97,27
97,99
98,24
99,84
