source,target
0,92
2,12
2,75
3,7
3,20
3,22
3,42
3,56
3,72
3,84
3,85
4,98
5,1
8,59
8,93
9,43
10,15
10,69
12,43
15,52
16,23
16,25
16,47
18,34
20,96
23,37
24,46
25,21
25,28
25,75
25,93
26,23
27,47
30,34
31,95
33,62
35,1
38,70
39,41
40,7
43,11
44,83
45,19
46,16
46,29
48,95
49,58
49,65
50,51
51,11
51,91
53,50
54,32
54,39
54,68
55,17
55,35
55,54
57,6
58,9
58,74
61,71
64,15
64,45
66,57
66,63
66,76
67,88
69,88
69,97
70,24
71,63
71,90
73,59
76,36
77,4
78,29
79,86
80,38
81,82
83,13
83,61
84,32
84,99
86,8
87,66
87,81
87,97
89,3
90,33
90,80
90,92
94,18
94,56
97,60
98,26
98,48
99,14
99,44
