source,target
0,59
1,35
3,20
3,41
3,42
3,50
3,56
4,92
4,98
6,74
9,10
9,21
9,51
10,40
10,46
10,77
10,81
10,85
13,50
14,39
14,93
17,1
18,65
18,82
19,45
19,72
21,64
21,69
21,80
22,39
25,4
28,9
28,15
28,54
30,14
30,23
31,28
32,16
32,17
33,52
33,57
34,60
36,91
37,0
37,31
38,18
42,53
43,12
43,70
44,20
47,16
49,25
50,48
53,54
53,68
55,71
63,90
65,43
66,87
67,88
71,33
71,38
72,49
72,58
73,46
75,23
76,11
76,36
76,61
77,60
78,2
78,27
78,29
78,88
79,33
83,61
84,3
84,7
85,82
85,89
86,96
87,24
89,17
89,78
90,21
91,32
92,26
92,65
93,5
93,8
93,79
94,66
95,44
96,19
96,62
96,74
97,30
97,87
99,56
