source,target
1,5
3,22
3,72
4,75
6,28
7,84
8,68
10,11
12,38
13,1
13,4
13,48
13,59
14,35
14,39
14,68
15,33
16,10
17,64
18,38
20,37
22,13
22,96
23,30
23,33
23,60
23,66
26,11
26,57
27,92
28,40
28,47
28,77
28,87
29,77
30,49
30,78
32,17
32,81
34,52
34,61
34,76
36,3
36,76
37,90
39,49
41,6
41,19
43,69
44,56
44,83
45,91
49,93
51,70
52,31
54,2
54,28
54,42
54,53
54,84
54,95
55,71
56,94
56,99
57,67
58,59
58,74
61,86
63,9
64,55
71,58
72,91
75,21
75,37
75,80
76,43
76,62
78,21
79,46
79,87
80,6
80,98
81,70
82,81
85,73
87,97
88,12
88,34
88,63
89,43
92,18
93,25
93,73
95,50
96,0
97,65
98,24
98,57
99,95
