source,target
0,59
1,60
3,7
3,42
3,96
6,25
8,76
8,84
10,9
10,40
13,35
14,54
16,23
16,98
17,42
18,77
21,43
21,78
22,13
22,39
23,26
23,66
24,67
25,4
25,92
26,57
26,89
27,79
29,87
33,87
34,52
34,73
35,51
36,72
37,33
37,44
37,61
37,63
37,75
37,80
38,71
41,3
41,6
42,53
43,18
44,74
45,55
45,64
46,24
46,37
47,16
47,22
50,36
51,50
51,70
51,91
54,28
55,32
55,40
55,68
56,45
57,15
59,8
59,49
68,14
69,12
69,43
70,81
70,82
71,58
71,90
73,46
75,2
75,21
76,16
76,62
78,27
79,99
83,95
84,48
86,96
88,18
89,85
90,23
92,11
92,24
92,65
93,5
94,31
94,34
94,54
95,1
95,93
95,94
96,19
96,20
97,60
99,30
99,47
