source,target
1,35
2,67
3,32
4,26
8,86
9,23
9,29
9,73
9,80
10,16
10,37
10,90
11,51
11,93
12,73
12,78
14,19
15,12
15,52
16,25
17,13
22,13
22,42
24,11
24,21
26,0
26,18
26,68
27,23
27,47
28,4
29,58
29,98
30,52
32,64
33,46
33,57
33,60
35,14
35,55
36,3
37,31
38,15
40,7
40,10
40,48
42,39
42,85
43,61
46,29
49,6
50,95
53,54
53,59
54,2
54,32
54,95
56,39
60,20
61,34
61,82
61,83
63,71
65,79
65,92
66,89
66,94
67,90
69,33
70,43
71,5
72,36
72,45
74,14
74,40
74,44
75,71
77,19
78,88
78,97
79,75
81,38
83,42
83,74
84,99
85,76
85,96
87,81
88,70
90,26
90,63
91,8
91,41
91,45
93,49
94,80
95,93
97,62
99,64
