source,target
3,22
6,91
8,0
8,18
9,73
10,82
11,93
12,15
13,4
13,35
14,1
15,69
18,68
19,20
19,48
23,26
24,46
25,21
28,87
32,3
32,13
32,55
32,81
34,73
35,5
35,51
37,80
37,92
38,18
38,70
39,79
40,48
42,83
43,15
43,61
43,70
43,76
44,75
45,19
46,30
46,37
49,64
49,99
50,95
51,53
52,33
53,42
54,47
56,61
56,94
58,72
60,33
61,34
61,47
63,66
65,97
66,24
67,57
71,63
72,74
74,41
74,44
75,16
76,11
76,36
76,62
76,95
77,94
78,23
78,25
78,27
78,88
79,71
79,99
82,98
83,14
83,17
83,20
83,59
84,7
84,68
85,89
87,23
87,29
88,85
88,96
90,52
90,86
91,2
91,45
91,90
92,28
93,6
95,31
96,5
97,16
97,90
98,43
98,57
