source,target
2,18
2,39
3,8
3,41
3,42
3,45
4,91
6,49
6,80
8,59
10,69
11,26
12,69
13,17
13,64
14,1
14,3
14,30
15,57
21,90
22,45
24,67
28,25
28,26
28,74
29,46
39,56
42,53
42,85
43,98
48,86
49,36
49,95
50,40
50,84
51,35
51,47
52,57
52,94
53,68
54,14
54,20
54,74
55,17
56,44
56,99
58,71
60,20
62,76
63,10
63,70
64,7
64,32
65,18
66,87
67,90
70,38
70,82
71,61
71,79
72,38
72,83
72,92
72,93
73,9
73,78
76,47
76,66
76,95
77,19
77,60
77,87
78,23
78,27
78,46
80,37
81,55
84,75
85,34
85,89
86,50
86,96
89,43
90,16
90,23
90,71
91,8
91,32
92,0
92,5
92,88
93,75
93,99
94,77
95,31
97,65
98,33
98,48
99,21
