source,target
0,8
1,13
2,75
3,7
3,22
3,41
3,45
4,9
5,35
8,84
9,23
9,29
9,63
10,21
12,37
13,32
18,92
20,44
20,96
21,24
21,56
21,95
22,42
26,0
28,47
30,46
30,65
30,78
30,80
30,91
31,95
33,4
33,62
34,85
34,88
35,14
35,55
36,76
37,90
37,94
38,25
38,37
38,92
39,29
39,49
39,54
41,39
43,11
43,69
47,61
47,76
48,13
48,40
48,87
50,35
50,48
50,52
51,55
52,15
53,7
57,6
57,26
57,67
58,71
59,64
61,18
61,82
63,10
64,17
66,33
66,61
68,54
69,16
69,38
70,52
71,60
71,68
72,74
72,99
73,34
75,20
75,81
75,93
77,19
78,12
87,73
87,83
88,66
89,43
90,79
92,26
92,27
93,77
94,86
94,98
96,3
97,16
99,21
99,64
