source,target
0,28
2,39
3,7
3,14
3,32
3,56
3,89
3,91
5,31
6,57
8,91
9,38
9,58
10,21
10,29
11,25
11,96
13,59
13,60
13,83
14,19
16,10
16,85
17,64
19,62
21,15
21,78
23,9
23,88
34,30
34,65
34,92
35,13
36,4
36,76
37,0
37,63
40,18
41,22
42,22
42,47
43,51
45,50
45,56
45,61
46,31
46,80
47,99
50,40
51,35
52,18
54,42
54,84
56,39
58,71
60,34
60,97
63,94
64,1
65,49
67,24
67,57
67,90
69,43
70,88
71,46
71,55
71,68
72,45
74,3
74,53
75,20
78,23
80,67
82,40
82,70
82,81
84,48
84,64
87,48
88,12
88,44
88,63
88,66
88,98
90,11
90,26
90,33
90,86
92,72
92,76
92,79
93,73
93,77
93,84
96,20
98,27
99,16
99,95
