source,target
1,60
2,36
3,50
3,74
4,51
4,76
8,86
9,15
10,80
10,98
11,70
11,93
12,2
12,73
13,50
14,49
15,64
18,88
21,4
21,68
22,45
22,47
23,16
24,30
24,66
25,94
26,92
27,24
27,79
28,87
29,46
30,6
30,21
30,29
30,73
33,75
33,79
37,0
37,31
38,25
39,42
39,47
39,84
41,19
41,74
43,69
43,85
43,89
44,83
45,14
45,72
49,6
49,93
52,77
54,20
54,28
54,32
55,17
55,35
56,99
57,66
59,7
60,77
61,37
62,96
64,40
64,55
64,59
65,18
66,52
67,78
68,8
68,53
68,55
71,33
72,58
78,2
79,92
80,89
81,95
82,61
83,59
85,3
85,34
85,82
85,86
85,88
86,56
88,63
90,71
91,5
91,90
94,28
94,97
95,3
95,48
96,22
97,23
97,62
