source,target
2,39
4,30
6,41
7,96
9,4
10,27
10,61
11,76
12,78
13,17
13,71
14,1
14,8
15,38
16,95
18,52
18,82
19,45
20,5
20,59
22,72
22,96
24,21
24,66
24,92
26,98
27,4
28,15
28,40
29,23
29,87
30,25
33,60
33,62
33,80
34,52
35,14
35,51
37,31
37,63
37,94
38,75
38,88
41,77
41,91
43,12
43,70
45,3
45,14
45,64
46,37
46,97
47,42
47,53
47,76
49,65
50,36
50,48
54,50
54,55
54,86
57,26
59,58
59,68
63,88
64,7
65,34
65,90
66,57
68,53
69,33
72,28
72,59
74,19
75,2
77,29
77,54
78,29
79,46
80,6
80,9
81,10
81,32
81,71
83,47
84,49
85,43
86,68
88,44
89,3
90,67
90,79
93,73
94,73
95,99
96,0
98,94
99,56
99,84
