source,target
1,95
2,75
3,8
3,20
4,13
4,27
5,1
9,10
10,80
11,2
15,33
17,55
18,23
18,40
18,83
19,20
20,44
22,47
23,60
24,70
25,24
25,78
25,92
26,68
26,98
28,25
28,97
29,30
29,84
31,5
32,16
33,52
33,94
34,65
34,85
35,51
36,76
37,0
38,23
39,21
39,50
43,38
43,51
43,69
45,19
45,50
45,56
46,71
48,77
49,14
49,36
50,13
50,53
51,91
51,99
52,31
54,42
54,86
55,35
56,43
59,0
61,34
61,37
61,67
64,15
66,57
72,58
72,93
73,29
74,72
75,38
75,80
75,81
76,47
77,41
77,87
78,88
80,6
80,46
82,70
84,7
86,91
87,24
88,63
88,66
88,96
89,3
89,12
90,71
93,9
93,79
95,21
96,7
96,11
96,62
98,32
98,43
98,61
98,76
