source,target
1,48
2,225
3,188
4,45
4,78
4,172
6,7
6,157
8,42
8,192
9,131
10,53
10,249
12,229
13,178
14,104
15,296
16,214
16,233
17,59
17,250
18,240
20,89
20,211
22,123
22,170
22,270
22,294
23,61
26,141
28,289
31,109
31,206
32,16
32,136
33,36
33,109
35,279
37,153
37,171
39,269
42,237
42,251
46,57
46,113
46,231
51,98
51,122
51,132
51,138
52,111
52,139
53,0
53,97
54,34
54,117
55,64
55,262
56,89
60,93
61,185
61,281
63,65
67,77
68,101
72,2
72,151
75,173
77,95
77,136
79,268
79,290
82,125
82,156
83,195
84,9
85,199
86,31
88,105
90,19
90,103
90,135
91,203
92,164
93,80
93,279
93,288
96,277
97,74
97,168
98,126
98,273
99,67
102,196
102,234
104,58
104,255
106,191
111,243
112,190
112,285
113,18
113,178
116,139
117,124
118,38
118,51
121,66
121,187
123,269
124,108
125,44
126,23
126,129
126,161
128,159
130,39
131,96
131,293
133,84
134,52
134,166
140,32
141,92
142,145
143,41
143,287
144,246
144,257
145,220
148,47
148,155
148,235
150,43
150,198
150,263
153,146
153,154
153,175
153,253
154,27
154,120
155,186
156,20
157,107
157,134
157,283
158,248
160,83
162,76
162,123
162,159
162,244
163,19
163,160
163,213
164,137
167,70
168,69
168,227
170,15
170,209
175,212
176,163
177,189
178,232
179,181
179,293
180,278
181,169
183,13
185,10
185,220
188,87
189,176
191,280
197,158
197,194
199,54
199,119
200,146
200,291
201,231
201,262
202,11
202,29
202,224
203,160
204,59
204,266
205,72
206,217
207,27
207,193
208,6
209,256
210,21
210,167
211,40
211,299
213,282
215,297
216,80
216,92
216,110
217,82
218,236
219,5
219,142
220,50
221,11
221,30
221,49
221,149
222,286
223,165
223,208
224,100
224,148
225,88
226,25
226,152
226,254
226,292
227,188
227,261
228,40
228,127
229,276
230,173
230,174
230,292
231,62
232,272
233,247
233,249
233,274
234,201
235,21
235,118
236,37
236,275
238,275
239,0
239,108
240,28
240,81
241,284
242,115
242,267
243,79
245,184
246,175
248,102
250,181
251,12
252,68
252,88
254,73
254,179
254,182
255,86
255,120
255,256
256,93
258,237
259,184
259,223
260,259
261,1
261,242
261,252
263,71
263,166
263,222
264,204
265,57
268,218
271,99
276,114
276,197
277,213
277,239
278,216
280,14
280,94
280,147
282,284
285,177
286,24
286,65
287,169
289,38
289,66
295,78
295,260
297,71
298,232
299,242
