source,target
0,126
2,1
2,108
4,48
4,198
4,277
5,75
5,207
6,190
8,163
9,184
10,17
10,224
12,230
15,296
17,35
17,144
20,286
21,85
21,244
31,11
31,30
31,247
31,272
32,224
33,105
33,177
33,283
35,71
36,292
38,206
39,219
42,221
43,164
43,210
45,241
46,112
47,148
47,210
50,27
50,165
51,7
52,285
53,37
55,136
56,82
57,91
57,107
58,274
63,12
63,236
66,103
66,121
66,179
67,57
67,77
67,92
68,19
70,173
71,43
71,197
74,262
78,248
78,295
80,41
80,110
81,125
81,271
82,47
83,160
84,239
84,242
85,50
85,181
85,219
85,225
88,21
88,79
88,131
88,220
89,199
90,113
90,135
91,289
93,124
93,174
93,183
93,281
93,292
94,132
94,261
94,269
96,238
98,188
98,243
99,89
100,265
100,277
101,208
105,128
105,185
106,225
108,274
108,297
110,193
112,222
113,162
113,235
114,282
115,145
116,52
116,104
116,201
117,100
119,255
120,212
121,169
122,174
123,3
124,9
126,65
130,30
131,54
131,59
132,189
133,254
134,24
134,157
136,171
138,93
139,130
140,10
140,245
141,226
142,64
142,162
142,192
142,209
145,102
146,260
148,294
151,38
151,154
152,8
153,40
153,61
154,284
157,261
157,298
158,273
159,172
159,183
162,150
163,2
164,98
165,99
166,196
167,39
168,142
168,201
170,29
170,87
170,299
171,234
173,232
175,158
175,246
176,79
176,156
178,0
178,232
179,187
180,49
180,111
180,168
181,252
182,97
184,15
184,259
184,263
186,152
187,156
187,226
188,4
188,200
190,101
190,195
191,16
191,76
191,144
192,18
195,51
195,180
199,249
200,119
201,23
202,151
203,69
203,166
203,175
204,159
205,140
205,238
207,138
209,237
213,52
213,72
214,109
214,202
214,266
215,291
216,126
216,211
217,116
220,161
221,56
222,51
222,73
222,282
223,1
224,127
227,170
229,86
229,280
231,123
231,233
233,22
233,90
236,279
237,171
237,229
238,25
238,137
240,95
240,241
240,272
241,194
241,278
242,134
246,133
247,114
248,107
249,178
250,213
251,37
251,147
251,220
254,66
255,6
255,61
255,83
255,129
255,149
255,155
255,218
256,13
256,65
260,110
261,257
262,64
263,80
263,88
263,102
264,214
266,253
266,258
267,14
267,81
270,257
270,268
271,28
273,60
274,34
275,96
276,149
276,154
278,228
279,33
279,271
280,20
280,62
280,120
280,131
283,26
283,205
287,38
287,118
288,20
289,217
290,186
291,4
291,44
291,68
291,143
293,211
297,198
298,182
298,216
299,31
