source,target
0,237
3,119
3,242
4,129
4,169
5,113
6,10
6,25
6,138
6,284
7,178
8,1
10,245
13,136
14,5
16,191
17,122
21,15
21,154
21,297
23,19
24,11
24,190
26,65
26,283
27,43
28,84
30,39
30,45
30,86
31,269
32,62
33,36
34,37
34,54
37,114
38,211
38,227
41,225
42,55
42,82
42,183
42,247
46,57
47,117
47,219
49,165
52,233
53,0
53,42
53,70
55,193
56,17
58,107
58,248
59,263
62,26
63,164
63,272
64,54
65,8
65,22
65,77
65,92
66,14
67,82
69,193
70,9
71,181
74,55
74,142
74,200
76,291
77,124
77,194
78,56
78,80
79,86
79,220
81,147
81,240
82,177
83,4
83,57
84,241
85,23
85,31
85,53
87,63
88,134
89,12
94,95
95,41
95,254
97,292
98,249
99,299
100,155
101,112
103,170
103,223
103,264
103,280
105,146
106,222
106,243
107,256
108,58
108,61
108,138
108,175
108,192
108,234
109,33
109,67
109,199
113,128
113,178
113,276
114,109
116,69
116,215
117,168
120,171
121,163
121,252
124,214
124,224
124,271
125,282
126,274
127,265
130,44
131,189
132,240
135,28
135,239
137,40
137,257
138,207
138,282
139,52
140,179
144,32
144,153
145,182
148,27
149,167
149,268
149,277
150,2
151,223
153,143
153,188
153,276
154,59
156,81
157,146
158,157
159,73
160,195
163,159
165,97
166,110
167,244
168,150
168,232
168,287
169,265
169,278
170,35
171,83
172,51
173,145
173,294
174,23
174,104
175,50
180,24
181,90
181,141
181,201
186,118
186,134
186,290
187,126
189,230
190,270
192,68
193,12
193,295
195,180
201,297
202,16
202,29
202,100
202,162
203,42
205,91
205,140
208,275
209,191
210,30
212,79
212,136
216,20
216,156
220,221
221,81
221,149
223,48
223,179
223,185
224,99
224,102
224,196
224,234
224,253
224,296
225,139
225,152
226,93
227,170
228,273
229,3
230,10
230,288
231,71
233,115
233,210
235,18
235,197
236,198
236,285
236,298
241,120
241,259
242,135
242,261
243,66
246,121
246,133
249,27
249,72
249,111
249,202
249,203
249,262
250,175
254,44
255,218
256,93
256,260
257,60
257,75
257,115
257,172
260,85
262,251
263,203
266,161
267,207
268,112
268,158
268,206
268,218
268,238
268,291
269,258
270,88
270,217
271,286
274,94
274,164
274,204
275,15
275,96
276,110
276,236
278,144
278,159
279,226
280,123
280,229
280,266
281,255
284,293
287,151
287,176
288,213
289,145
289,235
290,72
291,228
292,17
292,205
294,103
294,184
297,157
