source,target
0,39
0,110
2,57
4,134
5,183
5,191
5,286
6,190
8,250
8,299
11,40
12,97
12,201
12,206
12,230
15,80
15,140
17,97
20,33
20,204
21,154
21,167
21,212
22,194
23,165
24,46
24,197
26,81
29,176
30,251
30,294
31,30
31,98
31,109
32,256
35,17
36,278
37,247
38,108
38,127
41,53
42,77
45,153
46,188
46,234
47,10
47,135
47,136
47,294
51,260
52,100
52,222
53,238
54,131
54,199
56,141
57,4
58,104
58,265
58,274
59,12
59,160
62,44
62,220
63,210
63,269
65,272
67,177
67,197
68,7
68,82
71,72
72,2
76,291
77,157
80,25
80,59
80,220
81,55
81,183
82,27
82,66
84,213
85,266
86,23
88,198
88,239
89,37
90,221
92,173
93,79
93,226
95,107
97,115
98,52
102,271
102,275
103,193
103,236
104,28
104,141
104,255
105,91
106,291
107,297
108,9
108,248
109,11
110,102
110,138
112,99
114,7
116,150
117,290
119,210
120,144
122,228
124,241
125,70
125,242
126,155
127,48
127,118
129,155
130,90
131,75
131,259
132,159
132,185
133,60
133,243
133,246
134,18
134,215
135,230
137,200
139,125
139,235
140,128
141,289
144,61
144,228
145,196
146,105
147,32
147,233
149,0
149,50
149,157
149,226
150,252
151,95
152,225
153,217
154,113
154,121
158,295
165,99
165,154
166,34
166,263
168,73
168,181
169,149
169,195
169,257
170,103
171,219
172,273
173,283
173,293
174,41
176,35
176,156
178,98
179,15
180,127
181,34
185,214
185,290
186,43
186,111
187,262
188,5
188,139
188,208
188,211
188,231
189,101
189,179
190,41
190,267
191,16
191,106
193,123
194,28
195,229
200,180
201,24
203,69
205,93
207,51
209,56
209,96
209,144
209,273
213,152
214,8
214,158
214,202
215,116
217,111
217,126
217,244
218,139
219,125
221,49
221,64
221,264
221,274
224,19
224,92
225,78
225,85
225,218
226,288
227,10
227,164
230,292
231,3
231,249
231,252
231,296
234,163
236,74
236,184
236,209
237,3
237,196
239,289
240,48
240,282
243,71
245,193
247,237
248,84
249,6
250,224
253,191
255,161
255,268
256,131
256,151
256,182
258,74
260,89
261,146
261,265
262,85
262,270
263,55
263,204
266,13
267,223
267,241
267,284
268,21
269,47
272,26
273,192
275,58
276,281
277,94
278,148
278,287
279,133
280,14
281,87
281,142
281,169
284,271
285,280
287,143
287,162
287,175
287,244
287,279
289,83
289,203
290,232
291,94
292,1
293,14
293,189
293,254
297,68
297,88
298,206
298,216
