source,target
0,136
3,40
3,47
3,290
4,93
4,152
5,295
6,208
6,223
8,5
10,53
13,155
15,77
20,280
21,22
23,268
24,66
24,287
26,32
27,43
28,213
29,6
29,25
29,170
30,31
30,39
31,232
32,44
32,237
33,177
36,189
37,110
37,199
37,262
38,108
38,253
38,256
41,133
41,196
41,282
42,11
42,255
43,18
43,191
45,198
46,59
46,138
48,151
51,235
52,163
52,172
52,234
55,298
56,209
57,231
58,212
59,153
62,241
64,156
64,221
66,71
66,118
66,127
67,113
70,131
71,96
71,99
72,133
74,182
75,65
75,270
77,140
77,288
78,41
79,48
81,253
82,105
82,187
82,224
83,19
83,27
84,9
84,17
84,124
87,86
87,281
88,73
88,106
88,218
90,233
92,87
95,56
96,176
96,180
96,186
96,217
100,68
100,149
101,78
101,208
102,112
102,278
103,210
104,84
104,116
107,260
108,206
108,257
108,259
109,91
109,160
109,244
112,94
113,57
119,169
123,50
123,199
124,117
125,81
128,22
128,82
128,238
130,254
131,54
134,214
135,239
136,164
137,158
138,185
138,273
138,278
139,62
141,35
141,264
142,64
142,193
142,267
144,44
144,242
145,0
146,194
146,260
147,204
148,98
150,48
150,51
150,215
150,265
154,100
154,204
154,297
157,283
158,2
158,171
159,59
160,116
161,123
163,166
164,63
164,137
164,243
165,49
165,62
165,97
166,16
167,149
169,18
169,291
172,7
172,69
173,222
173,284
173,296
174,240
175,129
175,159
175,163
176,114
178,118
181,4
181,85
182,258
183,101
184,15
184,28
184,293
187,179
188,139
189,46
189,76
190,38
190,271
194,185
195,79
196,20
197,121
197,131
198,88
198,100
200,37
201,267
202,142
202,173
202,192
202,236
203,220
205,299
206,21
206,246
207,184
207,206
209,80
210,119
212,21
213,46
213,152
213,162
213,202
213,275
214,34
214,83
215,1
215,227
215,263
216,82
216,245
217,150
217,154
220,10
221,132
221,285
225,135
225,176
228,224
229,89
229,154
229,155
232,12
232,201
232,233
233,274
237,209
237,211
237,229
241,122
242,115
247,14
247,219
248,112
249,120
249,166
250,117
252,143
253,126
254,240
254,289
255,61
255,144
256,60
261,252
262,74
262,165
262,251
263,14
263,124
263,200
264,157
264,207
266,63
266,148
266,161
267,53
267,299
268,181
269,137
270,165
271,292
272,158
276,297
277,88
279,8
280,103
281,51
281,168
285,24
285,33
286,13
289,197
289,234
290,61
290,294
291,111
291,141
291,143
291,226
295,92
298,113
298,145
299,230
