source,target
2,143
4,204
5,232
8,261
15,14
15,70
16,263
17,177
18,120
18,221
20,3
20,240
24,11
27,171
29,8
29,241
30,166
31,52
33,267
34,54
37,75
37,168
38,21
38,253
42,132
43,79
43,101
44,133
44,223
46,118
48,1
48,281
49,294
50,158
53,164
56,84
56,128
57,257
57,274
58,77
59,93
61,44
61,213
62,241
63,214
65,47
65,251
66,212
67,51
67,245
69,4
72,29
72,94
74,63
76,19
77,15
77,138
77,208
77,280
79,178
79,202
80,185
81,206
81,274
82,11
83,71
84,293
87,39
87,99
87,153
88,176
89,3
90,299
91,279
94,95
96,56
96,86
98,50
98,156
99,146
102,4
102,73
102,108
103,32
103,237
104,69
105,59
107,58
108,31
108,197
108,243
109,234
110,0
111,249
111,286
112,10
112,26
113,129
114,37
115,161
119,235
119,298
121,14
122,295
123,182
124,72
125,97
125,187
125,242
125,282
127,281
131,24
131,160
131,297
134,85
136,189
138,92
138,190
138,205
138,273
139,19
139,130
139,266
141,217
143,113
145,23
145,121
148,209
149,54
149,61
150,107
151,134
151,215
153,7
153,145
153,226
154,136
155,250
157,141
157,169
157,283
161,159
161,255
161,259
162,252
163,196
165,40
168,117
168,203
168,264
169,118
170,283
171,136
172,51
173,55
173,60
173,214
175,24
175,188
175,224
175,246
175,265
177,271
179,273
180,127
180,253
181,148
181,151
183,229
184,114
185,128
186,82
190,9
190,17
190,41
190,239
192,243
193,149
194,262
197,228
198,210
198,244
199,269
200,28
201,83
203,100
203,176
207,13
210,186
212,192
214,231
217,270
218,120
218,234
219,30
219,39
219,269
220,22
220,142
221,28
221,64
221,65
221,230
223,38
223,152
225,163
227,134
228,291
229,230
230,6
230,78
230,174
230,196
232,103
234,201
234,288
235,85
236,12
236,98
237,81
238,96
239,135
240,33
242,115
245,248
248,66
248,164
249,116
251,90
251,140
252,18
252,68
252,98
252,143
254,173
256,183
256,275
257,106
257,191
258,233
259,67
260,60
261,16
261,126
262,94
263,236
264,165
264,170
264,247
264,296
266,225
267,135
268,45
268,148
268,180
269,167
270,22
270,27
270,59
270,162
270,190
270,290
272,41
272,110
272,182
276,139
276,250
277,102
278,36
278,137
278,150
278,211
278,216
279,50
280,258
284,123
285,220
286,200
287,224
289,80
291,13
291,35
291,157
291,257
292,93
293,184
294,173
294,195
294,272
295,144
295,222
295,256
297,42
297,112
297,124
298,147
299,25
299,79
299,268
