source,target
0,34
0,130
0,232
2,225
4,45
4,131
4,149
5,79
6,7
6,239
6,249
6,262
11,233
11,257
13,22
13,155
14,81
18,58
19,201
20,177
21,100
22,46
22,94
22,170
22,260
24,288
25,146
27,82
29,8
29,95
31,75
31,124
31,139
31,289
34,126
35,121
38,129
38,186
40,3
40,128
41,213
41,226
42,10
42,109
42,145
43,163
44,219
48,155
49,40
50,23
50,285
51,25
51,179
53,37
55,159
56,125
56,141
57,168
58,101
58,110
59,284
60,93
61,88
61,185
62,44
63,31
63,37
66,231
67,270
68,19
68,76
69,52
71,154
72,149
72,231
72,252
72,295
74,114
74,200
77,98
77,293
80,220
80,271
82,56
82,216
86,70
86,161
87,153
87,158
88,162
88,224
88,281
89,112
90,23
91,271
91,288
93,169
93,276
96,6
96,180
97,233
99,67
99,208
100,129
100,250
101,43
101,189
102,194
103,16
103,52
103,64
105,189
106,287
107,57
107,77
107,204
109,33
112,36
113,150
115,258
115,294
117,199
117,248
119,53
120,298
121,112
121,244
123,2
123,206
125,0
125,272
125,275
125,283
125,292
127,118
128,5
128,240
129,73
130,269
131,259
132,55
133,20
133,93
133,291
134,111
135,47
136,61
138,80
143,175
144,207
144,278
145,193
145,210
148,74
148,177
150,143
150,215
151,133
151,265
153,164
154,117
154,118
156,98
157,166
160,136
162,234
163,42
163,85
164,227
166,13
166,92
169,28
171,27
171,161
173,296
175,235
176,212
177,196
178,181
179,274
182,39
182,123
183,77
184,9
184,15
184,280
186,205
188,79
188,223
188,258
188,298
189,228
189,245
191,38
192,153
195,263
197,169
198,279
200,253
202,142
202,165
202,178
203,83
204,65
204,173
204,197
206,32
207,54
207,286
209,17
209,131
210,63
210,147
211,146
212,192
213,48
213,134
216,81
216,187
217,96
217,178
217,203
218,255
219,49
220,30
221,19
221,251
222,159
223,151
223,236
225,148
226,152
229,12
229,237
233,214
234,24
234,41
234,102
234,116
235,171
236,12
238,114
238,230
238,268
239,1
241,108
242,299
243,104
243,142
244,167
244,181
245,140
246,122
246,206
247,135
248,243
249,29
250,277
251,195
253,18
253,135
253,192
254,245
255,39
255,103
256,26
256,254
256,282
257,99
260,221
261,290
261,292
263,55
263,124
263,137
264,247
264,266
267,25
267,241
269,182
270,160
273,138
277,239
278,158
279,188
280,209
282,172
284,84
284,230
285,196
288,190
289,78
289,217
289,241
292,174
295,272
297,24
299,106
299,268
