source,target
1,8
2,133
3,82
3,202
3,251
4,85
4,92
4,171
5,276
9,131
11,291
17,48
19,18
19,109
19,208
20,280
22,109
23,8
23,101
25,49
27,226
28,19
28,54
30,239
36,59
36,110
36,264
37,55
37,90
37,255
38,81
39,122
39,244
40,127
41,24
43,247
45,100
47,40
48,278
49,45
49,288
50,116
52,99
53,75
56,281
57,181
59,12
60,137
61,152
61,234
63,64
63,72
64,256
65,89
66,32
66,42
67,97
68,21
68,182
68,248
69,249
69,267
71,210
73,58
75,157
75,269
78,10
79,31
79,83
79,202
80,156
81,298
85,104
85,242
87,0
87,166
88,215
89,70
92,78
93,28
93,236
95,267
96,33
96,229
99,177
101,186
103,196
106,4
108,220
109,150
110,41
111,39
112,51
113,44
113,144
113,179
114,76
114,162
114,222
114,265
115,14
120,258
123,146
124,132
125,176
125,287
125,290
126,86
126,142
127,37
127,238
128,61
128,102
129,23
130,99
131,7
131,16
131,53
131,279
132,105
132,147
136,154
136,204
138,84
138,171
140,17
140,213
142,46
142,51
142,299
143,93
145,264
146,246
148,228
148,271
148,275
149,211
151,197
153,145
156,284
158,232
158,253
158,283
159,7
160,140
161,114
162,154
162,164
162,285
163,256
164,189
167,30
167,173
171,118
173,22
174,14
174,123
174,149
175,103
176,273
179,289
180,62
180,87
180,143
181,77
181,272
182,88
182,119
183,111
184,63
185,184
185,240
185,274
186,128
187,263
188,73
189,113
190,275
191,69
193,118
195,25
195,201
196,97
196,187
197,60
197,292
197,293
198,66
200,98
203,68
203,214
205,290
206,207
208,11
208,203
209,155
210,188
210,230
211,245
211,262
212,158
213,50
213,178
213,296
215,43
215,206
215,218
219,221
219,233
220,45
220,121
220,170
223,30
224,260
225,91
225,157
226,11
227,241
227,243
229,84
231,64
233,35
233,160
235,79
235,107
237,29
237,254
237,294
239,169
241,200
242,259
243,168
243,170
244,27
245,13
247,65
247,151
247,262
249,165
249,285
250,124
250,199
251,172
251,180
252,117
252,295
254,106
255,2
255,297
257,80
258,198
259,72
259,126
260,58
260,268
260,286
261,5
262,217
263,74
263,110
263,152
263,236
266,216
266,291
267,94
269,192
269,212
270,55
271,105
271,125
272,34
272,38
274,15
274,194
275,26
276,17
278,141
280,59
281,52
281,139
282,190
283,138
284,231
286,135
286,227
288,237
289,6
293,6
293,120
293,281
294,134
295,112
296,46
296,155
296,277
297,174
298,52
299,223
299,273
