source,target
3,34
3,225
4,52
4,166
5,174
6,270
8,131
8,193
9,192
11,64
12,20
12,87
12,132
12,299
15,42
15,166
15,274
17,15
17,161
18,6
19,260
19,288
21,246
22,153
22,190
22,247
23,194
23,210
23,264
25,113
25,281
26,74
27,4
27,134
27,202
31,51
32,58
35,85
35,275
36,238
36,244
37,49
37,204
39,289
40,70
44,181
45,7
45,282
46,159
46,231
47,257
49,241
51,160
53,84
53,264
54,142
56,128
57,14
57,217
59,2
61,175
63,133
63,170
63,228
65,16
65,255
66,35
66,38
66,71
67,269
70,99
71,195
72,22
72,165
72,278
76,53
77,38
78,213
79,142
80,105
82,187
83,62
83,227
85,24
85,59
85,207
86,112
87,5
88,1
91,68
91,158
91,254
91,285
93,237
95,183
95,184
97,141
98,25
100,23
100,248
101,21
102,168
102,277
103,50
104,156
106,139
107,9
107,220
108,279
110,27
110,140
112,28
112,235
114,78
114,90
116,47
117,94
118,65
121,180
122,168
123,52
128,104
128,256
128,268
129,234
130,274
131,164
132,229
133,258
134,169
136,70
141,60
141,89
141,178
143,23
143,273
144,7
147,177
148,19
148,291
149,199
151,43
152,43
152,92
152,252
153,75
153,216
154,8
155,209
156,162
157,13
157,246
158,157
158,240
160,140
162,31
163,3
166,203
168,96
168,145
168,200
169,117
170,179
172,39
173,11
174,55
176,212
177,157
177,164
177,169
177,201
178,98
178,259
179,0
179,146
180,3
180,251
181,115
183,124
184,103
184,119
188,136
188,249
189,84
189,181
191,69
191,127
192,55
193,10
193,271
196,187
197,125
198,62
198,116
198,146
198,148
199,109
199,137
199,256
205,33
205,210
208,247
209,149
209,206
210,171
210,186
211,41
211,81
211,291
212,103
212,215
214,82
214,288
215,143
217,262
219,1
219,60
221,30
221,48
222,188
224,68
226,287
230,24
233,90
233,147
234,239
235,191
236,73
237,197
239,151
239,263
240,111
241,32
241,198
242,261
244,72
245,88
245,138
246,294
247,105
249,126
250,226
253,95
253,223
254,120
255,45
255,54
255,284
259,150
260,126
260,167
260,242
261,172
262,0
262,243
263,175
263,236
263,253
264,191
264,293
266,100
267,29
267,93
269,117
269,279
270,165
272,221
273,110
274,185
275,26
275,36
276,99
276,125
278,56
278,218
279,106
280,102
281,122
281,298
282,176
283,280
284,159
286,132
287,48
287,266
288,87
288,135
288,163
289,238
290,171
291,232
291,265
292,97
294,182
295,174
296,216
297,292
298,11
298,250
