source,target
0,125
3,30
6,0
6,1
6,289
7,2
7,36
7,270
8,25
9,55
9,143
10,129
11,0
11,74
11,96
11,189
11,260
12,10
12,49
13,259
15,37
16,192
18,51
19,109
20,280
21,135
22,74
22,112
22,119
23,46
24,249
25,169
25,233
25,251
27,29
27,244
28,93
28,203
30,80
30,139
30,159
31,3
32,59
34,62
34,190
35,4
37,89
39,21
41,250
43,296
44,105
45,68
45,107
46,176
47,44
48,269
49,179
50,75
50,251
52,99
53,268
54,40
56,51
56,141
58,10
58,71
60,219
60,278
63,138
63,174
64,170
64,218
65,77
65,114
65,126
65,292
66,230
67,266
70,239
71,181
71,256
71,286
72,192
72,240
72,262
72,264
74,207
74,243
75,263
78,84
81,67
81,145
83,8
85,45
87,16
87,78
88,155
89,221
91,14
91,287
92,75
95,142
97,147
100,193
101,257
103,290
104,90
104,237
105,191
105,235
106,294
107,6
107,27
107,202
108,279
109,157
110,185
110,244
110,267
113,265
114,260
115,166
117,238
121,210
128,61
128,102
128,113
131,217
132,149
132,212
134,52
134,253
137,9
139,223
139,235
139,258
142,56
142,165
142,187
143,175
144,64
144,199
147,222
148,28
148,201
149,134
149,209
151,155
151,218
153,88
153,229
156,66
158,167
158,283
160,5
161,224
162,204
162,281
163,204
164,133
165,11
165,154
166,79
166,274
170,172
171,115
171,195
172,128
173,295
174,146
174,185
175,72
175,116
175,273
176,32
177,57
177,131
177,140
178,98
182,271
183,97
183,117
185,184
186,62
186,268
188,42
188,103
188,284
189,41
189,136
190,22
190,127
192,123
193,42
193,160
194,67
196,60
197,199
198,17
198,242
203,78
205,271
209,208
211,26
211,91
211,196
213,82
213,222
214,122
215,288
217,130
217,246
219,132
219,164
219,231
220,228
221,118
221,158
224,91
224,277
225,20
225,94
226,227
228,137
232,43
233,236
235,4
236,1
236,81
238,98
238,104
239,61
239,234
241,163
242,282
245,17
246,256
248,65
250,109
250,197
250,226
252,81
253,111
253,220
254,106
254,113
254,120
254,180
255,94
256,38
257,40
257,80
258,276
259,121
260,66
260,188
260,210
260,216
260,247
261,83
262,206
262,279
265,86
269,169
269,200
270,31
270,150
271,69
272,254
274,7
274,73
275,26
275,76
276,124
276,173
276,214
279,152
280,241
281,144
282,116
283,18
285,205
286,162
288,285
291,33
291,63
293,229
294,161
294,213
294,249
295,59
295,168
295,213
296,13
297,58
297,182
298,126
299,21
299,145
