source,target
3,94
3,241
3,251
3,288
4,31
4,280
6,19
7,53
7,291
8,121
9,193
10,23
11,113
11,250
13,146
13,249
14,201
15,120
15,188
17,116
18,266
19,244
21,237
22,220
23,223
23,272
24,159
24,168
24,269
24,276
25,49
26,275
27,0
27,35
27,72
28,292
29,93
29,143
30,205
31,9
31,15
31,171
33,90
33,117
34,194
36,59
37,114
38,270
39,246
39,283
40,76
40,147
43,262
44,66
44,102
44,156
45,293
46,281
47,257
48,252
49,62
49,225
50,294
51,20
51,44
51,166
55,115
57,203
58,36
59,175
59,232
60,124
60,183
61,50
62,66
63,291
63,299
64,135
65,100
65,292
67,88
67,161
68,57
69,112
69,236
70,133
70,189
70,200
70,286
73,91
74,153
75,9
78,92
78,213
78,260
79,30
80,77
80,169
80,202
83,163
84,40
84,42
84,265
85,224
85,261
87,27
87,251
91,12
91,272
94,39
95,290
96,149
97,69
97,75
98,276
99,70
103,81
104,186
104,198
105,3
105,190
105,211
105,221
105,235
109,92
110,174
110,274
113,258
115,175
116,25
116,37
116,167
117,84
118,249
119,247
119,298
121,228
122,56
125,210
128,104
128,148
129,14
129,170
130,264
131,16
131,47
132,46
132,202
133,41
133,180
138,63
138,135
139,11
139,144
147,37
147,222
148,253
149,104
149,263
151,111
152,159
152,296
153,33
154,130
155,192
155,277
156,4
156,204
158,124
158,145
158,196
159,103
160,137
161,73
161,172
162,131
162,136
164,107
164,112
164,127
165,8
165,95
168,82
168,122
171,125
173,52
173,295
174,134
177,157
179,110
184,119
184,208
185,126
186,182
187,239
188,106
189,118
189,226
189,297
190,289
191,12
191,178
196,1
196,17
199,228
200,101
201,177
201,195
201,240
203,142
203,184
206,96
207,139
210,231
212,109
214,288
215,1
215,181
216,42
217,221
217,260
219,100
220,243
221,219
223,58
223,85
223,111
227,204
230,61
232,174
232,256
233,122
233,164
237,167
241,71
242,45
242,230
242,282
243,261
244,178
245,13
246,86
246,155
247,262
248,7
249,285
252,51
252,143
253,97
254,176
254,181
255,189
256,38
256,128
256,209
257,34
257,80
257,108
257,229
259,197
261,32
264,185
266,82
267,141
267,206
268,87
268,177
268,284
270,150
270,163
271,188
271,259
273,6
275,65
277,102
277,123
278,89
278,224
279,27
281,48
281,187
286,2
286,5
286,79
286,105
286,113
287,165
290,10
291,218
294,215
295,22
296,234
296,238
298,26
298,140
298,160
298,185
299,54
299,85
