source,target
0,29
0,166
0,264
0,293
3,34
3,180
4,52
4,205
5,265
5,298
6,244
8,16
8,288
9,143
9,181
10,251
12,133
13,259
14,177
15,210
17,104
19,0
19,47
21,78
22,206
22,236
25,288
30,11
31,12
31,163
32,16
32,144
32,253
32,274
33,64
34,282
35,75
35,250
38,27
40,2
41,39
41,145
43,157
44,84
45,1
48,67
48,113
49,116
51,31
51,115
52,110
52,123
52,287
54,255
55,228
57,270
59,91
59,272
60,165
60,173
60,252
62,58
62,225
64,17
65,296
66,161
68,98
69,281
70,18
70,189
70,193
70,270
71,23
71,101
72,172
72,297
73,185
74,146
76,70
76,99
76,282
77,20
79,42
80,107
81,38
82,231
85,40
85,131
87,164
87,280
87,286
88,149
88,267
89,63
89,132
90,79
91,141
91,176
91,279
93,267
94,171
96,56
103,36
103,88
104,90
104,111
105,159
106,73
106,128
108,207
109,150
109,183
110,196
110,273
111,117
112,22
112,107
114,101
116,69
117,209
117,252
118,24
118,191
119,230
121,8
122,168
123,61
123,124
123,266
125,295
127,23
127,83
129,47
130,18
131,44
132,86
132,135
135,235
137,167
139,278
142,46
142,60
142,187
144,139
145,33
145,197
146,109
148,198
149,96
149,211
150,95
150,244
150,253
151,43
151,155
152,291
153,53
154,120
156,106
159,194
163,4
163,162
165,28
165,221
165,251
166,120
167,30
168,58
169,136
170,229
171,195
174,183
175,192
175,213
181,85
182,68
185,126
185,274
186,156
186,210
187,263
188,83
188,292
189,241
190,299
191,199
192,108
192,134
192,226
194,7
194,19
195,166
198,12
198,92
198,258
199,1
199,26
199,110
200,170
200,256
201,169
201,217
203,193
204,102
205,87
205,290
206,151
206,223
207,20
207,89
211,74
213,138
213,277
215,247
216,99
216,153
217,44
217,262
218,125
219,160
221,152
221,219
221,229
222,68
222,148
223,37
223,41
223,296
224,249
225,32
227,27
227,35
227,37
229,257
231,190
232,36
232,48
232,97
233,63
234,213
235,105
238,75
239,119
239,134
240,158
240,188
241,227
242,285
243,21
243,96
245,155
246,293
247,151
248,220
249,142
249,167
251,202
254,176
255,35
255,177
259,97
261,55
261,103
263,178
263,179
264,9
264,100
264,237
265,59
268,51
268,102
269,224
270,284
271,67
271,294
274,66
275,6
276,212
276,239
278,218
278,260
279,169
281,50
281,240
283,81
287,28
288,147
289,14
291,175
291,248
292,182
295,72
295,184
295,208
297,269
297,285
298,140
298,214
299,187
