source,target
2,169
3,44
3,189
4,1
4,205
6,80
6,289
7,5
11,180
11,278
12,42
13,263
14,23
14,196
16,107
16,137
16,254
17,140
18,176
22,68
22,168
22,243
23,125
24,216
24,218
25,32
25,114
28,6
29,237
30,142
30,158
32,99
32,199
33,154
34,164
35,38
35,181
36,129
36,259
36,275
38,161
39,238
45,1
45,299
48,295
51,17
51,56
53,10
53,293
54,264
55,71
56,88
56,223
57,9
57,201
61,52
62,34
62,210
63,193
65,33
65,207
67,185
67,256
74,153
75,149
76,151
76,212
78,21
78,260
80,9
81,296
83,112
83,184
84,40
84,250
85,123
88,152
89,96
90,283
91,145
92,150
93,160
95,15
95,125
95,290
96,104
96,229
98,66
98,202
100,72
100,173
101,204
102,111
102,128
104,27
104,128
104,198
104,206
106,97
107,176
107,181
110,93
110,133
113,203
114,270
115,190
116,28
117,74
117,222
118,80
118,84
122,172
123,60
123,119
123,226
126,219
127,45
129,234
131,8
131,90
131,102
131,265
132,16
133,257
133,266
134,41
136,47
136,101
136,225
142,105
142,216
142,258
144,64
145,75
145,108
145,168
148,165
150,130
150,220
151,247
156,202
158,41
158,64
159,46
161,72
161,94
161,213
161,268
162,0
163,208
163,280
164,191
165,15
166,127
166,171
167,146
168,298
169,177
170,153
171,70
171,200
174,18
174,19
174,97
174,264
175,157
176,46
177,197
178,89
178,253
179,106
182,65
183,50
183,73
183,155
183,185
183,245
184,61
184,99
184,124
184,224
188,20
188,65
188,136
189,135
189,217
189,290
191,162
192,288
193,42
194,276
195,25
195,186
197,155
198,215
199,157
200,241
202,49
203,187
203,214
203,249
204,77
204,251
205,139
206,287
208,179
211,240
213,167
215,36
215,58
215,277
216,209
217,76
217,246
219,100
220,228
223,29
223,117
226,188
227,195
228,55
228,255
230,79
230,143
231,7
231,26
231,82
231,190
232,86
233,147
235,135
236,69
236,253
237,231
239,35
240,224
240,269
241,37
243,5
243,81
244,163
245,43
247,22
247,73
247,103
247,261
248,66
249,69
250,59
250,211
250,281
251,51
251,233
252,85
253,156
253,292
255,39
257,27
258,11
258,120
260,291
262,74
262,232
263,143
264,122
266,282
267,95
268,284
269,221
269,238
269,252
271,205
272,31
272,121
273,116
274,194
276,213
277,109
277,239
278,230
279,144
281,162
284,24
284,87
285,158
286,2
288,210
291,141
291,246
293,126
293,138
294,91
295,121
295,174
295,242
296,30
296,193
297,114
299,3
