source,target
2,51
4,47
4,58
6,49
6,65
6,90
7,13
7,67
8,74
10,0
10,18
10,86
11,42
11,70
12,80
14,22
19,60
21,38
21,93
23,19
23,50
24,13
25,59
25,66
26,15
26,72
26,91
28,31
28,69
28,95
28,97
29,34
29,40
32,36
32,79
33,26
34,56
36,21
37,31
39,83
41,15
42,55
43,96
46,53
47,30
48,6
49,59
52,36
57,8
57,44
57,69
57,71
58,20
59,3
60,7
60,30
60,62
61,65
61,89
64,4
64,9
64,11
64,49
67,2
67,57
70,68
72,78
72,87
73,33
76,39
77,61
78,1
78,32
78,63
79,81
80,27
80,34
80,39
80,97
81,5
81,12
81,16
82,21
82,22
82,35
84,70
86,42
91,54
91,75
91,85
94,45
94,84
95,46
96,52
96,92
97,17
98,88
99,14
99,88
