source,target
0,8
0,10
2,51
3,43
6,65
7,13
7,64
7,81
8,5
8,82
9,4
9,19
10,18
10,25
11,74
12,56
12,71
15,26
17,85
19,11
19,34
19,39
19,50
19,60
21,14
21,77
22,21
23,64
24,56
26,42
29,38
29,40
30,47
30,98
31,12
31,32
32,17
32,49
33,46
34,1
35,59
35,80
35,82
36,16
36,83
37,24
41,66
42,33
44,48
44,52
45,5
45,94
48,53
48,69
49,96
54,68
54,91
57,75
58,4
59,7
60,2
60,41
62,84
65,35
65,42
65,72
66,30
66,89
67,16
68,63
68,72
69,57
70,10
70,55
70,78
71,9
71,88
73,93
75,43
75,73
75,91
76,95
77,61
77,88
79,33
80,27
81,36
83,76
84,87
86,20
86,22
87,11
90,70
92,90
94,38
95,28
95,97
97,99
98,6
