source,target
0,5
0,79
2,51
2,60
3,43
5,8
7,81
8,72
9,39
10,18
10,46
11,87
13,7
14,21
14,62
14,99
19,23
19,92
19,95
24,13
25,32
26,65
28,69
29,25
30,85
30,88
31,12
32,97
33,73
34,42
34,56
35,0
36,52
36,82
36,94
37,31
38,44
40,29
41,65
41,86
42,10
43,58
43,75
44,92
47,90
48,22
48,54
49,96
50,9
50,45
52,19
52,28
53,41
54,16
55,70
56,12
56,27
59,49
61,41
61,77
61,89
63,55
64,11
64,90
65,6
66,10
66,68
67,2
67,84
68,48
73,56
75,57
76,71
78,1
78,47
80,3
81,5
81,36
81,75
82,22
83,82
86,20
87,4
87,35
87,84
87,93
88,50
88,71
89,15
89,66
91,26
91,74
95,17
95,76
96,91
97,28
97,63
99,39
99,98
