source,target
0,26
1,78
4,9
5,8
7,13
7,64
7,79
8,74
10,70
10,86
11,47
12,80
16,66
16,94
17,81
18,86
19,44
20,58
20,96
21,77
22,82
24,13
25,29
26,6
29,40
30,39
30,57
32,17
32,31
32,49
33,75
34,29
34,63
35,98
36,21
37,32
39,80
41,49
42,3
42,34
42,59
42,60
44,9
44,52
45,94
46,95
48,22
48,27
50,99
51,2
52,14
52,97
54,16
54,91
55,42
56,12
56,43
60,2
60,67
64,23
64,65
64,71
65,53
65,61
65,72
66,55
67,62
67,90
68,19
69,46
70,84
71,39
71,92
72,68
72,78
72,87
73,56
74,91
75,69
76,83
81,85
82,35
82,83
85,28
87,93
88,41
89,15
91,15
93,21
94,38
95,27
96,50
96,70
97,11
97,28
97,54
98,6
98,88
99,4
