source,target
3,43
3,77
5,16
7,3
7,13
8,26
11,31
11,97
13,51
14,99
16,66
16,90
17,63
17,85
19,52
19,78
20,49
22,14
23,6
23,35
25,32
26,0
26,89
27,56
28,31
29,34
29,40
29,93
30,62
37,13
38,55
39,9
39,36
41,10
41,15
41,86
42,59
45,6
46,33
47,74
49,32
50,4
50,9
53,46
53,98
54,91
55,70
56,24
56,73
56,79
57,8
58,0
59,7
59,95
60,2
60,23
60,67
64,4
64,18
64,65
65,87
68,42
69,75
71,12
71,64
71,92
72,87
74,11
75,5
75,85
77,53
78,1
78,68
78,81
79,47
82,80
83,12
83,76
84,20
84,94
86,20
86,22
88,30
88,41
88,61
89,21
89,37
90,57
90,64
90,70
91,82
93,69
96,48
96,52
97,38
97,44
97,80
98,88
99,60
