source,target
3,59
3,77
4,23
8,17
8,72
9,71
10,66
11,37
11,47
12,80
13,7
13,24
14,62
15,35
16,76
16,79
17,95
18,49
18,64
19,11
19,60
20,1
21,29
22,81
23,64
26,6
27,56
28,31
29,40
30,15
30,85
31,12
33,4
33,26
33,98
34,29
34,59
34,63
34,68
39,9
39,36
39,76
39,83
41,20
45,5
45,27
45,94
46,10
46,33
47,53
49,41
49,96
50,9
50,45
51,2
51,13
52,14
52,44
55,63
56,26
56,73
57,44
58,43
58,93
59,95
60,2
60,46
61,77
62,65
63,78
65,30
65,87
67,90
68,19
68,42
68,48
69,28
70,10
74,11
75,69
75,81
80,82
80,97
84,67
86,18
87,84
88,99
89,38
89,61
90,1
90,32
91,54
91,96
92,75
93,25
93,52
97,57
98,0
99,39
