source,target
0,79
0,87
4,61
5,9
5,87
6,26
7,3
8,17
9,83
11,42
12,7
12,31
12,56
15,65
17,86
18,43
19,1
19,50
21,14
21,22
21,29
23,35
23,48
23,96
24,56
26,45
28,72
28,85
32,37
33,4
33,98
35,69
36,81
38,21
38,97
39,71
40,29
41,49
41,57
44,27
44,38
46,10
46,13
46,53
46,80
48,97
49,32
50,26
50,96
51,2
52,6
54,91
56,25
56,34
57,44
59,46
60,2
60,22
60,30
60,46
61,77
63,82
65,35
65,62
67,62
68,39
70,7
70,55
70,90
71,16
71,41
72,0
73,92
77,53
78,68
79,47
80,66
81,5
83,23
83,76
84,20
84,70
86,18
87,11
88,64
90,36
91,74
91,89
92,19
92,75
93,52
93,58
93,82
94,16
96,43
96,64
97,54
97,95
98,99
