source,target
0,5
0,10
0,98
1,95
2,13
2,51
4,58
6,45
6,65
8,72
8,74
11,87
13,46
15,37
16,36
17,8
17,44
18,88
19,52
22,14
22,44
25,56
26,80
28,31
29,93
30,67
32,17
33,23
33,73
33,79
34,66
35,82
37,11
37,24
38,89
39,23
39,80
40,29
42,34
43,75
44,48
45,50
46,19
47,90
48,27
49,32
49,83
54,48
55,42
57,71
57,97
60,46
60,64
62,14
62,84
63,55
63,68
64,7
64,18
64,65
64,90
65,53
66,16
66,41
69,60
70,69
70,78
70,95
71,9
71,12
71,39
73,56
74,96
75,33
75,85
75,91
76,3
77,21
79,70
79,76
80,66
81,22
82,41
84,20
86,10
87,0
87,4
88,77
89,26
89,61
93,25
94,16
94,31
95,59
96,43
96,92
98,30
98,88
98,99
