source,target
0,58
1,90
1,95
4,61
4,88
5,81
6,9
7,3
7,79
8,5
9,19
9,39
9,71
10,25
10,41
11,87
12,31
13,2
13,24
13,51
14,21
15,37
16,7
17,63
19,78
19,79
21,77
22,61
26,45
27,48
27,80
28,95
31,36
32,96
33,42
34,3
34,29
34,56
34,68
35,23
35,65
35,82
37,13
40,29
41,16
42,10
42,55
43,18
43,59
44,22
44,38
44,57
44,92
44,96
45,94
47,76
48,44
48,69
49,20
49,32
50,64
52,97
53,46
53,98
56,26
56,27
57,75
58,43
59,31
59,34
59,83
60,30
60,99
62,67
64,71
65,26
65,87
66,25
67,2
67,60
68,54
70,11
72,8
73,33
74,47
75,74
75,85
75,91
77,53
81,75
85,30
86,18
87,84
87,93
89,15
90,57
95,17
96,52
98,0
