source,target
1,20
1,28
2,51
4,9
4,15
7,79
8,82
10,66
13,7
14,99
15,37
16,43
17,63
19,11
20,86
21,14
21,38
21,77
21,89
21,93
22,60
22,61
22,97
23,19
23,83
24,37
24,56
26,45
26,72
30,62
32,78
33,73
33,79
34,68
34,78
35,0
35,15
35,23
36,81
38,29
39,31
40,29
42,69
42,89
43,3
43,58
43,75
45,5
46,10
47,4
47,74
48,97
49,42
50,26
50,87
51,13
52,14
53,49
56,27
57,44
59,25
59,46
59,95
61,50
63,35
64,96
66,30
66,68
66,76
68,54
70,55
70,84
71,12
72,8
72,65
76,16
76,47
77,88
81,7
81,12
82,36
82,41
82,83
84,67
84,87
85,17
86,22
88,18
88,98
90,75
94,45
96,44
96,74
96,91
96,92
97,80
98,6
98,60
99,39
